deralbert@Albert-BigPC:~/BA/urdf2casadi/ur5e$ python3 ./ur5_example.py 
name of first joint: shoulder_pan_joint 

joint information for first joint:
 axis:
- 0.0
- 0.0
- 1.0
calibration: None
child: shoulder_link
dynamics:
  damping: 0.0
  friction: 0.0
limit:
  effort: 150.0
  lower: -6.28318530718
  upper: 6.28318530718
  velocity: 3.14
mimic: None
name: shoulder_pan_joint
origin:
  rpy:
  - 0.0
  - 0.0
  - 0.0
  xyz:
  - 0.0
  - 0.0
  - 0.163
parent: base_link
safety_controller: None
type: revolute

 q max: [6.28318530718, 6.28318530718, 3.14159265359, 6.28318530718, 6.28318530718, 6.28318530718]

 q min: [-6.28318530718, -6.28318530718, -3.14159265359, -6.28318530718, -6.28318530718, -6.28318530718]
Numerical Inertia Matrx for random input: 
 
[[1.30503, 0.165022, 0.122626, -0.0103221, -0.00353793, 8.64277e-05], 
 [0.165022, 1.62382, 0.340009, 0.0238355, -0.000582412, 2.32958e-05], 
 [0.122626, 0.340009, 0.454305, -0.0237148, 0.000647728, 2.32958e-05], 
 [-0.0103221, 0.0238355, -0.0237148, 0.0203475, -0.000329554, 2.32958e-05], 
 [-0.00353793, -0.000582412, 0.000647728, -0.000329554, 0.00343813, 0], 
 [8.64277e-05, 2.32958e-05, 2.32958e-05, 2.32958e-05, 0, 9.89041e-05]]

Numerical Coriolis term for random input: 
 [23.6276, -3.16755, -18.3725, 2.18111, -0.193308, 0.000993537]

Numerical gravity term for random input: 
 [-4.44089e-16, 33.7175, -4.0023, 1.18053, -0.0300986, 0]
Numerical inverse dynamics: 
 [-3.60986, 2.89555, 0.161239, 0.194463, 0.00211895, -0.000369312]

Numerical inverse dynamics w/ gravity: 
 [-3.60986, -21.8201, 13.3052, 0.921003, 0.0771067, -0.000369312]
Numerical inverse dynamics: 
 [6.15515, 9.78597, -12.6279, 43.3249, -18.8436, 2.86324]

Numerical inverse dynamics w/ gravity: 
 [8.55662, 32.7771, -40.8851, 7.51475, -19.8895, -18.5993]
[qs_0, qs_1, qs_2, qs_3, qs_4, qs_5, qsdot_0, qsdot_1, qsdot_2, qsdot_3, qsdot_4, qsdot_5, qsddot_0, qsddot_1, qsddot_2, qsddot_3, qsddot_4, qsddot_5]

[[00, 3.84263, 1.67632, -0.0535396, -0.00445282, -0.000347446, -1.16627, -0.814936, -0.457789, -0.0165882, -0.00606472, 0.000148444, 0.448539, 0.453367, 0.111928, -0.0191224, 0.00378644, -1.17447e-05], 
 [00, -1.81916, -2.96195, 0.631751, -0.0713356, -5.77916e-05, 0.969267, -1.04052, -2.05535, -0.0802784, -0.0258823, -0.000122671, 0.453367, 2.4171, 0.736761, -0.0802562, 0.0048368, 5.34381e-05], 
 [00, -0.878427, -0.673071, 0.0306855, -0.0324291, -5.77916e-05, 0.182369, 0.951568, -0.063264, -0.19854, 0.000565253, -0.000122671, 0.111928, 0.736761, 0.454526, -0.0237304, 0.00181189, 5.34381e-05], 
 [00, 0.082618, -0.00293168, -0.294905, 0.0206166, -5.77916e-05, -0.0102368, 0.0959911, 0.136335, 0.00105841, 0.00735092, -0.000122671, -0.0191224, -0.0802562, -0.0237304, 0.0200952, -0.000770034, 5.34381e-05], 
 [00, -0.0117559, -0.0173023, 0.00271249, 0.0149414, -0.000286151, 0.024539, 0.00862733, -0.00286065, -0.00491977, -3.02006e-05, 0.000161172, 0.00378644, 0.0048368, 0.00181189, -0.000770034, 0.00341975, 00], 
 [00, 0.000211383, 0.000211383, 0.000211383, -0.000323741, 0.000351341, 0.000330826, -4.37788e-05, -4.37788e-05, -4.37788e-05, -0.000161172, 00, -1.17447e-05, 5.34381e-05, 5.34381e-05, 5.34381e-05, 00, 9.89041e-05]]

[[00, 3.84263, 1.67632, -0.0535396, -0.00445282, -0.000347446], 
 [00, -1.81916, -2.96195, 0.631751, -0.0713356, -5.77916e-05], 
 [00, -0.878427, -0.673071, 0.0306855, -0.0324291, -5.77916e-05], 
 [00, 0.082618, -0.00293168, -0.294905, 0.0206166, -5.77916e-05], 
 [00, -0.0117559, -0.0173023, 0.00271249, 0.0149414, -0.000286151], 
 [00, 0.000211383, 0.000211383, 0.000211383, -0.000323741, 0.000351341]]
[3.9976, -2.92179, 0.600625, -0.068015, 0.0269114, 0.000947539]
[5.46061, -4.22076, -1.5533, -0.19466, -0.0116904, 0.000661747]