%time,field.frameNumber,field.x_m,field.y_m,field.z_m
1690209697620264408,681868,0.4195403829710873,0.07887944880423371,0.0
1690209697620853523,681868,0.419571976985662,0.07888940448330443,0.0
1690209697620941029,681868,0.41953362733924626,0.07896987413431499,0.0
1690209697621105223,681868,0.41954914005883864,0.07901505088126336,0.0
1690209697621245911,681868,0.41947993449005727,0.0791165269772904,0.0
1690209697621410157,681868,0.419481113729966,0.07915047823744809,0.0
1690209697621426326,681868,0.4193932000923722,0.07921729089751955,0.0
1690209697621449198,681868,0.4193359594407001,0.07927701834095043,0.0
1690209697621459271,681868,0.41927430186903214,0.07927946634558423,0.0
1690209697621465235,681868,0.4191835633239608,0.07934224486561234,0.0
1690209697630230830,681869,0.4191651333075336,0.07928313548410683,0.0
1690209697632029174,681869,0.41918355031245563,0.07925978613756204,0.0
1690209697632452178,681869,0.4192496883937231,0.07917064523506018,0.0
1690209697632479144,681869,0.4192345918542987,0.07913981351646901,0.0
1690209697632545010,681869,0.4193089209543813,0.07904019529059086,0.0
1690209697632849065,681869,0.41936398213664217,0.07895496191846418,0.0
1690209697632922693,681869,0.4195335064013324,0.07881500857133152,0.0
1690209697633315610,681869,0.41953201454048134,0.07877338526614737,0.0
1690209697633325543,681869,0.41956944772227334,0.07876971860641356,0.0
1690209697633351961,681869,0.4196733233110209,0.07865501751992343,0.0
1690209697637884117,681870,0.4197549803268099,0.07857338335648574,0.0
1690209697638165066,681870,0.41979341158071304,0.07857223368365088,0.0
1690209697638871258,681870,0.4197408038717569,0.07864387654856465,0.0
1690209697638986660,681870,0.4198076230023513,0.0785729625289591,0.0
1690209697639187263,681870,0.41977854657694036,0.07863510638332538,0.0
1690209697639470307,681870,0.4198142328599561,0.07862231158234767,0.0
1690209697639481222,681870,0.4198040171263373,0.07862710971567075,0.0
1690209697639489779,681870,0.4197569205904532,0.07865568874418795,0.0
1690209697639499533,681870,0.419705669254404,0.0787219983317121,0.0
1690209697639506724,681870,0.4197059584111805,0.07872880928522949,0.0
1690209697645794984,681871,0.4196270393680935,0.0787752803746585,0.0
1690209697646890780,681871,0.4195462058205625,0.07884128032483134,0.0
1690209697647374572,681871,0.41950054470786957,0.07886210534552451,0.0
1690209697647555271,681871,0.41952135799963275,0.07887760230448987,0.0
1690209697647566956,681871,0.41951293850061716,0.0788888715293175,0.0
1690209697647580572,681871,0.4194268413141394,0.07899197312378436,0.0
1690209697647589749,681871,0.4194808542137427,0.07897226378307656,0.0
1690209697647596507,681871,0.41951138208641914,0.0790014938515212,0.0
1690209697647603069,681871,0.4195201215597119,0.07904406520203784,0.0
1690209697647625028,681871,0.41946253165249664,0.07915144551945899,0.0
1690209697654175314,681872,0.4194541620300604,0.07916834965533943,0.0
1690209697655200734,681872,0.4194655895969106,0.0791739118611406,0.0
1690209697655411403,681872,0.4194180651706098,0.07926543782086652,0.0
1690209697655774633,681872,0.41935869853343927,0.07936488145951205,0.0
1690209697655788866,681872,0.4193080720552472,0.0794053258744361,0.0
1690209697655800457,681872,0.4192622469296984,0.0793899015418822,0.0
1690209697655810095,681872,0.41925794838625574,0.07943870761221478,0.0
1690209697655817848,681872,0.4192545666453072,0.07942926857920092,0.0
1690209697655822073,681872,0.4192193645573342,0.07943223743493992,0.0
1690209697655837581,681872,0.4191705799499483,0.07944730792855113,0.0
1690209697662008258,681873,0.4192023168379364,0.07941007584440875,0.0
1690209697662894577,681873,0.4193078696585284,0.07931155421803333,0.0
1690209697663073131,681873,0.4192587484418701,0.07932398128680557,0.0
1690209697663322760,681873,0.41927335988162573,0.07929115564912259,0.0
1690209697663333219,681873,0.419345594808746,0.07918228573270228,0.0
1690209697663655757,681873,0.41939567081411877,0.07913299302774512,0.0
1690209697663784739,681873,0.4193830623279574,0.07914817201777986,0.0
1690209697664086263,681873,0.41937712693661466,0.07917576737382992,0.0
1690209697664102849,681873,0.41944975448509675,0.07910267959418223,0.0
1690209697664110797,681873,0.4195000949634958,0.07906192958092806,0.0
1690209697671789073,681874,0.41952782882353995,0.07906515578583816,0.0
1690209697672811321,681874,0.4195500579685416,0.07907372772603331,0.0
1690209697673002344,681874,0.4195957687622884,0.07898253663314792,0.0
1690209697673122088,681874,0.4195532973761125,0.07903288405969906,0.0
1690209697673483323,681874,0.41957311604655295,0.07907263612808736,0.0
1690209697673497051,681874,0.41956266574850104,0.07903528134413182,0.0
1690209697673505525,681874,0.41951062572928854,0.07908389188562878,0.0
1690209697673521030,681874,0.4194561638004753,0.07915942506379973,0.0
1690209697673552242,681874,0.419540086425047,0.07909737812147011,0.0
1690209697673564245,681874,0.4195217112704722,0.07912403320465794,0.0
1690209697679920611,681875,0.41941446433039087,0.07923803865787282,0.0
1690209697680219311,681875,0.41946621854859667,0.07918995663758222,0.0
1690209697681082566,681875,0.41949097447871164,0.07916877859509482,0.0
1690209697681267600,681875,0.4194726997105293,0.07920127832299327,0.0
1690209697681514746,681875,0.41940380237279173,0.07925831107517803,0.0
1690209697681526225,681875,0.4194399397934448,0.0792143836537702,0.0
1690209697681534988,681875,0.4194751181936828,0.07913803325351328,0.0
1690209697681547166,681875,0.41944679054630823,0.07917142980738393,0.0
1690209697681558046,681875,0.41944122202534506,0.07920760439071187,0.0
1690209697681572713,681875,0.4194326959636512,0.07917767276596813,0.0
1690209697689647155,681876,0.4194157386679517,0.0791609871926142,0.0
1690209697691049163,681876,0.4194129266003966,0.07919259371073359,0.0
1690209697691148393,681876,0.4195092011948794,0.0791203662536974,0.0
1690209697691634012,681876,0.41950667104776274,0.07910438322247386,0.0
1690209697691790168,681876,0.4194123903010035,0.07924549483838153,0.0
1690209697691806539,681876,0.4194784064188822,0.07919951337843709,0.0
1690209697691825229,681876,0.4195186762309282,0.0791718851124547,0.0
1690209697691844982,681876,0.4194238383219287,0.07928650903280278,0.0
1690209697691863712,681876,0.4193613303405328,0.07930753090120263,0.0
1690209697691889428,681876,0.4193982318231968,0.07927680567346204,0.0
1690209697697277276,681877,0.4193321270269368,0.07934119247998435,0.0
1690209697697622463,681877,0.41927244343530945,0.0793996448812437,0.0
1690209697697796306,681877,0.41926022507268423,0.07939849180731753,0.0
1690209697698012417,681877,0.41919004955190053,0.07946280877057774,0.0
1690209697698023206,681877,0.4192710983631741,0.0793645824682217,0.0
1690209697698041114,681877,0.4192480423157696,0.07939781515273696,0.0
1690209697698049236,681877,0.4193012234760363,0.0793992705792527,0.0
1690209697698056747,681877,0.41932165483885686,0.07931707778132353,0.0
1690209697698065878,681877,0.41934375271105295,0.07932975099872311,0.0
1690209697698085791,681877,0.41937610398358416,0.07936881733184512,0.0
1690209697704112092,681878,0.4194191433059654,0.07928840899395945,0.0
1690209697704681464,681878,0.41935658550451127,0.07931936043131414,0.0
1690209697704959011,681878,0.419304736645829,0.07939817800205648,0.0
1690209697704999028,681878,0.41945094088924184,0.07926380362731793,0.0
1690209697705006223,681878,0.41941520347208183,0.07929644353935394,0.0
1690209697705015257,681878,0.4193590414148449,0.07934366380260023,0.0
1690209697705027742,681878,0.4193763913342394,0.07931161435547425,0.0
1690209697705039746,681878,0.41940185875198127,0.07927564467066825,0.0
1690209697705049906,681878,0.41938160699848365,0.07929888771003189,0.0
1690209697705085733,681878,0.41931836191171945,0.07931519189746579,0.0
1690209697712519687,681879,0.4193540073549502,0.07928084936070713,0.0
1690209697712900993,681879,0.4194052535908329,0.07917960107555519,0.0
1690209697713869307,681879,0.4193727664808885,0.07920661481740185,0.0
1690209697714020637,681879,0.4193585286245988,0.07925287957363772,0.0
1690209697714462163,681879,0.4193667265605481,0.07921021033672443,0.0
1690209697714486780,681879,0.41941255400911526,0.07914265228927866,0.0
1690209697714510888,681879,0.4194220919456898,0.0791585602268242,0.0
1690209697714525734,681879,0.4195203236040351,0.0790985396846994,0.0
1690209697714539787,681879,0.41951400915423365,0.07905490918123342,0.0
1690209697714549977,681879,0.4194697961789542,0.07911855075955698,0.0
1690209697720174074,681880,0.4195228870135588,0.07907710468246865,0.0
1690209697720479816,681880,0.41956135478651374,0.07914184583855711,0.0
1690209697720738225,681880,0.41951293113400756,0.0792094027455143,0.0
1690209697721392213,681880,0.4194726114477062,0.07924901331545113,0.0
1690209697721816922,681880,0.4195154463972969,0.07926819947675909,0.0
1690209697721901210,681880,0.41944523216641555,0.07935082874926183,0.0
1690209697722109211,681880,0.41941343882557036,0.07941315221416,0.0
1690209697722123282,681880,0.41916451922601183,0.0796492605318004,0.0
1690209697722132016,681880,0.41913465865953525,0.07969933112501579,0.0
1690209697722139099,681880,0.4191073727140794,0.07965122203364793,0.0
1690209697728855145,681881,0.4189706166833591,0.07980447640500647,0.0
1690209697729468180,681881,0.4189310909441867,0.079821005093575,0.0
1690209697729701944,681881,0.41890154088777504,0.07977032319534313,0.0
1690209697730082682,681881,0.41892274000099433,0.07977364914898481,0.0
1690209697730230374,681881,0.4188971045528319,0.0798155748848367,0.0
1690209697730595758,681881,0.41904821742938164,0.0796583826525463,0.0
1690209697730611659,681881,0.41901278271667125,0.07969370425050727,0.0
1690209697730622407,681881,0.419099860144416,0.07963668393915636,0.0
1690209697730640068,681881,0.41924371926853,0.07952204200422001,0.0
1690209697730665704,681881,0.41927221936443465,0.07954265839621295,0.0
1690209697737416187,681882,0.41930959939810786,0.07950303904005074,0.0
1690209697737793093,681882,0.41931116634140464,0.07949040549629202,0.0
1690209697737952873,681882,0.4193591626314964,0.07946281757221405,0.0
1690209697738802943,681882,0.4193152457536635,0.07948008877321774,0.0
1690209697738945697,681882,0.419341832756167,0.0794292626439225,0.0
1690209697739227818,681882,0.41931425926226984,0.0794303643003149,0.0
1690209697739259895,681882,0.41938698171502586,0.0793080548626544,0.0
1690209697739274607,681882,0.4194185135729157,0.07924585680923424,0.0
1690209697739283908,681882,0.4193984224959827,0.07928170634768524,0.0
1690209697739312802,681882,0.41942193891784424,0.07923057013099138,0.0
1690209697745723258,681883,0.41947060162526423,0.07915434833421323,0.0
1690209697747106076,681883,0.41950773783792383,0.07914027395042143,0.0
1690209697747609358,681883,0.4195086686100134,0.07912037584083352,0.0
1690209697747626630,681883,0.41950636791634943,0.07911044398908862,0.0
1690209697747642826,681883,0.41942560299418197,0.07921682826972097,0.0
1690209697747649062,681883,0.4194551936314996,0.07920253529396447,0.0
1690209697747656988,681883,0.419462017215804,0.07927376359034372,0.0
1690209697747666558,681883,0.4194162155046947,0.07935824599479963,0.0
1690209697747680495,681883,0.4194141806371487,0.07939789145479852,0.0
1690209697747692508,681883,0.41935927286172475,0.07944485793510608,0.0
1690209697754111630,681884,0.4193074628483022,0.07956061220854459,0.0
1690209697754764873,681884,0.4192713272071208,0.07960917043004127,0.0
1690209697755596929,681884,0.41919775593430886,0.07967694114877022,0.0
1690209697756023243,681884,0.41910684809908233,0.07981184817820075,0.0
1690209697756318129,681884,0.41903785373944336,0.07988699934760891,0.0
1690209697756337512,681884,0.41902408663553853,0.07993649723124567,0.0
1690209697756349881,681884,0.4189347271725249,0.07999404342933382,0.0
1690209697756376983,681884,0.4189110863369261,0.0800338959072505,0.0
1690209697756403608,681884,0.41894615411575375,0.08001027134244425,0.0
1690209697756434539,681884,0.4189517594341034,0.08000000596543513,0.0
1690209697762886144,681885,0.41900501709224114,0.07997749135945556,0.0
1690209697764202699,681885,0.41898153702890123,0.07997944578923584,0.0
1690209697764677418,681885,0.4191498805563491,0.07981770139171974,0.0
1690209697764814907,681885,0.4191738260771673,0.0797264592229808,0.0
1690209697764827734,681885,0.41922861305877096,0.07970044119991951,0.0
1690209697764848607,681885,0.4193075990497086,0.07958426268650877,0.0
1690209697764857127,681885,0.41930039556622045,0.07953921124905154,0.0
1690209697764864687,681885,0.4193514891313524,0.07948911658434653,0.0
1690209697764896363,681885,0.4193512695821227,0.07945724811133423,0.0
1690209697764905299,681885,0.41947669447036234,0.0792934324404838,0.0
1690209697770439709,681886,0.41943469081431417,0.07930997071065532,0.0
1690209697771523239,681886,0.4195460554177872,0.07922764666025205,0.0
1690209697771614959,681886,0.4196342306418979,0.07913562081563476,0.0
1690209697772045896,681886,0.41963598882597997,0.07917627268796361,0.0
1690209697772075728,681886,0.4196710879133042,0.07915925707645129,0.0
1690209697772091204,681886,0.41969556961495696,0.07913630555876223,0.0
1690209697772104550,681886,0.4197022768430252,0.07913441707471142,0.0
1690209697772120419,681886,0.41960254296887994,0.07921021585917225,0.0
1690209697772137857,681886,0.4195612391546313,0.07925470805541565,0.0
1690209697772145342,681886,0.41948831839710776,0.07931963075253667,0.0
1690209697781408765,681887,0.41942469483336536,0.07939307119161151,0.0
1690209697781665905,681887,0.41937316577195155,0.07945619364568661,0.0
1690209697781684381,681887,0.41933506641399493,0.0795100923055049,0.0
1690209697781711274,681887,0.41933710959529075,0.07954960599254768,0.0
1690209697782103119,681887,0.41928557990441856,0.07958120111026667,0.0
1690209697782125541,681887,0.41930449492891747,0.07963070842345582,0.0
1690209697782147148,681887,0.41930826576432734,0.07966434359314423,0.0
1690209697782157592,681887,0.4192808087458641,0.07970689362920537,0.0
1690209697782177665,681887,0.41921265753406706,0.07980114430657403,0.0
1690209697782192095,681887,0.4191689489962655,0.07989327560885698,0.0
1690209697788383165,681888,0.4192081166886542,0.07985222751078742,0.0
1690209697789487307,681888,0.41910296837373334,0.07992866144398626,0.0
1690209697789737715,681888,0.41909233174903077,0.0799943485089183,0.0
1690209697789943755,681888,0.41907672235590926,0.08000580790060804,0.0
1690209697789954342,681888,0.4190665608192544,0.07996969854610037,0.0
1690209697789960822,681888,0.4189728458998121,0.08008230781158462,0.0
1690209697789985515,681888,0.4189750571132289,0.08007617716090597,0.0
1690209697790002928,681888,0.4190164587714133,0.07996568464172985,0.0
1690209697790017454,681888,0.4189631403333324,0.07997055545081733,0.0
1690209697790026510,681888,0.4189532999266783,0.07994226169899146,0.0
1690209697797179393,681889,0.41898332056707455,0.07987164622620493,0.0
1690209697797496308,681889,0.4189974802754074,0.07980622720616198,0.0
1690209697798055948,681889,0.41897548820967434,0.07979362673497913,0.0
1690209697798848821,681889,0.419082588358763,0.07967898058387814,0.0
1690209697799031961,681889,0.4192280474848557,0.07951082709851753,0.0
1690209697799451138,681889,0.41931534327517495,0.07941367557393679,0.0
1690209697799470783,681889,0.4194218239773466,0.07934053271856474,0.0
1690209697799480005,681889,0.4195439819548185,0.07925155701593757,0.0
1690209697799501506,681889,0.4196066693683,0.07921949706333872,0.0
1690209697799517012,681889,0.4195716337886263,0.07926346628955222,0.0
1690209697804939874,681890,0.41960559651810636,0.07927258311355233,0.0
1690209697805805780,681890,0.41959763214759876,0.07926625509283772,0.0
1690209697805933206,681890,0.419517929047794,0.07932841256835153,0.0
1690209697806151001,681890,0.4194548181752251,0.07941404505534586,0.0
1690209697806164644,681890,0.4193649156480034,0.07949353595429225,0.0
1690209697806171359,681890,0.41934135810965656,0.07950432440316348,0.0
1690209697806175957,681890,0.4192265237922689,0.07957652555034332,0.0
1690209697806187239,681890,0.4191807626620516,0.07962598223669093,0.0
1690209697806199961,681890,0.41921449103291525,0.07959282892273764,0.0
1690209697806223898,681890,0.4191673546499121,0.07960414448694311,0.0
1690209697812596541,681891,0.41915721370885806,0.07964182064686816,0.0
1690209697812816348,681891,0.4191393361831181,0.07965505675854519,0.0
1690209697813200979,681891,0.4192395448380788,0.07956317336094447,0.0
1690209697814018011,681891,0.41916562925949113,0.07964729481273507,0.0
1690209697814201474,681891,0.41913805729961806,0.07975197817815181,0.0
1690209697814216982,681891,0.4192039898070564,0.079717790249754,0.0
1690209697814235819,681891,0.4191736794548572,0.07977949001147314,0.0
1690209697814465704,681891,0.4191517879917303,0.07986322022807073,0.0
1690209697814479251,681891,0.4191366485275175,0.0799285788331048,0.0
1690209697814489271,681891,0.419127440639229,0.07994849126365004,0.0
1690209697820236144,681892,0.4190389849286171,0.08006328467064694,0.0
1690209697820440791,681892,0.4189633791725531,0.08015467666420112,0.0
1690209697821537524,681892,0.4189255867797513,0.08017710462724234,0.0
1690209697821652553,681892,0.4188468395311641,0.08019690973701464,0.0
1690209697821899518,681892,0.4187514900399053,0.08023587470913848,0.0
1690209697821916420,681892,0.4187637755308702,0.08021745809619063,0.0
1690209697821937629,681892,0.4187664294279547,0.08018259281049488,0.0
1690209697821949547,681892,0.4187484769252804,0.08014357505847619,0.0
1690209697821966175,681892,0.41872774294323345,0.08017152434158524,0.0
1690209697821974788,681892,0.4188579082447982,0.08003764079719286,0.0
1690209697829678739,681893,0.4189329792164197,0.07990773762238884,0.0
1690209697829849280,681893,0.4189268462082091,0.07993904285515178,0.0
1690209697830585433,681893,0.4190170557025281,0.0798431706107793,0.0
1690209697831072689,681893,0.419070712998664,0.07980627830265065,0.0
1690209697831221838,681893,0.41907978301015375,0.07980134403516831,0.0
1690209697831542553,681893,0.41907184959924876,0.07983854028516418,0.0
1690209697831560724,681893,0.41917091987310595,0.07975323909948223,0.0
1690209697831571303,681893,0.4191308627582917,0.07976310713626537,0.0
1690209697831586756,681893,0.41914209504668276,0.07978534188086543,0.0
1690209697831595055,681893,0.41908682599795627,0.07982922108178396,0.0
1690209697837218411,681894,0.41906875770052476,0.07987039038654012,0.0
1690209697838567972,681894,0.41905621561635126,0.07982373872560626,0.0
1690209697838757484,681894,0.41899684420420413,0.07989582832280138,0.0
1690209697839090641,681894,0.41903438502291973,0.07989301515283152,0.0
1690209697839108556,681894,0.4189579275304993,0.07989782300183647,0.0
1690209697839122308,681894,0.41900099107347366,0.079870233221346,0.0
1690209697839128347,681894,0.4189687840821362,0.07992043388874862,0.0
1690209697839143143,681894,0.41907499196667086,0.07983155920608434,0.0
1690209697839151650,681894,0.4190203763262848,0.0798913459061288,0.0
1690209697839164779,681894,0.4189750515982657,0.07998157550214033,0.0
1690209697844982833,681895,0.4190855490380755,0.07988371589439146,0.0
1690209697845414577,681895,0.4190583796589412,0.07991870589876003,0.0
1690209697846083293,681895,0.41902701927104563,0.07998663532021177,0.0
1690209697846162641,681895,0.4190232436314319,0.08001068079101777,0.0
1690209697846312749,681895,0.41903528109927163,0.07996806414691394,0.0
1690209697846519864,681895,0.4189907131613123,0.08003774774648376,0.0
1690209697846531663,681895,0.418975772392301,0.0800659659265573,0.0
1690209697846538956,681895,0.41896374198975056,0.08010155402518852,0.0
1690209697846542703,681895,0.41894542591814515,0.0800779004372567,0.0
1690209697846557393,681895,0.4189054639032983,0.08007912661449187,0.0
1690209697853947741,681896,0.4189352964262749,0.08008502046845828,0.0
1690209697854134265,681896,0.4189326188506569,0.08006698300421511,0.0
1690209697854555238,681896,0.41894674466591925,0.08004933100735154,0.0
1690209697854943369,681896,0.4189111422209624,0.08008952859214685,0.0
1690209697855231201,681896,0.4190068190328399,0.07999864242786399,0.0
1690209697855384854,681896,0.419068879182695,0.0798991737316124,0.0
1690209697855678461,681896,0.4189757306801556,0.08002194216227657,0.0
1690209697855810770,681896,0.4190694724042135,0.07994406092561039,0.0
1690209697856020680,681896,0.41910236221356884,0.07986928041685208,0.0
1690209697856029337,681896,0.41908306440737614,0.07992638208241741,0.0
1690209697862837806,681897,0.4190834134856158,0.07993932150369047,0.0
1690209697863809737,681897,0.41914021937282087,0.07984550266030485,0.0
1690209697864015118,681897,0.4190932570847093,0.07988998277470204,0.0
1690209697864398838,681897,0.4190830260333047,0.07993413860714008,0.0
1690209697864414404,681897,0.41910965319668797,0.0798857860121885,0.0
1690209697864429314,681897,0.41903920149782375,0.0799617848178828,0.0
1690209697864435964,681897,0.4190140783863444,0.07994415312273938,0.0
1690209697864442785,681897,0.41900087591761404,0.07996266471948281,0.0
1690209697864450508,681897,0.4190274922604484,0.07995699456650249,0.0
1690209697864473436,681897,0.4189731102032983,0.07997599966990696,0.0
1690209697872688768,681898,0.41900304711298825,0.07994456402448492,0.0
1690209697872918802,681898,0.41898498071946144,0.07996369074965842,0.0
1690209697873289171,681898,0.4190450887635087,0.07991368465511789,0.0
1690209697873304932,681898,0.41899846276895625,0.07994694345539989,0.0
1690209697873314933,681898,0.4189520090101097,0.08002386237270039,0.0
1690209697873322834,681898,0.4190028147087599,0.07993347017974654,0.0
1690209697873333321,681898,0.419020676801416,0.0799114035486615,0.0
1690209697873345835,681898,0.4190044371168637,0.07993879935359012,0.0
1690209697873351989,681898,0.41898837624873836,0.07995632818619272,0.0
1690209697873376681,681898,0.41899941484306763,0.07987254988008774,0.0
1690209697880285724,681899,0.4190174023680828,0.0798669539928318,0.0
1690209697881174931,681899,0.4190800585323409,0.07980859902027153,0.0
1690209697881383981,681899,0.41908900301462904,0.07982814235312499,0.0
1690209697881564094,681899,0.4191238730630725,0.07980590087323497,0.0
1690209697881574395,681899,0.4191642441296066,0.07977393844703573,0.0
1690209697881580264,681899,0.4192301425356264,0.07980367141875801,0.0
1690209697881600784,681899,0.41921152007427176,0.07985628788945114,0.0
1690209697881616022,681899,0.4191785607927726,0.07989545274267437,0.0
1690209697881625912,681899,0.4190900661703639,0.08000791757417196,0.0
1690209697881636356,681899,0.4191014965261151,0.08003009100413948,0.0
1690209697888428607,681900,0.41905134396747623,0.08007249644076318,0.0
1690209697889851037,681900,0.4188809356461536,0.08027058808203559,0.0
1690209697890145893,681900,0.41885023416401845,0.08025498288796128,0.0
1690209697890341542,681900,0.41885322135090286,0.08026007710454307,0.0
1690209697890354126,681900,0.41881413255462274,0.08032208896140794,0.0
1690209697890362009,681900,0.4187533688828837,0.08036431422874896,0.0
1690209697890375130,681900,0.418737896495599,0.0803516585100682,0.0
1690209697890415288,681900,0.4187210082139618,0.08039358037666883,0.0
1690209697890427574,681900,0.41878490404824864,0.08034326038846056,0.0
1690209697890441606,681900,0.418755595464206,0.08036615794111968,0.0
1690209697895772594,681901,0.41867847393921753,0.08043495212497366,0.0
1690209697897257596,681901,0.4187001797504316,0.08039005741968278,0.0
1690209697897268967,681901,0.4187680623155897,0.08034034944151076,0.0
1690209697897533516,681901,0.41871969843753437,0.0804092602074332,0.0
1690209697897547476,681901,0.4187775144065798,0.0803540789333091,0.0
1690209697897561789,681901,0.41882515179159013,0.08030986111468941,0.0
1690209697897570674,681901,0.4189105680644658,0.08025708562046335,0.0
1690209697897578400,681901,0.4189727314076211,0.0802055713167054,0.0
1690209697897610364,681901,0.4189435543368624,0.08024546021205291,0.0
1690209697897620277,681901,0.41903173460498944,0.08013500283378694,0.0
1690209697904063329,681902,0.4190690114260056,0.08005359543456894,0.0
1690209697904371398,681902,0.41909083616602494,0.08007286250861703,0.0
1690209697905326268,681902,0.41904950979302413,0.08005981142255691,0.0
1690209697905517266,681902,0.41905011722743424,0.08000475700343511,0.0
1690209697905870197,681902,0.41900922169017624,0.07998698967731797,0.0
1690209697905883488,681902,0.41905273408191224,0.07993214654127383,0.0
1690209697905894175,681902,0.41916770487281096,0.07979677909364963,0.0
1690209697905913835,681902,0.4190810259519081,0.07983845691045074,0.0
1690209697905921478,681902,0.4191653242888749,0.07975828070308448,0.0
1690209697905954487,681902,0.4192460761121125,0.07965801010365899,0.0
1690209697913391562,681903,0.4193089404405186,0.07966510416563523,0.0
1690209697913769017,681903,0.41930127282943236,0.079678480463708,0.0
1690209697914429639,681903,0.41930217726371727,0.07966090186577746,0.0
1690209697915181129,681903,0.4193791311782159,0.07962931158984142,0.0
1690209697915348413,681903,0.4193183808742436,0.07971195472648397,0.0
1690209697915767983,681903,0.4192977752676456,0.07981386890468975,0.0
1690209697915805467,681903,0.41914131896030626,0.07998332023035601,0.0
1690209697915817802,681903,0.41906865587444875,0.08005858705012629,0.0
1690209697915827989,681903,0.41903162009793016,0.08009328229736304,0.0
1690209697915847935,681903,0.4189234001910816,0.08025200974129051,0.0
1690209697921297260,681904,0.4188797814225685,0.08029977046947037,0.0
1690209697921592999,681904,0.41872924451344273,0.0804065565672348,0.0
1690209697922320890,681904,0.4187571492509905,0.0804378671308836,0.0
1690209697922421639,681904,0.4187779260144543,0.08040831003056176,0.0
1690209697922701077,681904,0.4187434935890273,0.08043513869095173,0.0
1690209697922710632,681904,0.4186795172320109,0.08047143374268576,0.0
1690209697922721923,681904,0.4186897419772367,0.08043988680522476,0.0
1690209697922728699,681904,0.4187971571131164,0.08035030828750658,0.0
1690209697922741028,681904,0.41874375683882975,0.08040927044629463,0.0
1690209697922751789,681904,0.4188151095600645,0.08035211463267806,0.0
1690209697930032757,681905,0.418866795881693,0.08027398414168875,0.0
1690209697930432662,681905,0.41891754476488685,0.08019212044593339,0.0
1690209697930722477,681905,0.41898439189121056,0.08013809419793186,0.0
1690209697930849078,681905,0.4190032985187006,0.08012781534363338,0.0
1690209697931146730,681905,0.41902705535688883,0.08005638696779385,0.0
1690209697931166333,681905,0.4190403637078652,0.07996233543670661,0.0
1690209697931196744,681905,0.4190955333715373,0.07990969374766128,0.0
1690209697931205527,681905,0.41909056245361315,0.07989755653632748,0.0
1690209697931221040,681905,0.4190830749745952,0.0798343507803239,0.0
1690209697931264356,681905,0.4190878883228799,0.07977384924371,0.0
1690209697939007943,681906,0.4191545289190005,0.07970336868483213,0.0
1690209697939366311,681906,0.4192912469532802,0.07954277290804145,0.0
1690209697940746667,681906,0.4192470309402042,0.07961216358861696,0.0
1690209697940769509,681906,0.41928105699024587,0.07962379064330753,0.0
1690209697940782120,681906,0.4194026054787705,0.07953662148493952,0.0
1690209697940791946,681906,0.4194322720960137,0.07957504660018233,0.0
1690209697940815477,681906,0.41940002877151356,0.07968659833222419,0.0
1690209697940829679,681906,0.4193794018014029,0.07972298209221196,0.0
1690209697940845692,681906,0.41928479159830595,0.07983843947054507,0.0
1690209697940856554,681906,0.4191917804107115,0.07997347432115269,0.0
1690209697946641812,681907,0.41913605443825874,0.08003957478307044,0.0
1690209697946910309,681907,0.41896461475666397,0.08018910339864879,0.0
1690209697947012046,681907,0.4188332296485232,0.08027619006584952,0.0
1690209697947305298,681907,0.4188034230559393,0.08028508300606557,0.0
1690209697947318314,681907,0.4187416440244558,0.08033886417387485,0.0
1690209697947332298,681907,0.41868806621173205,0.08039160043204498,0.0
1690209697947335685,681907,0.418680065715063,0.08037923637057573,0.0
1690209697947362870,681907,0.41871955052747445,0.08035793021116078,0.0
1690209697947372385,681907,0.41885841544048374,0.08024091912361075,0.0
1690209697947391950,681907,0.41888816846302973,0.080200621067421,0.0
1690209697953586916,681908,0.41886832257814316,0.08024448448505773,0.0
1690209697953868232,681908,0.41892265055975436,0.08016755880436957,0.0
1690209697954778816,681908,0.4189805728885467,0.08010256535415107,0.0
1690209697954916710,681908,0.41896255278401257,0.08014944159522784,0.0
1690209697955230586,681908,0.41895723668375684,0.08012531993905428,0.0
1690209697955251048,681908,0.4189729552826847,0.08005524643653592,0.0
1690209697955263632,681908,0.4189549025546209,0.08003501756428241,0.0
1690209697955275412,681908,0.4190117496359818,0.07997441657298457,0.0
1690209697955285801,681908,0.41908255367025776,0.07987632718259946,0.0
1690209697955303435,681908,0.419022000115741,0.07986850405544076,0.0
1690209697962269352,681909,0.41907782605827815,0.07976357432491533,0.0
1690209697962441644,681909,0.41916542368754106,0.07965060433219848,0.0
1690209697963121982,681909,0.4192136875394997,0.07965072401053275,0.0
1690209697963879478,681909,0.41919709535162636,0.07963748139887356,0.0
1690209697964161993,681909,0.4191957887486617,0.07962792378037997,0.0
1690209697964544303,681909,0.4193016268902283,0.07957322818156361,0.0
1690209697964559750,681909,0.4192844578176201,0.07957669033359292,0.0
1690209697964571062,681909,0.41928497209710486,0.07964043679981032,0.0
1690209697964609399,681909,0.4192007049411679,0.07975631332826738,0.0
1690209697964622177,681909,0.4192285267977876,0.07976321887887498,0.0
1690209697970734713,681910,0.4191998563195682,0.07981053958890952,0.0
1690209697971223824,681910,0.41911744543714974,0.07996266577896283,0.0
1690209697971449930,681910,0.41911464186415426,0.07997417930290461,0.0
1690209697972476164,681910,0.41898259970867846,0.08008392335442678,0.0
1690209697972555967,681910,0.4189748434189454,0.08015537453008706,0.0
1690209697972563364,681910,0.4188824689769557,0.08024091484643393,0.0
1690209697972575171,681910,0.4188376626489592,0.08028699745969738,0.0
1690209697972623238,681910,0.4187222624287352,0.08035198838115663,0.0
1690209697972634055,681910,0.4187253649377902,0.08036312654866506,0.0
1690209697972640465,681910,0.41879319928940767,0.0803171046274546,0.0
1690209697978734646,681911,0.41873665290231527,0.08036644581203134,0.0
1690209697979339656,681911,0.41875108854999615,0.08035967250520046,0.0
1690209697979471031,681911,0.4187783651738083,0.08031051153148648,0.0
1690209697979826338,681911,0.41890288917707197,0.08020431519200492,0.0
1690209697979999459,681911,0.41889314598395927,0.08022548900111383,0.0
1690209697980218003,681911,0.4188804182404593,0.0802634398939782,0.0
1690209697980507435,681911,0.41894208253954657,0.0801737319570978,0.0
1690209697980678176,681911,0.41896801053940946,0.08009381978132617,0.0
1690209697980824397,681911,0.41897219081148235,0.0801276357574743,0.0
1690209697980927835,681911,0.4189708944231071,0.08007995102605599,0.0
1690209697987871184,681912,0.41900278505306887,0.08000244049783131,0.0
1690209697988079658,681912,0.4190038476243406,0.07998673271958431,0.0
1690209697988245778,681912,0.41908326805780416,0.07989537269472574,0.0
1690209697988893575,681912,0.41919029391502,0.0797774588889556,0.0
1690209697989143796,681912,0.4191913113810473,0.07971145235977083,0.0
1690209697989381437,681912,0.4192474434785588,0.07963880336891611,0.0
1690209697989401994,681912,0.41934826856922147,0.0795408604907677,0.0
1690209697989433495,681912,0.41939708935437825,0.07954437880954254,0.0
1690209697989441388,681912,0.419398327567435,0.07952126113393995,0.0
1690209697989447417,681912,0.41939089846733424,0.07953044682707291,0.0
1690209697997469790,681913,0.41949210330894837,0.07946525886299305,0.0
1690209697997719777,681913,0.41943648398886024,0.07951709814578796,0.0
1690209697998678142,681913,0.41938676430495425,0.07962397350118372,0.0
1690209697998802708,681913,0.41928449105280174,0.07972438412563813,0.0
1690209697999239013,681913,0.419278501318805,0.07977003951072614,0.0
1690209697999405994,681913,0.41924218658875817,0.07980002339134137,0.0
1690209697999607324,681913,0.41917437282067155,0.07993056013651521,0.0
1690209697999772394,681913,0.4191820669749068,0.07992879151609224,0.0
1690209697999790933,681913,0.41903993907202136,0.08003596146061254,0.0
1690209697999814899,681913,0.4190381801975923,0.08008674741188004,0.0
1690209698004170466,681914,0.4189628672929658,0.08016185106002893,0.0
1690209698004403721,681914,0.4189501280317287,0.08017605330833501,0.0
1690209698004955412,681914,0.4188354057212948,0.08023340688546939,0.0
1690209698005060235,681914,0.4188351575432279,0.08026389633019783,0.0
1690209698005262761,681914,0.41893136450468094,0.08017315056014963,0.0
1690209698005266826,681914,0.418828781247721,0.0802492205285548,0.0
1690209698005269851,681914,0.4188757506951592,0.08023407573814333,0.0
1690209698005290497,681914,0.41890578564078496,0.08017532952187663,0.0
1690209698005296332,681914,0.4190847217393524,0.08001323423770358,0.0
1690209698005305400,681914,0.4191095052933099,0.08000877129615216,0.0
1690209698011646818,681915,0.4191186373551661,0.08000944890549565,0.0
1690209698011743756,681915,0.4191909007188942,0.07990084509537707,0.0
1690209698012294340,681915,0.419196267805434,0.07982009384143564,0.0
1690209698012361201,681915,0.41921965568539804,0.0798152790315404,0.0
1690209698012575775,681915,0.41926915054617286,0.07973413214080967,0.0
1690209698012598555,681915,0.41927380164347494,0.07965601121380605,0.0
1690209698012603360,681915,0.4192326340020614,0.07966846707116206,0.0
1690209698012608702,681915,0.4192980732897375,0.07958243890031409,0.0
1690209698012638941,681915,0.4194211219377434,0.07942120304889534,0.0
1690209698012642779,681915,0.41934100286668957,0.07946977537766613,0.0
1690209698021579419,681916,0.4193719567019081,0.07945583284992831,0.0
1690209698022118606,681916,0.4194764795010313,0.07932731403145842,0.0
1690209698023436914,681916,0.4194814278288078,0.0793607524725958,0.0
1690209698023696910,681916,0.41946277265801113,0.07943761097457323,0.0
1690209698024163693,681916,0.419460986542107,0.07942792624841856,0.0
1690209698024186649,681916,0.4194790893475808,0.07942192039639896,0.0
1690209698024200986,681916,0.41937646533345363,0.07956208447410218,0.0
1690209698024210565,681916,0.41934073923691595,0.07965984553913934,0.0
1690209698024220929,681916,0.41925808827604993,0.07973906482814148,0.0
1690209698024383061,681916,0.41912206258461626,0.07984474288568014,0.0
1690209698030768437,681917,0.41910499216771846,0.07986633912238454,0.0
1690209698031920812,681917,0.4190372315859605,0.07993936172584562,0.0
1690209698032065320,681917,0.41898514738699744,0.07997762817357157,0.0
1690209698032075178,681917,0.41890149193665793,0.08003477992761603,0.0
1690209698032358239,681917,0.41893811843878853,0.08002845200089652,0.0
1690209698032369763,681917,0.41902295376917503,0.07995257138769944,0.0
1690209698032382578,681917,0.4190416205040634,0.07993038222972443,0.0
1690209698032391792,681917,0.419029614286505,0.07996854658801623,0.0
1690209698032399715,681917,0.419086543812245,0.07990814360693518,0.0
1690209698032425565,681917,0.4191631165548481,0.07982853220098603,0.0
1690209698039937834,681918,0.41915454804460806,0.07987469950397384,0.0
1690209698040348958,681918,0.4191457523797515,0.07985220820033403,0.0
1690209698041036910,681918,0.4191667454551472,0.07979738057604718,0.0
1690209698041047267,681918,0.41913274350376234,0.0797962908974949,0.0
1690209698041441762,681918,0.41918081388066686,0.07974976384465733,0.0
1690209698041451408,681918,0.4191955236272975,0.07971049913048592,0.0
1690209698041456580,681918,0.41913771145352025,0.07972874896949718,0.0
1690209698041474027,681918,0.41915792236587096,0.07964698333649081,0.0
1690209698041498851,681918,0.4192013454341926,0.07956070930198296,0.0
1690209698041514033,681918,0.41922819880192896,0.07954269147479602,0.0
1690209698046426813,681919,0.4192154134138569,0.0795028707812673,0.0
1690209698047145401,681919,0.41923672866411105,0.07944022502096688,0.0
1690209698047323500,681919,0.419286733417839,0.07940442906405674,0.0
1690209698047425458,681919,0.4193556052325924,0.07933479941580263,0.0
1690209698047506130,681919,0.4193747333138823,0.07938049049450563,0.0
1690209698047947380,681919,0.41934591740923743,0.07946157799870056,0.0
1690209698048063315,681919,0.4193992917046193,0.07943397677861683,0.0
1690209698048226276,681919,0.41937969387086227,0.0794828310117092,0.0
1690209698048235989,681919,0.4193064126001861,0.07962237020327721,0.0
1690209698048240549,681919,0.41927193782670463,0.07965742284246558,0.0
1690209698054520637,681920,0.4191296102229976,0.07976850874836346,0.0
1690209698055363470,681920,0.4190603377704072,0.07987306788922746,0.0
1690209698055469160,681920,0.41906053228911266,0.07985686743729277,0.0
1690209698055812271,681920,0.41900355657237015,0.07989726767909826,0.0
1690209698055825747,681920,0.4189393307317286,0.07995105786659101,0.0
1690209698055837725,681920,0.41895847483250476,0.07989542114063022,0.0
1690209698055850775,681920,0.4190114576182895,0.07985438585102327,0.0
1690209698055864274,681920,0.4189724793882265,0.07990595814705412,0.0
1690209698055880772,681920,0.4190163127251968,0.07986110429985925,0.0
1690209698055891608,681920,0.41907343726349494,0.07978658280371072,0.0
1690209698063371429,681921,0.4191357841260519,0.07975151842457996,0.0
1690209698065153889,681921,0.4192357356652462,0.07965626017519577,0.0
1690209698065350021,681921,0.419221272200332,0.07967690249381885,0.0
1690209698065753720,681921,0.41926909177867805,0.07961544940749628,0.0
1690209698065780994,681921,0.4193087755959166,0.07951102247334017,0.0
1690209698065796169,681921,0.4193312907561961,0.0794922574137601,0.0
1690209698065814461,681921,0.419291480790571,0.07948394236577104,0.0
1690209698065823960,681921,0.419300057378375,0.07940908409177505,0.0
1690209698065842814,681921,0.4192820542083542,0.079383371616032,0.0
1690209698065878954,681921,0.4193127650074874,0.07934592805919506,0.0
1690209698071571018,681922,0.41941041031717163,0.07922319415486881,0.0
1690209698071657481,681922,0.4193494637034493,0.0792469575781595,0.0
1690209698072303966,681922,0.4194408531254212,0.07915202421911337,0.0
1690209698072625097,681922,0.419523000898432,0.07906914254644382,0.0
1690209698072735258,681922,0.4195813138219998,0.0790852492886971,0.0
1690209698072981108,681922,0.4195550001044225,0.07910762908749615,0.0
1690209698072994913,681922,0.41954270748051725,0.07911612623542535,0.0
1690209698073008498,681922,0.41958071897734844,0.07912808304817218,0.0
1690209698073014761,681922,0.41949860448664533,0.07922573683799962,0.0
1690209698073024461,681922,0.41947848603809523,0.07932666187294428,0.0
1690209698079259530,681923,0.41934009402661393,0.07947908723655586,0.0
1690209698079518182,681923,0.4193151265303861,0.07952109739135158,0.0
1690209698079663164,681923,0.4193121526786524,0.07953692298409903,0.0
1690209698079945060,681923,0.41921663988471775,0.07967667259108059,0.0
1690209698079961140,681923,0.41919343090179717,0.07970991193320513,0.0
1690209698079988871,681923,0.41906790053254933,0.07979513910855605,0.0
1690209698080313409,681923,0.4190764464266294,0.07983088809209446,0.0
1690209698080408933,681923,0.4191028208288462,0.07978098274174258,0.0
1690209698080659256,681923,0.4190667122880958,0.0798023373332975,0.0
1690209698080678501,681923,0.41899952476807467,0.07982806995598417,0.0
1690209698086796113,681924,0.41901124359912234,0.07978848171635086,0.0
1690209698087370019,681924,0.4191042001866846,0.07969461804929989,0.0
1690209698088312698,681924,0.4190611242932095,0.07973329945929784,0.0
1690209698088332797,681924,0.41913610514349176,0.07966056104484055,0.0
1690209698088600240,681924,0.4191667128038682,0.07957544825255838,0.0
1690209698088610889,681924,0.4192350399099046,0.07947635893963072,0.0
1690209698088615856,681924,0.4192662786272806,0.07944559699363671,0.0
1690209698088645530,681924,0.4192923775342922,0.0794189599773449,0.0
1690209698088667508,681924,0.41932344495679036,0.07932206872520142,0.0
1690209698088682225,681924,0.41936185281806,0.07923364676186874,0.0
1690209698096519174,681925,0.4194523645113136,0.07916904896870977,0.0
1690209698096539577,681925,0.41948467733430195,0.07915685703526044,0.0
1690209698096767811,681925,0.4194891452489665,0.07910531228793427,0.0
1690209698097497628,681925,0.4194536806273375,0.07913823151336748,0.0
1690209698097506003,681925,0.4195280461769358,0.07908245292840473,0.0
1690209698097748648,681925,0.41950024884690307,0.07907901253666771,0.0
1690209698097764460,681925,0.41942714029375816,0.07916998542181383,0.0
1690209698097779019,681925,0.4193390535042006,0.07925776183909122,0.0
1690209698097786538,681925,0.41934293753415974,0.07925432283120722,0.0
1690209698097797960,681925,0.41928630074793627,0.07929448433167675,0.0
1690209698104436189,681926,0.41919304265674545,0.07944471867399269,0.0
1690209698104996335,681926,0.419181327629296,0.07946025172607289,0.0
1690209698105273559,681926,0.4190390501255535,0.07955816860547263,0.0
1690209698105306221,681926,0.4190344356920764,0.07960939231509648,0.0
1690209698105863412,681926,0.41896625512554686,0.07970444630498508,0.0
1690209698105960597,681926,0.418982843344481,0.07970356949626028,0.0
1690209698106180298,681926,0.41887626944637446,0.07976607355806918,0.0
1690209698106193932,681926,0.41886259821076344,0.07981001241117106,0.0
1690209698106206939,681926,0.41894745467680566,0.07972417341338878,0.0
1690209698106213688,681926,0.4188762025064795,0.07977260702644716,0.0
1690209698111944872,681927,0.418884679368545,0.07978657051403844,0.0
1690209698112887971,681927,0.41891449343924914,0.07972627544247972,0.0
1690209698112994137,681927,0.41905522800781014,0.07954912362592959,0.0
1690209698113118801,681927,0.4190361917447549,0.07957424563838361,0.0
1690209698113316728,681927,0.4191233491469771,0.07949428255349757,0.0
1690209698113326031,681927,0.4191982010968758,0.0793516330037093,0.0
1690209698113337907,681927,0.41923751667246234,0.07929591578981655,0.0
1690209698113344110,681927,0.41931699958749324,0.07925126228493466,0.0
1690209698113349083,681927,0.41937948472944264,0.07921035422280054,0.0
1690209698113355951,681927,0.41938985175328625,0.07914273913374682,0.0
1690209698120216885,681928,0.4193360746273964,0.0791939283275032,0.0
1690209698120949066,681928,0.4194209511198663,0.07911378552633516,0.0
1690209698120973827,681928,0.4194199594303113,0.0790969955725353,0.0
1690209698121237816,681928,0.4193221838380365,0.07919033902195,0.0
1690209698121252204,681928,0.419213737344878,0.07929522159698349,0.0
1690209698121262819,681928,0.4192537676680722,0.07925539865047296,0.0
1690209698121268462,681928,0.4192079245119944,0.07928750946502594,0.0
1690209698121275350,681928,0.41913713731136704,0.07940580437765794,0.0
1690209698121284683,681928,0.4191446099135998,0.07939085526223737,0.0
1690209698121291120,681928,0.419147335507825,0.07936393985298747,0.0
1690209698129218307,681929,0.41913763835792905,0.07942847777052053,0.0
1690209698129229764,681929,0.4191241390799815,0.07952949016920022,0.0
1690209698129659715,681929,0.41917774542098374,0.07949125113620847,0.0
1690209698129808494,681929,0.4191084524051195,0.0795833500399282,0.0
1690209698130341873,681929,0.41912235834483413,0.07964907459641814,0.0
1690209698130489099,681929,0.41921188014147703,0.07961458248798048,0.0
1690209698130504473,681929,0.4191602721735588,0.07968009818702648,0.0
1690209698130509951,681929,0.4190271661883045,0.07983762901592267,0.0
1690209698130537648,681929,0.4190485822345346,0.07983094827954536,0.0
1690209698130545901,681929,0.4190768815333489,0.07975267417928217,0.0
1690209698135964875,681930,0.4189995623598881,0.07984240942642191,0.0
1690209698136237259,681930,0.41898869184464266,0.07981048292704965,0.0
1690209698136713834,681930,0.4190230818113756,0.07969778916162112,0.0
1690209698136759688,681930,0.41905086956206417,0.07962607715894869,0.0
1690209698136974831,681930,0.41907699297888734,0.07958996946487198,0.0
1690209698136982176,681930,0.41921701240755926,0.07946436576624939,0.0
1690209698136985139,681930,0.4192297842364542,0.0793946424433512,0.0
1690209698136995175,681930,0.41932439324578025,0.079329012820682,0.0
1690209698137000437,681930,0.41944367513753467,0.07920918864693476,0.0
1690209698137016386,681930,0.41947333720204677,0.07918489920000658,0.0
1690209698145416515,681931,0.4195049217863957,0.07913641214090326,0.0
1690209698145980062,681931,0.41939551957457377,0.07923974799406575,0.0
1690209698146067081,681931,0.4194442376641433,0.07924916574233093,0.0
1690209698146246515,681931,0.419375040704739,0.07926134961169931,0.0
1690209698146263191,681931,0.4193177893648678,0.07933058526629296,0.0
1690209698146275675,681931,0.4192836312507139,0.07938023118328995,0.0
1690209698146280887,681931,0.41928600537320987,0.07933109308093532,0.0
1690209698146286197,681931,0.41927709177856,0.07935575502291259,0.0
1690209698146291518,681931,0.41917532346878594,0.07947285821557214,0.0
1690209698146353296,681931,0.41923297473124066,0.0793987143795251,0.0
1690209698153863767,681932,0.41920887490571396,0.07941955071993315,0.0
1690209698154105262,681932,0.4191933733622011,0.07945720178771325,0.0
1690209698154770687,681932,0.419267306732406,0.07941975270065861,0.0
1690209698154887047,681932,0.4192120876538507,0.07945232504627665,0.0
1690209698155074012,681932,0.41919217808038306,0.07950047455305417,0.0
1690209698155087241,681932,0.41919789550343656,0.07950865129966783,0.0
1690209698155106075,681932,0.4192209566425305,0.07953874053311698,0.0
1690209698155115849,681932,0.4192241919348825,0.07956879566494343,0.0
1690209698155126997,681932,0.41919250016723986,0.07958807699693292,0.0
1690209698155136028,681932,0.41920353138405525,0.07959454677330668,0.0
1690209698163657178,681933,0.4192127977728163,0.07956823487749144,0.0
1690209698164113810,681933,0.419210836235098,0.07957220375308595,0.0
1690209698164281421,681933,0.4191279739355718,0.07967998673215154,0.0
1690209698164420581,681933,0.4191105310459261,0.07969025452913846,0.0
1690209698164839583,681933,0.41909494172462275,0.07966022855823668,0.0
1690209698164873602,681933,0.4190273980942165,0.0797394814605921,0.0
1690209698165343489,681933,0.4190597356377003,0.07964467703376095,0.0
1690209698165355737,681933,0.4190636069276185,0.07962373827903631,0.0
1690209698165375410,681933,0.41902103809660873,0.07967884401435249,0.0
1690209698165383589,681933,0.4190452809071253,0.07963993404801747,0.0
1690209698170905280,681934,0.41910171916498784,0.07958980440606155,0.0
1690209698171416284,681934,0.4190796313904875,0.0796200069524584,0.0
1690209698171625738,681934,0.4191952685818551,0.07950257165187674,0.0
1690209698172487234,681934,0.41920475436937366,0.07946781348112465,0.0
1690209698172556903,681934,0.41917172498553645,0.07955421638358415,0.0
1690209698172820677,681934,0.41922166855615595,0.07950592903306469,0.0
1690209698172836644,681934,0.419210739502461,0.07948367843449905,0.0
1690209698172847487,681934,0.41919553419908284,0.07956199302115967,0.0
1690209698172853749,681934,0.41915734771878854,0.07955792257143526,0.0
1690209698172864563,681934,0.41917253073377103,0.07953839557383446,0.0
1690209698181541847,681935,0.41912713110951794,0.07960836167267804,0.0
1690209698182795818,681935,0.4191406439503347,0.0795866742030676,0.0
1690209698183114163,681935,0.4191851976339669,0.0795459981148332,0.0
1690209698183124778,681935,0.4191284092093229,0.07960650433399952,0.0
1690209698183335243,681935,0.419138426614244,0.07959226907637781,0.0
1690209698183767087,681935,0.4190968621706326,0.07959288786999735,0.0
1690209698183777829,681935,0.4190932041766297,0.07960220790026427,0.0
1690209698183783161,681935,0.4190684364822401,0.0795535667728412,0.0
1690209698183835787,681935,0.41905754577509446,0.07953585232290335,0.0
1690209698183861683,681935,0.41909859653911297,0.07947973180685891,0.0
1690209698188732043,681936,0.41905397872605404,0.07948821221235929,0.0
1690209698188896086,681936,0.4190853412252032,0.07948329771036186,0.0
1690209698189300072,681936,0.41908246249590253,0.07949220311320927,0.0
1690209698189306323,681936,0.4191771046109416,0.07941003434866986,0.0
1690209698189320552,681936,0.4191829677314937,0.07942836728951849,0.0
1690209698189328050,681936,0.41914938354959197,0.07953535738401463,0.0
1690209698189353799,681936,0.41920608976109974,0.07948992515424834,0.0
1690209698189365027,681936,0.41910141313264143,0.07960582251327934,0.0
1690209698189371931,681936,0.41907627399506453,0.07969711233165176,0.0
1690209698189377694,681936,0.41909499161754565,0.07963780252131775,0.0
1690209698195607530,681937,0.4189881459587777,0.07971490687465535,0.0
1690209698196830251,681937,0.41888863151869665,0.0798047090700936,0.0
1690209698196842552,681937,0.41888904655866643,0.0797882001847314,0.0
1690209698196855551,681937,0.4189001306633768,0.07975845904625824,0.0
1690209698196867656,681937,0.41881228072656074,0.07986008586749042,0.0
1690209698196882898,681937,0.41886815898204977,0.07979137658835302,0.0
1690209698197084572,681937,0.4188901070648253,0.0797563770797158,0.0
1690209698197100856,681937,0.41897524712454504,0.07969449198332273,0.0
1690209698197110500,681937,0.41901430202813206,0.07964914536080424,0.0
1690209698197139543,681937,0.41907285391355154,0.07964439269026657,0.0
1690209698203839437,681938,0.41913090878801346,0.07960273371494199,0.0
1690209698204011692,681938,0.41913627317781227,0.0795930768769598,0.0
1690209698204518066,681938,0.4191394812216872,0.07962428775473802,0.0
1690209698205182462,681938,0.41911084255495273,0.07963115157546258,0.0
1690209698205275813,681938,0.4191543761372629,0.07953318086647086,0.0
1690209698205408651,681938,0.4190736772408911,0.0796226776725455,0.0
1690209698205612705,681938,0.419088172850746,0.07959286286331911,0.0
1690209698205622061,681938,0.41910779377098134,0.07953328555801117,0.0
1690209698205628992,681938,0.41903919117569033,0.07955387302738474,0.0
1690209698205657696,681938,0.4190774502364517,0.07951115709071636,0.0
1690209698213029136,681939,0.4191463468743854,0.07941327837459008,0.0
1690209698213306224,681939,0.4191601457227798,0.07938289244646891,0.0
1690209698213721991,681939,0.41917280241740207,0.0793561464722826,0.0
1690209698214705685,681939,0.419218891168567,0.0792796513244563,0.0
1690209698215000739,681939,0.4192635048373629,0.07927013239941778,0.0
1690209698215348470,681939,0.41922715226025886,0.07928101977132612,0.0
1690209698215363803,681939,0.419204685956978,0.07932257569549864,0.0
1690209698215376047,681939,0.41920839211868305,0.07933564252188699,0.0
1690209698215405217,681939,0.4192658812582895,0.07927405344567393,0.0
1690209698215423837,681939,0.41926921632995673,0.07930556192856811,0.0
1690209698222107981,681940,0.41928108803194114,0.07935121897358131,0.0
1690209698222671267,681940,0.41933302687335033,0.07929962781024011,0.0
1690209698223332995,681940,0.41927795596144524,0.0794035752604199,0.0
1690209698223379688,681940,0.41927332887426094,0.07943977088077547,0.0
1690209698223736393,681940,0.41930595168190604,0.0793813846840881,0.0
1690209698223746639,681940,0.4192695473341138,0.07944505545850448,0.0
1690209698223761305,681940,0.41920274263271,0.07952546959652985,0.0
1690209698223778362,681940,0.4192127570436866,0.07951872826484008,0.0
1690209698223791465,681940,0.41915274391650803,0.07955145979041146,0.0
1690209698223802203,681940,0.4191008849205019,0.07964124005843802,0.0
1690209698229968410,681941,0.4191458802690655,0.0795570399349817,0.0
1690209698230521894,681941,0.41912659060893975,0.07956821330165245,0.0
1690209698230743014,681941,0.41916081132587313,0.07957548133312334,0.0
1690209698231223584,681941,0.419181341585137,0.0795053448736872,0.0
1690209698231366916,681941,0.4192333322420831,0.0794901761747892,0.0
1690209698231602753,681941,0.41921683078557254,0.07951310936630221,0.0
1690209698231609248,681941,0.41926975643916453,0.07945195236464257,0.0
1690209698231613570,681941,0.4192476411339661,0.07948773360034903,0.0
1690209698231646058,681941,0.419224323286346,0.07950521756458025,0.0
1690209698231654716,681941,0.41926961552917097,0.07940875269579852,0.0
1690209698239069202,681942,0.41921541285044894,0.07946406531385442,0.0
1690209698239639691,681942,0.41924594790238956,0.0794338767184286,0.0
1690209698239801206,681942,0.4192531876467043,0.07939858184968278,0.0
1690209698240023318,681942,0.4191821253021076,0.07941581069675019,0.0
1690209698240147830,681942,0.4192129004720026,0.07939970465794188,0.0
1690209698240744477,681942,0.41930495508822313,0.07928127706287964,0.0
1690209698240901371,681942,0.4193028475411252,0.07926575653134231,0.0
1690209698241124374,681942,0.4193137482797009,0.07924337382421343,0.0
1690209698241133766,681942,0.4193791724101567,0.07916263491112766,0.0
1690209698241171614,681942,0.41945613525401854,0.07913735739662048,0.0
1690209698247274149,681943,0.4194223416057892,0.07913358332288624,0.0
1690209698247719229,681943,0.41941281876925784,0.07919658390171601,0.0
1690209698247998178,681943,0.4194286474324176,0.07919084898930563,0.0
1690209698248170926,681943,0.4194312807859521,0.07919844348441832,0.0
1690209698248452594,681943,0.4194361083948176,0.07924103368892307,0.0
1690209698248569465,681943,0.41933862741825506,0.07938507341631794,0.0
1690209698248577336,681943,0.4193722527621986,0.0793769264053487,0.0
1690209698248721310,681943,0.4192425953290825,0.07952533586948049,0.0
1690209698248858791,681943,0.4192024963146744,0.07962774223835202,0.0
1690209698248872736,681943,0.41917379502910285,0.07961163263737095,0.0
1690209698255456093,681944,0.41907606662938585,0.07968870448217175,0.0
1690209698255696182,681944,0.4189667543039439,0.07975491057629812,0.0
1690209698256294836,681944,0.41893181965730775,0.07978303370628984,0.0
1690209698256983079,681944,0.4189252432229291,0.0797680819229016,0.0
1690209698257162621,681944,0.4188315552977992,0.07986207046282054,0.0
1690209698257267471,681944,0.4188777210680067,0.07981136009524602,0.0
1690209698257424558,681944,0.4189239882227987,0.0797643133092109,0.0
1690209698257636159,681944,0.4190058727442008,0.0796986852243924,0.0
1690209698257648142,681944,0.41901828310505024,0.07968068281841542,0.0
1690209698257655133,681944,0.41906634707117413,0.0796772236371635,0.0
1690209698263682737,681945,0.41914741310767295,0.07960077910925423,0.0
1690209698263957469,681945,0.41916613955467913,0.07958503149453627,0.0
1690209698264041498,681945,0.419165356285281,0.07963918756814868,0.0
1690209698264200508,681945,0.41914420092850335,0.07964931702810803,0.0
1690209698264214061,681945,0.41920331455357696,0.07954405520259661,0.0
1690209698264223117,681945,0.4191085309868374,0.07964725641197144,0.0
1690209698264317728,681945,0.41915951372136134,0.07959417298770659,0.0
1690209698264386093,681945,0.41916767719912057,0.07955355031048515,0.0
1690209698264475698,681945,0.4191168714314567,0.07953110008743845,0.0
1690209698264485434,681945,0.4191357510282156,0.07951505648697262,0.0
1690209698271924818,681946,0.41921666908864696,0.07939847814755098,0.0
1690209698272596933,681946,0.41921420261632897,0.07937173324298744,0.0
1690209698272974359,681946,0.41924518541792877,0.07931014101415669,0.0
1690209698273134318,681946,0.419298656540016,0.07923672037108202,0.0
1690209698273369064,681946,0.4194068511311371,0.07918947271723328,0.0
1690209698273377312,681946,0.41939802869247655,0.07917136164404899,0.0
1690209698273380618,681946,0.419404900918511,0.07923378918544721,0.0
1690209698273392697,681946,0.4194601171893273,0.07921095431013572,0.0
1690209698273398768,681946,0.4194886876131486,0.0792257812323298,0.0
1690209698273403928,681946,0.4194931990045118,0.0792880799706263,0.0
1690209698279964693,681947,0.41937318103235066,0.07945807176464825,0.0
1690209698280073865,681947,0.4193977819165815,0.07945805433417948,0.0
1690209698280181472,681947,0.4192422939234686,0.07960498485579402,0.0
1690209698280300152,681947,0.41919965501231593,0.07972699075597454,0.0
1690209698280675524,681947,0.41916484610787774,0.07971800404325219,0.0
1690209698280736497,681947,0.4190389134413764,0.07980162657895558,0.0
1690209698280861298,681947,0.4189456589239006,0.07987601157490205,0.0
1690209698280869804,681947,0.4189249189276891,0.0799051320220218,0.0
1690209698280875888,681947,0.4189607755732656,0.07984621891747591,0.0
1690209698280891074,681947,0.4188372087457148,0.07994770912095361,0.0
1690209698288641655,681948,0.4188927292799104,0.07987025461599644,0.0
1690209698288902071,681948,0.41893096392833595,0.07984016954694272,0.0
1690209698289294132,681948,0.41902183200133464,0.07977819144972025,0.0
1690209698289390085,681948,0.41905578728927,0.07972870581423556,0.0
1690209698289612781,681948,0.4190973729002637,0.07973279011554607,0.0
1690209698289621221,681948,0.4191569054122891,0.07969111013724535,0.0
1690209698289630230,681948,0.419183339615415,0.07967189037063188,0.0
1690209698289636517,681948,0.41918441459380146,0.07970672975402629,0.0
1690209698289645196,681948,0.41916008303617514,0.07971253664732142,0.0
1690209698289652411,681948,0.4191837033929171,0.07961688784745075,0.0
1690209698296524875,681949,0.41911301678050294,0.07967374772227329,0.0
1690209698296577154,681949,0.41912876356692863,0.07963772720191233,0.0
1690209698296760637,681949,0.4191306158186147,0.07957883315472485,0.0
1690209698296767844,681949,0.4190796620493761,0.07958508534990798,0.0
1690209698296771214,681949,0.41913334195890906,0.07954112427825304,0.0
1690209698296778050,681949,0.4192454016199285,0.07940231679185458,0.0
1690209698296783931,681949,0.4192657421388964,0.07937102184213855,0.0
1690209698296788647,681949,0.4192744499191311,0.07937751282762445,0.0
1690209698296795434,681949,0.4193237758435401,0.07930031745295267,0.0
1690209698296799877,681949,0.4193592310132992,0.07932091201088028,0.0
1690209698305199283,681950,0.41933329177359324,0.07934526665924471,0.0
1690209698306202193,681950,0.4192986444800446,0.07942268823399877,0.0
1690209698306327389,681950,0.4193263188710484,0.07941747872950533,0.0
1690209698306602828,681950,0.41932231055755786,0.0793853039021287,0.0
1690209698306618675,681950,0.41933814810688114,0.07940552218417099,0.0
1690209698306627460,681950,0.4192808299324172,0.07949516164380227,0.0
1690209698306635093,681950,0.41930569234974946,0.07945895347455079,0.0
1690209698306644010,681950,0.41925397330329683,0.07951962588763402,0.0
1690209698306649038,681950,0.4192339988187018,0.07958001350768093,0.0
1690209698306667612,681950,0.4193300475890011,0.07946048373486081,0.0
1690209698311813434,681951,0.4192896360955752,0.07949338412990435,0.0
1690209698312039672,681951,0.41926329981171073,0.07956368460610963,0.0
1690209698312564238,681951,0.41929323804913016,0.0795153249051332,0.0
1690209698312615048,681951,0.41927259498404185,0.07951296485653588,0.0
1690209698312888054,681951,0.41921080322994153,0.07962523480771298,0.0
1690209698312899579,681951,0.4192324094358677,0.07956843615811827,0.0
1690209698312922181,681951,0.41930696516768834,0.07949911743115683,0.0
1690209698312928196,681951,0.4192875385202086,0.07955235614261662,0.0
1690209698312936640,681951,0.41933046644532845,0.07947994903173175,0.0
1690209698312956699,681951,0.41937147914652034,0.07945745073353647,0.0
1690209698322089197,681952,0.41936437188758713,0.07945475710075062,0.0
1690209698322528424,681952,0.41940224203829335,0.07940253747164823,0.0
1690209698323829876,681952,0.4193900220373575,0.07939954314261383,0.0
1690209698324085449,681952,0.4193664955934047,0.07943043063344686,0.0
1690209698324485904,681952,0.4194466658686153,0.07932461695869036,0.0
1690209698324510885,681952,0.4193991890433929,0.0793540474932682,0.0
1690209698324524557,681952,0.41943760411453623,0.0793536827615832,0.0
1690209698324558065,681952,0.4194369617132445,0.07933987704923916,0.0
1690209698324576918,681952,0.4194306776840764,0.07936863478797122,0.0
1690209698324594913,681952,0.4194472282129617,0.0793786585416169,0.0
1690209698330523509,681953,0.41944705527732495,0.07939291306622515,0.0
1690209698330984631,681953,0.41944930421811855,0.07940716112029629,0.0
1690209698331107994,681953,0.41941100989929136,0.07942204977407943,0.0
1690209698331388703,681953,0.41942174018521483,0.0794081789754975,0.0
1690209698331704210,681953,0.4193543505756421,0.07947989048831462,0.0
1690209698332283275,681953,0.41933092386893395,0.07949447847741863,0.0
1690209698332406315,681953,0.41931380348695324,0.0794716269613868,0.0
1690209698332612012,681953,0.41926940545994856,0.0795089390773301,0.0
1690209698332705444,681953,0.4193192720550876,0.0793791451308234,0.0
1690209698332714102,681953,0.41933154085500124,0.07933210562693532,0.0
1690209698337528860,681954,0.41935064430974456,0.07933786966080457,0.0
1690209698338517870,681954,0.41938376934492516,0.07927063650433554,0.0
1690209698338713546,681954,0.41948242282944315,0.07922063923823536,0.0
1690209698338802172,681954,0.4194987509613256,0.0792069118282995,0.0
1690209698339073639,681954,0.41961292685383483,0.07910756269065036,0.0
1690209698339088411,681954,0.41968248763039084,0.07904377316447757,0.0
1690209698339101168,681954,0.41962519420136624,0.07913559327173258,0.0
1690209698339109610,681954,0.419645935538551,0.07912590242546083,0.0
1690209698339117713,681954,0.41952790047193766,0.0791963433556666,0.0
1690209698339130212,681954,0.41951185552848796,0.0792655389433239,0.0
1690209698345669945,681955,0.4194629374585675,0.07927726876885281,0.0
1690209698346376182,681955,0.4194036741398623,0.0793249973369045,0.0
1690209698346599716,681955,0.41936072031729865,0.07937435472764914,0.0
1690209698346817997,681955,0.41934291443076965,0.07933991948460255,0.0
1690209698346925457,681955,0.41936537440976956,0.07931541480037724,0.0
1690209698347163486,681955,0.41929548259410976,0.07942172946818485,0.0
1690209698347171505,681955,0.419390048037408,0.07932961060432575,0.0
1690209698347179533,681955,0.4193567756839153,0.07935988002435089,0.0
1690209698347190642,681955,0.4193528992629739,0.07939975692718014,0.0
1690209698347197212,681955,0.4194309064852788,0.0793766206798953,0.0
1690209698354660951,681956,0.4193995537552153,0.07939918982702708,0.0
1690209698355023621,681956,0.4193232164661719,0.07950452879505163,0.0
1690209698355719034,681956,0.4193141322249376,0.07952535253026102,0.0
1690209698356272695,681956,0.4192920326023917,0.07955895476871748,0.0
1690209698356432634,681956,0.41922335833938573,0.0796346533886198,0.0
1690209698356805943,681956,0.41910630379109803,0.07968135666782766,0.0
1690209698356818952,681956,0.41911281456744387,0.0796765056507556,0.0
1690209698356828730,681956,0.4191205491075548,0.07960200733825032,0.0
1690209698356861366,681956,0.4190710951389127,0.07961525764697236,0.0
1690209698356878496,681956,0.41911987114610216,0.07954043213710112,0.0
1690209698362138152,681957,0.4191309848233914,0.07948081708826013,0.0
1690209698363417391,681957,0.4192690728966861,0.07930638406632386,0.0
1690209698363650932,681957,0.41929394344790993,0.07926683483936289,0.0
1690209698363678884,681957,0.4194395409277934,0.07915094403618761,0.0
1690209698363955546,681957,0.419494367227516,0.07905033175210152,0.0
1690209698363968170,681957,0.4194894466353659,0.07908658319594643,0.0
1690209698363974066,681957,0.4196161522300616,0.07900362413261824,0.0
1690209698363982120,681957,0.4195974338183932,0.07901664170440154,0.0
1690209698363988926,681957,0.4195913016888092,0.07900647607425718,0.0
1690209698364039932,681957,0.41951023673457066,0.07908720535787589,0.0
1690209698370559213,681958,0.419582832051151,0.07901347027221162,0.0
1690209698371709656,681958,0.41950771137813847,0.07905639059806314,0.0
1690209698372017939,681958,0.4194217015150632,0.07916785131070546,0.0
1690209698372333443,681958,0.41932738890709287,0.07923490761279445,0.0
1690209698372342421,681958,0.4193336847999135,0.07923344443725745,0.0
1690209698372362006,681958,0.41927374914573917,0.0792754823852051,0.0
1690209698372376550,681958,0.41917695325213933,0.07942382019578693,0.0
1690209698372384238,681958,0.4191669069628605,0.07942315897157555,0.0
1690209698372391234,681958,0.4191053598975337,0.07945885560108822,0.0
1690209698372439063,681958,0.41911152024428894,0.07950448785672189,0.0
1690209698378485066,681959,0.41905523832405644,0.07961913783391009,0.0
1690209698379798380,681959,0.41908446072659344,0.07960026641031297,0.0
1690209698379923841,681959,0.4189805412167744,0.07968173212135307,0.0
1690209698380218476,681959,0.4189782050300441,0.07972476826057275,0.0
1690209698380238528,681959,0.4190765209937879,0.07965440413314528,0.0
1690209698380257096,681959,0.41899596876756534,0.07973063846719901,0.0
1690209698380276777,681959,0.4189472666375846,0.07980723700348026,0.0
1690209698380286895,681959,0.4189598665965435,0.07977748068530044,0.0
1690209698380293716,681959,0.419091895978215,0.07964803529747176,0.0
1690209698380327557,681959,0.419071429714562,0.07968990669392233,0.0
1690209698389046820,681960,0.41905834678725257,0.07970108104295934,0.0
1690209698389729868,681960,0.4191148917516499,0.0795981641133917,0.0
1690209698389847948,681960,0.41911388676915795,0.07953149465886908,0.0
1690209698389983552,681960,0.41910602513640693,0.07953584755894634,0.0
1690209698390588112,681960,0.4191140579039721,0.07946496918333984,0.0
1690209698390751406,681960,0.41914076473204664,0.07937588489402096,0.0
1690209698391089487,681960,0.4191444541418258,0.07933439462832823,0.0
1690209698391109842,681960,0.4192081361236253,0.07924050560230578,0.0
1690209698391122842,681960,0.4193459192338204,0.0790795929765154,0.0
1690209698391134081,681960,0.41930480606528164,0.07905715968724815,0.0
1690209698397778194,681961,0.41940495821569823,0.0789708107989284,0.0
1690209698398926592,681961,0.41948500138412637,0.07886871168076574,0.0
1690209698398934899,681961,0.4195481427570312,0.07886280835163961,0.0
1690209698399195586,681961,0.4195385940612227,0.078844361280519,0.0
1690209698399384497,681961,0.41954984401174317,0.0788174134719222,0.0
1690209698399397930,681961,0.41963340422129325,0.07875488392476734,0.0
1690209698399405307,681961,0.41964937568812993,0.07873090837282347,0.0
1690209698399411364,681961,0.4196573631431859,0.07878807766826906,0.0
1690209698399415912,681961,0.41954534747167826,0.07892229680954793,0.0
1690209698399480675,681961,0.41955108043426353,0.07893809634177036,0.0
1690209698405220433,681962,0.41955492349166335,0.07898030448502347,0.0
1690209698406215809,681962,0.4194760713545501,0.07911851509171919,0.0
1690209698406424162,681962,0.4194385015630551,0.07916108377183159,0.0
1690209698406706682,681962,0.4192972317644486,0.07926823909432694,0.0
1690209698406714125,681962,0.41923515242348325,0.07935631531165718,0.0
1690209698406727982,681962,0.41921598352818107,0.07935142814183642,0.0
1690209698406741095,681962,0.4190908915419319,0.07944803227506164,0.0
1690209698406749159,681962,0.4190182208274353,0.07950579554601211,0.0
1690209698406758941,681962,0.4190117039812623,0.07946088764427743,0.0
1690209698406788109,681962,0.4190209081135206,0.07946599961661775,0.0
1690209698412839375,681963,0.41899328710181105,0.07948345868069441,0.0
1690209698413611878,681963,0.41904150762928416,0.07941460060555677,0.0
1690209698413871863,681963,0.41910878508229,0.07933835329887873,0.0
1690209698414378009,681963,0.4192099614555545,0.0792922547632655,0.0
1690209698414559873,681963,0.41931388296774136,0.07917946307424543,0.0
1690209698414909433,681963,0.41929838705927025,0.0792166572349228,0.0
1690209698414924784,681963,0.41929728274513006,0.07921133503703562,0.0
1690209698414956287,681963,0.41937285198132657,0.07910551562171424,0.0
1690209698414969166,681963,0.4193778941459049,0.07912023934855299,0.0
1690209698414986707,681963,0.41935247793291425,0.07914959892252417,0.0
1690209698421029737,681964,0.41935627834035855,0.07910072706780569,0.0
1690209698421419926,681964,0.41934590053615856,0.0790830053069305,0.0
1690209698422397333,681964,0.41938573172445953,0.07906229045827311,0.0
1690209698422690363,681964,0.41935688869352405,0.07905570761332653,0.0
1690209698422947642,681964,0.41933913374731246,0.07907421924139935,0.0
1690209698422956502,681964,0.41936591960800257,0.07898358032655982,0.0
1690209698422967077,681964,0.4194023968272197,0.07895575453247403,0.0
1690209698422996761,681964,0.41942202256426314,0.0789591755722403,0.0
1690209698423009410,681964,0.4193824226364855,0.0789894684010687,0.0
1690209698423021914,681964,0.41941583072521904,0.0789312089735041,0.0
1690209698430018661,681965,0.4193435445558779,0.07900716677629255,0.0
1690209698431267536,681965,0.4194664192391165,0.07891556585519859,0.0
1690209698431520035,681965,0.4194141539806427,0.07893585534240385,0.0
1690209698431950398,681965,0.41939451082381113,0.07899429559518455,0.0
1690209698431959005,681965,0.41941474401313145,0.07890923305921169,0.0
1690209698431963623,681965,0.4194635513315193,0.07893402434419847,0.0
1690209698431995720,681965,0.4194381393712189,0.07895794806711523,0.0
1690209698432016914,681965,0.41938734031897984,0.07900449399285887,0.0
1690209698432030210,681965,0.4194329488412379,0.07897987192119374,0.0
1690209698432040263,681965,0.4193584239555474,0.07905108275614058,0.0
1690209698437424718,681966,0.41945333072054714,0.07896612947923634,0.0
1690209698438324263,681966,0.4193320942181385,0.07905496102787489,0.0
1690209698438692385,681966,0.4193165985830061,0.07910878267195716,0.0
1690209698438720935,681966,0.4193437944126539,0.07901168294173491,0.0
1690209698438963413,681966,0.4193027453204621,0.07908020891856332,0.0
1690209698438974811,681966,0.41931667493090985,0.079121117381106,0.0
1690209698438982040,681966,0.41925791560865544,0.07911017922845162,0.0
1690209698438986649,681966,0.41929506202092437,0.07907866121537702,0.0
1690209698439005717,681966,0.41923126178492465,0.07917007737819509,0.0
1690209698439014885,681966,0.4193398896818946,0.07906077984618755,0.0
1690209698444915186,681967,0.41931181233455994,0.07907484401761379,0.0
1690209698445894950,681967,0.4192377936679215,0.07914463445602238,0.0
1690209698446025806,681967,0.4193495149455343,0.07903066097809396,0.0
1690209698446305644,681967,0.4193428354462476,0.07901737419263685,0.0
1690209698446315687,681967,0.41930780587226296,0.07907584165151785,0.0
1690209698446362739,681967,0.41930572942613836,0.07907280530225211,0.0
1690209698446376666,681967,0.41933541019559883,0.07902215179886836,0.0
1690209698446387491,681967,0.4193511005377763,0.0790358026293483,0.0
1690209698446397011,681967,0.4193282391443567,0.07905254281974056,0.0
1690209698446410522,681967,0.4193361118757325,0.07907901549323543,0.0
1690209698453568590,681968,0.41933456370978317,0.07902408401908814,0.0
1690209698454167519,681968,0.41931948196950436,0.07902985298762899,0.0
1690209698455013808,681968,0.41936333046777663,0.07902043660569265,0.0
1690209698455098086,681968,0.4193413764590458,0.07901452679582972,0.0
1690209698455475205,681968,0.419324975268626,0.07899612680240164,0.0
1690209698455510943,681968,0.41924024062247756,0.07906768399693857,0.0
1690209698455517115,681968,0.419361841054576,0.07894653245546822,0.0
1690209698455527850,681968,0.4194310972343928,0.07882522804367087,0.0
1690209698455542409,681968,0.41940829782305616,0.07889343980025469,0.0
1690209698455606091,681968,0.4195024986012418,0.07879253700835102,0.0
1690209698462382409,681969,0.4195915074560618,0.07871690028732203,0.0
1690209698463943753,681969,0.4195859832334655,0.07872800530197135,0.0
1690209698464154833,681969,0.4195811819358849,0.07876287539204628,0.0
1690209698464546070,681969,0.4196892442306005,0.07865502784395534,0.0
1690209698464558484,681969,0.41966969565529477,0.07864881906246737,0.0
1690209698464576190,681969,0.41970801186465734,0.07864871632404816,0.0
1690209698464587448,681969,0.4196664454654778,0.07868367265624393,0.0
1690209698464603824,681969,0.41968087153994477,0.07870072771386703,0.0
1690209698464612722,681969,0.4196887122739117,0.0786256551345925,0.0
1690209698464659260,681969,0.4196182095874491,0.07870228401033921,0.0
1690209698470222645,681970,0.41965061187475916,0.0786819658509224,0.0
1690209698470933553,681970,0.41958557172793876,0.07868816131954642,0.0
1690209698471080714,681970,0.419575730603657,0.07868877876866578,0.0
1690209698471682550,681970,0.4195451210330892,0.07872964876184088,0.0
1690209698471907195,681970,0.41962632824508844,0.07862265549328261,0.0
1690209698472170291,681970,0.4195586548064474,0.07869561211538866,0.0
1690209698472187409,681970,0.41949602988730395,0.07878673660338005,0.0
1690209698472201257,681970,0.41959807087482187,0.07872300830292331,0.0
1690209698472210302,681970,0.4195968746919395,0.07874744498686088,0.0
1690209698472220193,681970,0.4195643731481039,0.07882342378412256,0.0
1690209698478316132,681971,0.41957608782923334,0.07885536457624469,0.0
1690209698478515542,681971,0.41958533366387596,0.07886162195294227,0.0
1690209698478961964,681971,0.4195428583547782,0.07892175075525869,0.0
1690209698479094417,681971,0.4194886877130253,0.07900690557776416,0.0
1690209698479524903,681971,0.41944268542966934,0.07907173149386508,0.0
1690209698479592000,681971,0.41942853953267967,0.07905300659113879,0.0
1690209698479717333,681971,0.41933741617384973,0.079075048420886,0.0
1690209698479898798,681971,0.4193254223119103,0.07907745729371798,0.0
1690209698479912113,681971,0.4193306848225098,0.07902165685031907,0.0
1690209698479927823,681971,0.41928759834883483,0.07899552035757558,0.0
1690209698487680161,681972,0.419296674617462,0.07898879482029257,0.0
1690209698488517042,681972,0.4193717708376431,0.07888747176750548,0.0
1690209698488742388,681972,0.4194989404766197,0.078705290315274,0.0
1690209698488942308,681972,0.4195198629795258,0.07864214587614311,0.0
1690209698489128379,681972,0.4195989927144365,0.07858031236659348,0.0
1690209698489149629,681972,0.4197171669779976,0.07846490417573333,0.0
1690209698489530613,681972,0.41971863543418086,0.07842971457405375,0.0
1690209698489629072,681972,0.41975154550812566,0.07843069768238183,0.0
1690209698489764982,681972,0.41979304265544515,0.07836140160896557,0.0
1690209698489898194,681972,0.4198727175018285,0.07825275503027643,0.0
1690209698495048070,681973,0.41983327086084443,0.07829684448779244,0.0
1690209698495176053,681973,0.4198299395122753,0.07831186551385276,0.0
1690209698495351648,681973,0.4198987491196969,0.07823576635465036,0.0
1690209698496228540,681973,0.41981639060600184,0.07830579729618102,0.0
1690209698496418435,681973,0.4198082962144604,0.07835125896484667,0.0
1690209698496619821,681973,0.4198144356417893,0.0783171789000173,0.0
1690209698496638385,681973,0.4198330400303566,0.07830374209750801,0.0
1690209698496649708,681973,0.41974906495716724,0.07839532357684482,0.0
1690209698496657813,681973,0.41972700785268247,0.07841010917176185,0.0
1690209698496671686,681973,0.4196805986573761,0.07846316011852397,0.0
1690209698503608662,681974,0.41960410023658157,0.07856433459745475,0.0
1690209698503903060,681974,0.41956568461371807,0.07862805756256894,0.0
1690209698505013568,681974,0.4194894708263527,0.07872853883337748,0.0
1690209698505175481,681974,0.41945640585113336,0.07878662991504456,0.0
1690209698505535496,681974,0.4194187610290801,0.07883540129807888,0.0
1690209698505547321,681974,0.41942118013882906,0.07888552282093282,0.0
1690209698505556798,681974,0.4193754076955645,0.07895548418172425,0.0
1690209698505572827,681974,0.41931544385281516,0.07900010433705154,0.0
1690209698505580277,681974,0.4192705505059646,0.07905076997573073,0.0
1690209698505618601,681974,0.41934845737915927,0.07894581051334391,0.0
1690209698513779283,681975,0.4193867764287297,0.07891226522780359,0.0
1690209698514216009,681975,0.4193548427600752,0.07893844948612928,0.0
1690209698514741354,681975,0.41936259867863235,0.07890912545810834,0.0
1690209698515311487,681975,0.4193888696506871,0.07887693666058927,0.0
1690209698515957438,681975,0.41943537117099916,0.07886484799614553,0.0
1690209698515989810,681975,0.41946391586231413,0.07884300195001773,0.0
1690209698516007033,681975,0.4194535990538875,0.07880961898860653,0.0
1690209698516036040,681975,0.41945159403148957,0.0788030780248441,0.0
1690209698516044106,681975,0.41952695531729,0.07865089277272007,0.0
1690209698516051767,681975,0.4195349905742004,0.07862850982378408,0.0
1690209698521322028,681976,0.41955587154621093,0.07856725749170627,0.0
1690209698522141144,681976,0.4195715664357076,0.07849496061263668,0.0
1690209698522314859,681976,0.4196152522827635,0.07840335282431551,0.0
1690209698522722964,681976,0.41961031969622875,0.07838802182257543,0.0
1690209698522734907,681976,0.4197435566990773,0.07822045804015444,0.0
1690209698522749996,681976,0.4197486944887996,0.07817337837179983,0.0
1690209698522761491,681976,0.41979070223766746,0.078177273547793,0.0
1690209698522771755,681976,0.41987427631560365,0.07808938577133849,0.0
1690209698522781058,681976,0.41990504409538887,0.07817426266312906,0.0
1690209698522788686,681976,0.4199166331100186,0.07818149398678462,0.0
1690209698529870169,681977,0.41991347277940894,0.0782357082915896,0.0
1690209698531148127,681977,0.41994718760066874,0.07826500473761076,0.0
1690209698531399504,681977,0.4198561616420171,0.07840047810135982,0.0
1690209698531670707,681977,0.41984327878318384,0.07844314458775811,0.0
1690209698531695512,681977,0.4195972616076964,0.07869000199219828,0.0
1690209698532040246,681977,0.41957121357416205,0.07875094984221262,0.0
1690209698532059870,681977,0.4194695505217704,0.07877815199797553,0.0
1690209698532074504,681977,0.41931204263381733,0.07895275019850248,0.0
1690209698532087835,681977,0.4192457691443279,0.07894535605299209,0.0
1690209698532105669,681977,0.41920565401814,0.07892810231106084,0.0
1690209698537729586,681978,0.41922230694039136,0.07893037256591941,0.0
1690209698539007104,681978,0.4192049540952171,0.07898138771737973,0.0
1690209698539310661,681978,0.4193447367531753,0.07883866599321707,0.0
1690209698539579893,681978,0.4192968097538764,0.078882017446797,0.0
1690209698539591915,681978,0.4194183918636414,0.07877528150397953,0.0
1690209698539607236,681978,0.41947526322732065,0.07873056357930026,0.0
1690209698539618447,681978,0.41950269001732704,0.07875310643356336,0.0
1690209698539630024,681978,0.41955605921302264,0.07871000394195522,0.0
1690209698539639110,681978,0.41956464227127177,0.0787120598082691,0.0
1690209698539647046,681978,0.41960762332255513,0.07874781477644874,0.0
1690209698548636060,681979,0.4195811584442675,0.07875284415701647,0.0
1690209698548755443,681979,0.41954693039108787,0.07875235434797666,0.0
1690209698549205610,681979,0.4194879949852421,0.07880611640450517,0.0
1690209698549431548,681979,0.41954937353244476,0.07869171812107159,0.0
1690209698549835702,681979,0.41953411865864376,0.07867390977003412,0.0
1690209698549849191,681979,0.4194351689647951,0.07873816629675637,0.0
1690209698549858146,681979,0.41946234374937286,0.07867166217855741,0.0
1690209698549868688,681979,0.4195075540569027,0.07855962484082644,0.0
1690209698549889603,681979,0.41948855198729373,0.07858453189982505,0.0
1690209698549905484,681979,0.4195543401845356,0.07850918443189465,0.0
1690209698556453940,681980,0.4195974145966094,0.0784368328618041,0.0
1690209698556500566,681980,0.4196537418203391,0.07835917513364005,0.0
1690209698556512185,681980,0.419669602290253,0.07835859698440911,0.0
1690209698556528774,681980,0.4197055130072779,0.0784000489760173,0.0
1690209698556541814,681980,0.4196864657422847,0.0784015709394768,0.0
1690209698556550173,681980,0.4196815071158922,0.07839457567873942,0.0
1690209698556556931,681980,0.4197151453213115,0.0784012520690694,0.0
1690209698556579165,681980,0.4198154619685071,0.07832183124851519,0.0
1690209698556593877,681980,0.4197892250201186,0.07833460428951794,0.0
1690209698556599663,681980,0.41968099446840773,0.0784809225587877,0.0
1690209698564665473,681981,0.4197488134841151,0.07841223915561107,0.0
1690209698564829251,681981,0.4198262662803423,0.07832987036264365,0.0
1690209698564973971,681981,0.4197522135924352,0.07843076817360532,0.0
1690209698565425423,681981,0.41972516798954296,0.07844672668848651,0.0
1690209698565438103,681981,0.41976171244293875,0.07836857659702237,0.0
1690209698565450907,681981,0.4196736579836412,0.07845668178991709,0.0
1690209698565471042,681981,0.4196546489272051,0.07850690069408323,0.0
1690209698565483180,681981,0.4196022390390577,0.07852703920771012,0.0
1690209698565495398,681981,0.41957536073891166,0.07852872892612583,0.0
1690209698565510804,681981,0.41954272098495066,0.07854799998606392,0.0
1690209698571382884,681982,0.41957493838163723,0.0785343911803037,0.0
1690209698572620841,681982,0.41960705566650597,0.07850906179312507,0.0
1690209698572625608,681982,0.4195423099016228,0.0785057968932922,0.0
1690209698573018623,681982,0.419584725478907,0.07848695755481437,0.0
1690209698573032440,681982,0.4195999081647622,0.07848765666665734,0.0
1690209698573045681,681982,0.4196391256068314,0.07843126007894816,0.0
1690209698573061384,681982,0.4195799136831863,0.078475841001876,0.0
1690209698573076393,681982,0.4195711779380533,0.07849452268276397,0.0
1690209698573107745,681982,0.41968452057126154,0.07839711650436226,0.0
1690209698573117524,681982,0.4196311226186299,0.07843745417267918,0.0
1690209698580610463,681983,0.41955601210673665,0.07857013705638059,0.0
1690209698581849816,681983,0.41960050865193943,0.07853496728912937,0.0
1690209698582093580,681983,0.41961951314176493,0.07852788712842364,0.0
1690209698582252291,681983,0.41961252789897285,0.07858744263845865,0.0
1690209698582278918,681983,0.4195362424132356,0.07869369212868386,0.0
1690209698582288393,681983,0.4195683861374682,0.0786649391256956,0.0
1690209698582294097,681983,0.41946224348971245,0.07869858680228319,0.0
1690209698582302819,681983,0.41945123351764285,0.07873191983179562,0.0
1690209698582310141,681983,0.41938782083298226,0.07873898311866166,0.0
1690209698582323497,681983,0.4193227622405809,0.0787684372444401,0.0
1690209698587107566,681984,0.41926991029236194,0.07870096635938843,0.0
1690209698588719259,681984,0.419255049942342,0.07870520790491657,0.0
1690209698588728190,681984,0.41937819433148615,0.07856318419327177,0.0
1690209698588733983,681984,0.41935729756277823,0.07852447599700531,0.0
1690209698588752757,681984,0.419497721628197,0.07839906272307144,0.0
1690209698588769071,681984,0.4195906835796471,0.07827770319651915,0.0
1690209698588778540,681984,0.4197629745797945,0.07817298909596929,0.0
1690209698588794580,681984,0.4198221433696812,0.07811254694338124,0.0
1690209698588803721,681984,0.41985238496904,0.07811925906802453,0.0
1690209698588834872,681984,0.4199499370589729,0.07801392907302869,0.0
1690209698597548195,681985,0.41988513263600175,0.07806007975076473,0.0
1690209698597642664,681985,0.41989466030709066,0.07810303626719395,0.0
1690209698598451472,681985,0.4197320014109335,0.07820731794515393,0.0
1690209698598536381,681985,0.41971360289679016,0.07819521511555594,0.0
1690209698598738403,681985,0.41959391740322394,0.07827541947463505,0.0
1690209698598745367,681985,0.4195875099593796,0.07829653952817578,0.0
1690209698598748245,681985,0.4195760504501993,0.07827668122992822,0.0
1690209698598770135,681985,0.41945465425335293,0.07834713470825698,0.0
1690209698598777201,681985,0.41946433352953605,0.0783464693405378,0.0
1690209698598798028,681985,0.41947435852518244,0.07834173644655094,0.0
1690209698605332455,681986,0.41951013479987087,0.07831335599169548,0.0
1690209698605581106,681986,0.41939978752892715,0.07843861256004919,0.0
1690209698605798805,681986,0.41939011434974127,0.07842393580498676,0.0
1690209698606075132,681986,0.41942189398894963,0.07844202269837104,0.0
1690209698606368237,681986,0.4193749592139978,0.07852905725107011,0.0
1690209698606413521,681986,0.41931827069849054,0.07863545508494578,0.0
1690209698606617869,681986,0.41930332176240365,0.07866905655768043,0.0
1690209698606627025,681986,0.4192775930443836,0.07871244287564774,0.0
1690209698606630518,681986,0.41929942764534484,0.07874696480774807,0.0
1690209698606658168,681986,0.4192353825248126,0.0788098200146848,0.0
1690209698612902194,681987,0.41921466948966213,0.07883681002577025,0.0
1690209698613426243,681987,0.4191610525272066,0.0788581751543619,0.0
1690209698613552414,681987,0.4191167683111905,0.07890247508321312,0.0
1690209698613580770,681987,0.4191761475928451,0.078790700177253,0.0
1690209698613710278,681987,0.41911609288189283,0.07881649805456876,0.0
1690209698613720294,681987,0.41913835803153854,0.07874980357634767,0.0
1690209698613725037,681987,0.41915882047606917,0.07867879996050056,0.0
1690209698613730723,681987,0.41925001841414816,0.0785741506985511,0.0
1690209698613738429,681987,0.4192797255352665,0.0785274925933811,0.0
1690209698613744499,681987,0.41937362483789387,0.07838546391292825,0.0
1690209698621156122,681988,0.41944803888461013,0.07829233575017257,0.0
1690209698621275259,681988,0.4195286856909076,0.07825776194625271,0.0
1690209698621609302,681988,0.4196102233112842,0.07812495629774968,0.0
1690209698621658915,681988,0.4196375540764525,0.07807552532589504,0.0
1690209698621823629,681988,0.4196157892654887,0.07807605910480786,0.0
1690209698621838017,681988,0.4197033722684477,0.077961845566416,0.0
1690209698621843517,681988,0.4197493914611703,0.07790016055359791,0.0
1690209698621848761,681988,0.41970476056108624,0.07797820699292683,0.0
1690209698621854059,681988,0.4197797757063333,0.07788087271753277,0.0
1690209698621861034,681988,0.41979030884909463,0.07788693848060785,0.0
1690209698629199022,681989,0.41982918967794985,0.07788076530208364,0.0
1690209698630172917,681989,0.4198032069710598,0.07789976775071665,0.0
1690209698630179603,681989,0.41980868644650965,0.07794185108339474,0.0
1690209698630347950,681989,0.41973589801040256,0.07802765448591405,0.0
1690209698630588581,681989,0.4197382240416442,0.07807603905491435,0.0
1690209698630901721,681989,0.4196375520186588,0.07819653511875323,0.0
1690209698630917293,681989,0.4195328196034205,0.07835710712702408,0.0
1690209698630926151,681989,0.41949713887991574,0.07836751621534802,0.0
1690209698630934032,681989,0.41935810664385004,0.07853723258545958,0.0
1690209698630967012,681989,0.41935846307263436,0.07859056711720804,0.0
1690209698639571574,681990,0.41926848941633765,0.07866721613465717,0.0
1690209698639800797,681990,0.4192499703799185,0.07872860398068791,0.0
1690209698639810766,681990,0.41916905215082323,0.07877210799476453,0.0
1690209698640228009,681990,0.4192212751374337,0.07872578232315089,0.0
1690209698640244872,681990,0.41918210038133374,0.07875992675660858,0.0
1690209698640251827,681990,0.41914267891534757,0.07880017799524384,0.0
1690209698640281668,681990,0.41927011601199476,0.07868585756733522,0.0
1690209698640293122,681990,0.4192770028398581,0.07867486846709246,0.0
1690209698640300038,681990,0.4193752571065308,0.07858805964971709,0.0
1690209698640343637,681990,0.41937393100550346,0.07858219996292477,0.0
1690209698647402343,681991,0.4194196878588947,0.07855426746585202,0.0
1690209698647667651,681991,0.419455249130443,0.07850249476520442,0.0
1690209698648022278,681991,0.41940986703931404,0.0785289974908675,0.0
1690209698648126801,681991,0.4194545448007162,0.07853251139016906,0.0
1690209698648272604,681991,0.419487295801436,0.0784213285775291,0.0
1690209698648286872,681991,0.41951570728436316,0.07836294747963754,0.0
1690209698648314949,681991,0.4194801517750961,0.07838664600797851,0.0
1690209698648327511,681991,0.41952956455173657,0.07828162539136621,0.0
1690209698648334099,681991,0.41955990656699615,0.07818009968301647,0.0
1690209698648338785,681991,0.4194881928898485,0.0782364966864188,0.0
1690209698654741571,681992,0.4196263867811156,0.07808408337821057,0.0
1690209698655752460,681992,0.4196767654856728,0.07798332343144779,0.0
1690209698655762333,681992,0.419713581392709,0.07797538180758513,0.0
1690209698655946002,681992,0.4197833266798011,0.07790109136571854,0.0
1690209698656358365,681992,0.4198538256749289,0.07785935342505451,0.0
1690209698656477539,681992,0.4198996680308248,0.07780548794146772,0.0
1690209698656747388,681992,0.41988407436036046,0.07783556729317762,0.0
1690209698656759809,681992,0.4199232291426794,0.0778805098123303,0.0
1690209698656766186,681992,0.419927275654347,0.07787394709043996,0.0
1690209698656773899,681992,0.4198774001438492,0.07791498036152986,0.0
1690209698662224961,681993,0.41980813886863366,0.07804222210678484,0.0
1690209698662594506,681993,0.41986023063624334,0.07802412378654942,0.0
1690209698663472027,681993,0.41982543659203997,0.07805379621649601,0.0
1690209698663487549,681993,0.4196973792359763,0.07822104880171779,0.0
1690209698663724252,681993,0.4196811209101099,0.07825580784158909,0.0
1690209698663742075,681993,0.4196887257641884,0.0781923384277676,0.0
1690209698663748620,681993,0.4195778967355658,0.07831543157135186,0.0
1690209698663754985,681993,0.4195657011052524,0.07835046889281032,0.0
1690209698663762446,681993,0.4195674887620295,0.07828594390238783,0.0
1690209698663782714,681993,0.41950592289852395,0.07836427765233868,0.0
1690209698669662650,681994,0.41950908046887747,0.07836374363360027,0.0
1690209698669771916,681994,0.41951567212156554,0.07834111986361986,0.0
1690209698670006384,681994,0.41952944135302794,0.07832551861704477,0.0
1690209698670963484,681994,0.41943328906183663,0.0784059288709848,0.0
1690209698671088121,681994,0.4195224129257998,0.07833073443662054,0.0
1690209698671366462,681994,0.41951768505348175,0.07834789037856489,0.0
1690209698671378783,681994,0.4194617913766164,0.07839264688211046,0.0
1690209698671390702,681994,0.419451564099046,0.07838488114068301,0.0
1690209698671406574,681994,0.4194898167057548,0.0783199501487501,0.0
1690209698671416701,681994,0.41953935856344804,0.07826285138670908,0.0
1690209698678593681,681995,0.41951290941873937,0.07828574057027772,0.0
1690209698679824833,681995,0.41951092657912786,0.0782659668634478,0.0
1690209698680114672,681995,0.41953702260349734,0.07822932535587854,0.0
1690209698680477812,681995,0.4195307699511438,0.0782013332504481,0.0
1690209698680498147,681995,0.41951363368869077,0.07828674312028366,0.0
1690209698680518689,681995,0.4195381946954831,0.0782641012571763,0.0
1690209698680533206,681995,0.41952988201686353,0.07823311347752751,0.0
1690209698680543006,681995,0.41956524690975705,0.07820665819152335,0.0
1690209698680559589,681995,0.4195845426604575,0.07818493211274466,0.0
1690209698680574138,681995,0.4196005381479096,0.07819302588194042,0.0
1690209698688965883,681996,0.4195087906470943,0.07824189837492888,0.0
1690209698689428218,681996,0.4194979652241343,0.07823038678180073,0.0
1690209698690430419,681996,0.41957802770732594,0.07811241166425488,0.0
1690209698690754163,681996,0.4195950369367784,0.07808392035397382,0.0
1690209698691177478,681996,0.4196060070625812,0.07808056525177737,0.0
1690209698691188023,681996,0.41960665710355305,0.07807654827467093,0.0
1690209698691211487,681996,0.419685049844599,0.07801294062916919,0.0
1690209698691227741,681996,0.41969224763854773,0.07804089601764883,0.0
1690209698691239078,681996,0.41968051350248375,0.07807135624716605,0.0
1690209698691263307,681996,0.4196972626488925,0.07802517764034195,0.0
1690209698696171258,681997,0.41968717306850506,0.07805313815213741,0.0
1690209698696316317,681997,0.41971995167939546,0.07804018436174513,0.0
1690209698696796601,681997,0.41970992508703175,0.07806230676961447,0.0
1690209698697199693,681997,0.4196371444221787,0.07809062000769398,0.0
1690209698697349648,681997,0.41958400207351204,0.0781400005594809,0.0
1690209698697552084,681997,0.41959991680964637,0.0780970874911403,0.0
1690209698697567708,681997,0.41957369845398684,0.07815404306496619,0.0
1690209698697590863,681997,0.4195218723838388,0.07821212427305685,0.0
1690209698697767070,681997,0.41949297442177835,0.07820769055928713,0.0
1690209698697778944,681997,0.41949932013634317,0.0782307274821338,0.0
1690209698704023848,681998,0.41946323698581434,0.07831182498062621,0.0
1690209698704309608,681998,0.419483020266858,0.07837847439145448,0.0
1690209698704516337,681998,0.4194262993804668,0.07844112324413578,0.0
1690209698704695340,681998,0.41938804478878483,0.07847359966276153,0.0
1690209698704961081,681998,0.4194720698038338,0.0784139999654466,0.0
1690209698705072630,681998,0.41942716454317736,0.07844967348315587,0.0
1690209698705080328,681998,0.4193576938975708,0.07852644416748099,0.0
1690209698705201015,681998,0.4193254584516354,0.07855693746086148,0.0
1690209698705214301,681998,0.41936380425026804,0.07848625299958913,0.0
1690209698705222663,681998,0.4194709199999777,0.07838412652371211,0.0
1690209698712891605,681999,0.4194203521839735,0.0784326418610445,0.0
1690209698714377521,681999,0.41947915915898365,0.07837099613097964,0.0
1690209698714606415,681999,0.41953992169116683,0.07822055092738861,0.0
1690209698714983961,681999,0.4195564739150087,0.07819353879194428,0.0
1690209698715015247,681999,0.4196124358223153,0.07816751418959766,0.0
1690209698715026463,681999,0.4196299818935844,0.07807002330280617,0.0
1690209698715039363,681999,0.41964840096841205,0.07796091345347911,0.0
1690209698715154513,681999,0.4196130730255615,0.07798776907266476,0.0
1690209698715188158,681999,0.41980203759536455,0.07778331827251554,0.0
1690209698715195839,681999,0.41982626947102625,0.07770915941446724,0.0
1690209698720506766,682000,0.4198421456058588,0.0776766802158684,0.0
1690209698721420208,682000,0.4199407930620631,0.07756441863411662,0.0
1690209698721526557,682000,0.4200133292441808,0.07751364388753809,0.0
1690209698721794174,682000,0.41999449700518277,0.07751150301327792,0.0
1690209698721806018,682000,0.4199655269383427,0.07754889461921703,0.0
1690209698721814979,682000,0.4200189982807883,0.07749836238069549,0.0
1690209698721820406,682000,0.42005126484709093,0.07748969250015825,0.0
1690209698721835642,682000,0.420025136574976,0.07753205113162387,0.0
1690209698721844553,682000,0.4199281186420006,0.07770874932722466,0.0
1690209698721874948,682000,0.4200008800850846,0.07765810281665875,0.0
1690209698729521627,682001,0.4199994644840513,0.0777106931554716,0.0
1690209698729688812,682001,0.419968827497042,0.07782338925091406,0.0
1690209698730163455,682001,0.4199234667664337,0.0779035047529019,0.0
1690209698730171998,682001,0.41992035995356036,0.07791388016043548,0.0
1690209698730179798,682001,0.419708940660655,0.07813573447220575,0.0
1690209698730201240,682001,0.41966781105405193,0.07820488909804989,0.0
1690209698730232967,682001,0.4195740213203657,0.07823638703527468,0.0
1690209698730275711,682001,0.4194175292367889,0.07838830017607387,0.0
1690209698730303285,682001,0.41936968195609015,0.07837908843027812,0.0
1690209698730319138,682001,0.41931737241912775,0.07841744924453427,0.0
1690209698739317937,682002,0.41933833920683805,0.07839486707685557,0.0
1690209698740861884,682002,0.4192581814356472,0.07840625881936909,0.0
1690209698740949862,682002,0.4193754533268139,0.0783128969936254,0.0
1690209698741424275,682002,0.4194037025374113,0.07828853865660629,0.0
1690209698741444415,682002,0.4195376460491731,0.07818866104254027,0.0
1690209698741465277,682002,0.4195760492633336,0.07814810077701359,0.0
1690209698741488280,682002,0.4196013036692232,0.07816417090641031,0.0
1690209698741541497,682002,0.41973806261835944,0.07803388729518693,0.0
1690209698741557882,682002,0.41970975120137766,0.07805513275672411,0.0
1690209698741582589,682002,0.41972733243420335,0.0780770721376831,0.0
1690209698746424804,682003,0.4197102266101571,0.07806239200273572,0.0
1690209698746554063,682003,0.4197126475854428,0.07802404182807078,0.0
1690209698747154442,682003,0.4196703098594124,0.0780773928838597,0.0
1690209698747231641,682003,0.41968778686967706,0.07803784699304606,0.0
1690209698747514061,682003,0.41970686569778043,0.07798087224922629,0.0
1690209698747526402,682003,0.4196587339580557,0.07797454556973475,0.0
1690209698747540149,682003,0.4197074744414985,0.07789233104291914,0.0
1690209698747543543,682003,0.41975406756571254,0.07783474265957355,0.0
1690209698747569087,682003,0.4197147959368933,0.07786147488986471,0.0
1690209698747575220,682003,0.4197183965372463,0.07786897152676257,0.0
1690209698755185051,682004,0.41977450362085367,0.07781105901831112,0.0
1690209698755270457,682004,0.419836870433382,0.07775104588436486,0.0
1690209698755891740,682004,0.4198237291916951,0.07777476832074162,0.0
1690209698756183650,682004,0.4197537762876708,0.07791450240896264,0.0
1690209698756506202,682004,0.4198008475066342,0.07787710814291698,0.0
1690209698756524989,682004,0.4197717997042256,0.07789930537519235,0.0
1690209698756536605,682004,0.41978694927772064,0.07796179476152064,0.0
1690209698756550364,682004,0.41979592524631293,0.0779659982925877,0.0
1690209698756566862,682004,0.41978721706977407,0.07797258485539206,0.0
1690209698756574941,682004,0.4197050672880183,0.0780705253424358,0.0
1690209698763554495,682005,0.4196919379049502,0.07809930160738983,0.0
1690209698763675150,682005,0.41979023415894456,0.07800427462757975,0.0
1690209698764782610,682005,0.41970096577261184,0.0780920143731694,0.0
1690209698764886436,682005,0.4197161095213753,0.07807506943122025,0.0
1690209698765254783,682005,0.41977466061493235,0.0780261057668387,0.0
1690209698765269798,682005,0.4197652490831041,0.07804726373484394,0.0
1690209698765288438,682005,0.41975308897364705,0.07808872369622806,0.0
1690209698765304295,682005,0.4197843177541367,0.07803460965895244,0.0
1690209698765322655,682005,0.4198143778040964,0.07801298071485367,0.0
1690209698765344180,682005,0.41976621501875244,0.07809782517123441,0.0
1690209698771387307,682006,0.4197714854339642,0.07807044398759845,0.0
1690209698771732317,682006,0.41975205084843015,0.0780782590220035,0.0
1690209698772094257,682006,0.41970521189312654,0.07805992271346925,0.0
1690209698772285756,682006,0.4197190220595076,0.07802617965786823,0.0
1690209698773161577,682006,0.4197200004623691,0.07798485340101945,0.0
1690209698773285940,682006,0.419705050458827,0.0779794467579563,0.0
1690209698773529999,682006,0.41970701627980567,0.07794061181256873,0.0
1690209698773545986,682006,0.4197132527265358,0.07790497896962177,0.0
1690209698773577629,682006,0.4198601932018906,0.0777710149719984,0.0
1690209698773593444,682006,0.4198578322274946,0.07775189224014997,0.0
1690209698780043795,682007,0.41988729527585933,0.07779874294119474,0.0
1690209698780705081,682007,0.41995241454962656,0.07772719586203979,0.0
1690209698780905255,682007,0.4199684693614157,0.0777624245953557,0.0
1690209698781097614,682007,0.4199623922703407,0.07779650892825495,0.0
1690209698781218409,682007,0.4199606449366795,0.07781330260677409,0.0
1690209698781402351,682007,0.419967641732488,0.07781784755652621,0.0
1690209698781504876,682007,0.4198686552192294,0.07791882755422516,0.0
1690209698781659783,682007,0.41985070073643094,0.07794419658414642,0.0
1690209698781781728,682007,0.4197691331698991,0.07800131500036052,0.0
1690209698781939080,682007,0.41970581513064487,0.07806232150672746,0.0
1690209698787917325,682008,0.4196839356820458,0.0780537300931146,0.0
1690209698788184767,682008,0.41965610628896505,0.07808224835825432,0.0
1690209698789162212,682008,0.41965644496689636,0.07807505204622915,0.0
1690209698789170481,682008,0.41963064883638906,0.07808117090888747,0.0
1690209698789491463,682008,0.4196939262274735,0.07804052254278539,0.0
1690209698789501962,682008,0.4196936475061809,0.07804825613924318,0.0
1690209698789528529,682008,0.4197419592059938,0.07802255995232688,0.0
1690209698789536166,682008,0.4197587408506711,0.07799899335354275,0.0
1690209698789550016,682008,0.41975345823290516,0.07801466346715133,0.0
1690209698789560515,682008,0.41979648260953706,0.07797078629835308,0.0
1690209698796944875,682009,0.41979626125394504,0.07797232019886093,0.0
1690209698797457501,682009,0.41980377605965435,0.07797380861645892,0.0
1690209698798082717,682009,0.4198114565255527,0.07796162384508419,0.0
1690209698798564817,682009,0.419821313936409,0.0779316245714433,0.0
1690209698798667069,682009,0.4198151809694418,0.07793831046361448,0.0
1690209698798964970,682009,0.4198012000899333,0.07793261554766881,0.0
1690209698798981133,682009,0.4198194592525734,0.07791545276374343,0.0
1690209698798994732,682009,0.41980525471725216,0.07791510322418206,0.0
1690209698799010511,682009,0.4198032498442091,0.07790194152530079,0.0
1690209698799052934,682009,0.4197953516764346,0.0779090189868877,0.0
1690209698805404709,682010,0.41980133656255986,0.07790362623662091,0.0
1690209698805417338,682010,0.4197669076344366,0.07792960275687276,0.0
1690209698805424492,682010,0.41976877386226824,0.07791760771994839,0.0
1690209698805449731,682010,0.4197547292947046,0.07793266731396688,0.0
1690209698805678386,682010,0.41976578836091744,0.0779295121919174,0.0
1690209698805683626,682010,0.4197576001327346,0.07793841819546532,0.0
1690209698805706970,682010,0.41975628470197973,0.07793297853694511,0.0
1690209698805717968,682010,0.4197501098669514,0.07793064354396055,0.0
1690209698805732940,682010,0.4197764004939804,0.07791028652749736,0.0
1690209698805739991,682010,0.4197663929858626,0.07791911158914484,0.0
1690209698812017456,682011,0.4197743954821323,0.07791288099796781,0.0
1690209698813019357,682011,0.4198030925020985,0.07789414143496977,0.0
1690209698813264536,682011,0.4198105462250862,0.07788555520148681,0.0
1690209698813640002,682011,0.41983283605396826,0.07787612483186691,0.0
1690209698813652265,682011,0.41988636080035713,0.07782640823844994,0.0
1690209698813664047,682011,0.41989871620376945,0.07782317047018603,0.0
1690209698813671750,682011,0.4198973133977403,0.07783637472434268,0.0
1690209698813685430,682011,0.41987169073731717,0.07784768138653292,0.0
1690209698813691198,682011,0.4198896313550202,0.07783648555905337,0.0
1690209698813719318,682011,0.4198537615878356,0.07787462683842795,0.0
1690209698821891211,682012,0.4198470900827619,0.07787004057890748,0.0
1690209698823137063,682012,0.4198195831170838,0.07788432029922068,0.0
1690209698823357695,682012,0.41977819276659467,0.07793845131905704,0.0
1690209698823369874,682012,0.4197470782739075,0.07792618404223142,0.0
1690209698823510714,682012,0.4196744800274181,0.07801639865993643,0.0
1690209698823802350,682012,0.4197113771793096,0.07800291901852892,0.0
1690209698823818233,682012,0.4197153002819722,0.07798648815968785,0.0
1690209698823826780,682012,0.41971628505285696,0.07801085643399021,0.0
1690209698823857902,682012,0.41970131363286267,0.07808130930400983,0.0
1690209698823869295,682012,0.4197213242859009,0.07805589550777932,0.0
1690209698827507052,682013,0.4196989724012973,0.07808241986674139,0.0
1690209698827942121,682013,0.41968295995607724,0.07813145579374706,0.0
1690209698828189818,682013,0.4197172209806314,0.07811387495254817,0.0
1690209698828439691,682013,0.41966256416040104,0.07818223997720508,0.0
1690209698829120924,682013,0.41959825862890926,0.07820413945943742,0.0
1690209698829306538,682013,0.4195974265193413,0.078217845601256,0.0
1690209698829386971,682013,0.41959205330199534,0.07819464489194253,0.0
1690209698829393689,682013,0.4195502352125985,0.07823212170194298,0.0
1690209698829398153,682013,0.4195539567156814,0.0782198157848168,0.0
1690209698829404732,682013,0.4195664485639394,0.07817948458433764,0.0
1690209698835888437,682014,0.41964286718939336,0.0780863098890466,0.0
1690209698836787019,682014,0.41963485797494576,0.07807499909102211,0.0
1690209698836895844,682014,0.41970147167035665,0.0780528525263535,0.0
1690209698837185437,682014,0.41971720723406963,0.07798853183777656,0.0
1690209698837202076,682014,0.4197309878886832,0.07797633537761037,0.0
1690209698837215060,682014,0.4197770697344075,0.07796316432675691,0.0
1690209698837221276,682014,0.4197809252892115,0.07793077190974844,0.0
1690209698837228146,682014,0.41978600322530985,0.07792059664380495,0.0
1690209698837239364,682014,0.41964312585931246,0.0780630597749428,0.0
1690209698837278473,682014,0.41968117352421286,0.07801795821588561,0.0
1690209698844500872,682015,0.41968093491727093,0.07800752672768567,0.0
1690209698845497149,682015,0.41961350210174,0.07807631057760148,0.0
1690209698845849792,682015,0.41963730069349137,0.07804347768916513,0.0
1690209698846054713,682015,0.419651826151403,0.07798586246971068,0.0
1690209698846076011,682015,0.41962411342613903,0.07803554230347484,0.0
1690209698846098744,682015,0.4196036901128927,0.07806031646835744,0.0
1690209698846111244,682015,0.41965544688035733,0.07799474731454334,0.0
1690209698846129453,682015,0.41964255018135105,0.07802680938329692,0.0
1690209698846144540,682015,0.41963868290349404,0.0780450849948778,0.0
1690209698846152961,682015,0.4197018297701478,0.07805439032594055,0.0
1690209698853234410,682016,0.41970000688609804,0.07807285944887643,0.0
1690209698853613073,682016,0.4197001606591694,0.07811823225267812,0.0
1690209698854814772,682016,0.4197000001825203,0.07815097407281157,0.0
1690209698854824229,682016,0.4196792747967272,0.07819320492446835,0.0
1690209698855133810,682016,0.4196695238707174,0.07821808930184118,0.0
1690209698855327993,682016,0.419545445239243,0.07832456913236313,0.0
1690209698855346809,682016,0.41957039974689103,0.07831109768190775,0.0
1690209698855364923,682016,0.41953597891425826,0.07829772100274031,0.0
1690209698855369812,682016,0.4195010290541235,0.07832447063202518,0.0
1690209698855400273,682016,0.41949523518865367,0.07830439778949326,0.0
1690209698861635643,682017,0.41950695324667625,0.07825629574053604,0.0
1690209698861796333,682017,0.4195265930801148,0.07822346625067643,0.0
1690209698861860487,682017,0.41952997447950596,0.07821623537396016,0.0
1690209698862162625,682017,0.4196393912450586,0.07808881115530263,0.0
1690209698862180858,682017,0.41965915525133746,0.07804110767695902,0.0
1690209698862193264,682017,0.4196214242499766,0.07809995826702842,0.0
1690209698862199884,682017,0.41970925526784864,0.07799841197233222,0.0
1690209698862205139,682017,0.4197172730971609,0.07799033846345955,0.0
1690209698862234186,682017,0.419684597997639,0.07802918631955463,0.0
1690209698862275988,682017,0.41970248529575344,0.07800504218696391,0.0
1690209698868796094,682018,0.4197236132994795,0.0779644955420463,0.0
1690209698870049150,682018,0.4196846864556931,0.07800612585415959,0.0
1690209698870188955,682018,0.41966129232525845,0.07802150769952726,0.0
1690209698870712202,682018,0.4196957942860157,0.07797271873785773,0.0
1690209698870755095,682018,0.4196989971035522,0.07798641787104361,0.0
1690209698870766922,682018,0.4196850142935157,0.07799440401745825,0.0
1690209698870787844,682018,0.41974890823234895,0.07799675163291693,0.0
1690209698870809427,682018,0.41974766666751806,0.07801955910705162,0.0
1690209698870822725,682018,0.4197251340920286,0.07809269176786754,0.0
1690209698870839524,682018,0.4197332721989781,0.0781301414400314,0.0
1690209698878206303,682019,0.41971820681130456,0.07819697868336546,0.0
1690209698879516991,682019,0.4196928642286476,0.07825048493023355,0.0
1690209698879526645,682019,0.4195353465223281,0.07840429739976913,0.0
1690209698880124483,682019,0.41955960950127735,0.07841194661232201,0.0
1690209698880141768,682019,0.41949559335967,0.07836229937612459,0.0
1690209698880167577,682019,0.41939605027540827,0.07845463133917528,0.0
1690209698880175822,682019,0.41937880141065065,0.07838508973111877,0.0
1690209698880212171,682019,0.4193842858170874,0.0783040205157654,0.0
1690209698880217774,682019,0.4194241504709749,0.07822403367589381,0.0
1690209698880277609,682019,0.41941845788267373,0.07820578795208108,0.0
1690209698885683132,682020,0.4196347029172545,0.07798481551676026,0.0
1690209698886174062,682020,0.4196708687465297,0.0779089743955138,0.0
1690209698886824733,682020,0.41976681259605425,0.07787487189907648,0.0
1690209698887010443,682020,0.4199231767504365,0.07771785092359414,0.0
1690209698887230451,682020,0.4199533763287635,0.07773254003202312,0.0
1690209698887243428,682020,0.4199669045031202,0.07773349461939563,0.0
1690209698887250808,682020,0.4199779860884615,0.07772887915745183,0.0
1690209698887260680,682020,0.42003079224485707,0.07769977651475656,0.0
1690209698887278333,682020,0.4199362543627614,0.07778807272493624,0.0
1690209698887286576,682020,0.4198944560101234,0.07781359959829029,0.0
1690209698894388299,682021,0.4198020948060987,0.07788508528742999,0.0
1690209698895511656,682021,0.4197481632191438,0.07795382201752332,0.0
1690209698895685421,682021,0.4197107820418502,0.07797669250273778,0.0
1690209698896066800,682021,0.4196589764482585,0.07809445535998276,0.0
1690209698896084243,682021,0.41965798088607864,0.07811664160281176,0.0
1690209698896095432,682021,0.4196223752245224,0.07815770071537341,0.0
1690209698896120582,682021,0.41964826216011214,0.07818711997950924,0.0
1690209698896133667,682021,0.41963479133539977,0.0782762457156438,0.0
1690209698896152818,682021,0.4196659178152121,0.07824006629113707,0.0
1690209698896176122,682021,0.4195200047977359,0.07840030557146842,0.0
1690209698902719065,682022,0.41948167044873286,0.0784904451804979,0.0
1690209698903005677,682022,0.41948020313181333,0.07845815522016132,0.0
1690209698903763629,682022,0.4193538961019023,0.0785921464881573,0.0
1690209698904040537,682022,0.4192803119708159,0.0786061515381181,0.0
1690209698904107134,682022,0.4192874209025021,0.07857047644294843,0.0
1690209698904348706,682022,0.4193255669596338,0.07851154519417577,0.0
1690209698904620995,682022,0.41928776954400543,0.07853460029861203,0.0
1690209698904630901,682022,0.4193921932114749,0.07840718327099164,0.0
1690209698904642392,682022,0.4194377058647678,0.07832308805105097,0.0
1690209698904670134,682022,0.4194934505713249,0.07822128770957354,0.0
1690209698911155447,682023,0.4195683854017991,0.07811193056683244,0.0
1690209698911555352,682023,0.41960629742374306,0.07807163390314899,0.0
1690209698911821970,682023,0.41960088924951655,0.07800397535084293,0.0
1690209698912240809,682023,0.41962807725538614,0.0779350970050733,0.0
1690209698912388825,682023,0.4196970176399537,0.0778921367916597,0.0
1690209698912675144,682023,0.41976851482899447,0.07779608438810406,0.0
1690209698912685703,682023,0.4197832325657405,0.07773272622402273,0.0
1690209698912693316,682023,0.41973722374877415,0.07781970059831336,0.0
1690209698912706980,682023,0.41989180987524416,0.07769060390144211,0.0
1690209698912719035,682023,0.41990581199198385,0.07770905395886601,0.0
1690209698919217163,682024,0.41985975329405295,0.07783622284555444,0.0
1690209698920104724,682024,0.4198665655769876,0.07785302050800645,0.0
1690209698920245274,682024,0.41987327965673676,0.07787330591983209,0.0
1690209698920520728,682024,0.4197803359263579,0.07802056831086603,0.0
1690209698920531654,682024,0.419740421410727,0.07814516917439565,0.0
1690209698920567366,682024,0.4196720909684899,0.07821554056456492,0.0
1690209698920909021,682024,0.41948016672026345,0.07842658282794994,0.0
1690209698921018057,682024,0.41944667517476963,0.07846796832126776,0.0
1690209698921182440,682024,0.41942030304334543,0.07848604047035876,0.0
1690209698921189752,682024,0.41933073035767515,0.07859040445974694,0.0
1690209698929278744,682025,0.4192418272487527,0.07857585749095379,0.0
1690209698929395550,682025,0.4192737525004158,0.07852256614846972,0.0
1690209698930390783,682025,0.4192824720366821,0.07853946532129015,0.0
1690209698930428691,682025,0.41930969934905166,0.0785151186681587,0.0
1690209698930435985,682025,0.41936419189752294,0.07844736934407258,0.0
1690209698930596538,682025,0.41938857167811305,0.07842184159002821,0.0
1690209698930783443,682025,0.41950227941956003,0.0783284571434364,0.0
1690209698930800157,682025,0.4195406803714924,0.07826967377319678,0.0
1690209698930815267,682025,0.41952775866137404,0.07826608162744654,0.0
1690209698930822707,682025,0.4195057208314547,0.07823031836662334,0.0
1690209698937014902,682026,0.41955409373757113,0.07813237848081306,0.0
1690209698937964976,682026,0.41959817588600146,0.0780685877214927,0.0
1690209698938019214,682026,0.41968457212675114,0.07798324352528781,0.0
1690209698938338066,682026,0.41971645199755575,0.0779105468399151,0.0
1690209698938351104,682026,0.41978273375709874,0.07781229695724365,0.0
1690209698938356712,682026,0.41988115626364836,0.07770827857456886,0.0
1690209698938375089,682026,0.41994284482103567,0.07771521302353676,0.0
1690209698938385421,682026,0.4199586582596721,0.07775954268210584,0.0
1690209698938396060,682026,0.41995360449261243,0.07778597728845693,0.0
1690209698938403209,682026,0.41995890963291,0.0778170071440571,0.0
1690209698944026425,682027,0.4199266578477691,0.07787206726652414,0.0
1690209698944297143,682027,0.4198840837238052,0.07793804062904007,0.0
1690209698944547373,682027,0.41972922007776103,0.07808834232181329,0.0
1690209698945426939,682027,0.4196790532917324,0.07815484742747811,0.0
1690209698945674611,682027,0.41963789665435747,0.07815863549147711,0.0
1690209698945888056,682027,0.419685484398982,0.07812709371656873,0.0
1690209698945898115,682027,0.4196716251427226,0.07813187746033785,0.0
1690209698945906018,682027,0.4196834468729284,0.07811834247618332,0.0
1690209698945921141,682027,0.41977144099227653,0.07804952750782101,0.0
1690209698945959643,682027,0.4197675930962703,0.07808949355746335,0.0
1690209698952202536,682028,0.41985327064575484,0.07804840135509213,0.0
1690209698952848666,682028,0.41980637495298995,0.07807656811651895,0.0
1690209698953018508,682028,0.41981282718787255,0.07806343800264466,0.0
1690209698953183191,682028,0.41986103658576784,0.07803594006624251,0.0
1690209698953436443,682028,0.4198661710280587,0.07802400723272694,0.0
1690209698953446779,682028,0.41984425516950985,0.07805158727120001,0.0
1690209698953692234,682028,0.41976617885679457,0.07810513743057208,0.0
1690209698953711143,682028,0.4198153738765488,0.07803253887850918,0.0
1690209698953721727,682028,0.41984002480577204,0.07800534278542666,0.0
1690209698953741262,682028,0.4197993869870488,0.07804401776301201,0.0
1690209698963064014,682029,0.4198021016278388,0.07803602000149276,0.0
1690209698963615964,682029,0.41979085905030816,0.07795717165142858,0.0
1690209698964806215,682029,0.41980461524559043,0.0779468019191374,0.0
1690209698965006482,682029,0.41979364481123516,0.07795805920717885,0.0
1690209698965506409,682029,0.4197586235643207,0.0779830818612701,0.0
1690209698965527190,682029,0.41975873118052615,0.0779652495373072,0.0
1690209698965665414,682029,0.4197329849683792,0.07798209237370841,0.0
1690209698965694110,682029,0.41984771334994064,0.07790607776244513,0.0
1690209698965716125,682029,0.41982544905595176,0.07791419645770582,0.0
1690209698965739599,682029,0.41978880872853885,0.0779972952943947,0.0
1690209698970880643,682030,0.41975239453411367,0.0780331801043155,0.0
1690209698971164837,682030,0.41975965931042813,0.0780681982035027,0.0
1690209698971872766,682030,0.4197421240266337,0.0780913465396031,0.0
1690209698971916149,682030,0.4196645191820464,0.07817858644642985,0.0
1690209698972241824,682030,0.4196526562763213,0.07817071665477454,0.0
1690209698972249878,682030,0.4195849700966474,0.07821583924419566,0.0
1690209698972254318,682030,0.41957296029831226,0.07825104061178105,0.0
1690209698972272305,682030,0.4194468746466191,0.0783392152765614,0.0
1690209698972326030,682030,0.41946930967814666,0.07831992183487047,0.0
1690209698972339674,682030,0.41947623201179696,0.07828076218033628,0.0
1690209698979253573,682031,0.41953572965187513,0.07826526504010531,0.0
1690209698979792840,682031,0.41959871942599475,0.07820974589991388,0.0
1690209698980666262,682031,0.4195768339989445,0.07821284198495877,0.0
1690209698980806013,682031,0.41964236603210536,0.07816199962816801,0.0
1690209698981494937,682031,0.4196431877006326,0.07817220934633734,0.0
1690209698981505425,682031,0.4197200901619387,0.07812170061117803,0.0
1690209698981847134,682031,0.4196476112889777,0.07817435270114374,0.0
1690209698981866639,682031,0.41965191085974735,0.0781618437948245,0.0
1690209698981883592,682031,0.4197226420310323,0.07808740694104757,0.0
1690209698981893301,682031,0.41975531424603385,0.07807631487324856,0.0
1690209698985963801,682032,0.4197451002443387,0.07809169118559932,0.0
1690209698986544254,682032,0.4196944785869031,0.07815808688883792,0.0
1690209698986931582,682032,0.4197419720484463,0.07809954607520185,0.0
1690209698987036105,682032,0.41976168488352206,0.07810776065224649,0.0
1690209698987230120,682032,0.41975011543853,0.0781336297142429,0.0
1690209698987235499,682032,0.41973051997239,0.07816668946930659,0.0
1690209698987249431,682032,0.41974633566728803,0.0780712777485008,0.0
1690209698987256753,682032,0.41969276401772043,0.0781243321358084,0.0
1690209698987272271,682032,0.41970633132631446,0.07813314305594204,0.0
1690209698987278510,682032,0.4196624847347411,0.07815644480367383,0.0
1690209698994189168,682033,0.41962014558763416,0.07816790771211665,0.0
1690209698995085985,682033,0.41957786280415904,0.07816044901847906,0.0
1690209698995232848,682033,0.41971460365773927,0.07803822357334893,0.0
1690209698995401261,682033,0.4197244526036615,0.07800982665638499,0.0
1690209698995715901,682033,0.41972532200695734,0.07804115134611654,0.0
1690209698995731141,682033,0.41976476074797914,0.07800299502546916,0.0
1690209698995739159,682033,0.4198211647672965,0.07800307359661765,0.0
1690209698995744224,682033,0.4198919668418871,0.07792076074601101,0.0
1690209698995816203,682033,0.41982571622773635,0.0779898660152863,0.0
1690209698995821689,682033,0.4198878872529601,0.07796293801060755,0.0
1690209699002294377,682034,0.41986059992007074,0.07794754512065129,0.0
1690209699003417178,682034,0.4198764221063176,0.07795630076630689,0.0
1690209699003711162,682034,0.419751506483455,0.0780934949586412,0.0
1690209699003724781,682034,0.4198138941842273,0.07802975800924487,0.0
1690209699003740703,682034,0.41981436230662394,0.07797306240811991,0.0
1690209699003746058,682034,0.4197762315188637,0.078048954984701,0.0
1690209699004067338,682034,0.41986014299323127,0.07796555484815955,0.0
1690209699004078587,682034,0.4198310500406995,0.0779416806590802,0.0
1690209699004091843,682034,0.4198404327539397,0.07792755288629849,0.0
1690209699004111624,682034,0.41982287664710494,0.07794851485723438,0.0
1690209699011438583,682035,0.41989898112916496,0.07787280888610643,0.0
1690209699012740176,682035,0.4198275448694868,0.07793301004329937,0.0
1690209699012894383,682035,0.41978492404394924,0.0779687432267032,0.0
1690209699013369334,682035,0.41984102459124445,0.07792010227862968,0.0
1690209699013387481,682035,0.41986997483241,0.07791178576193496,0.0
1690209699013398038,682035,0.4198523227545591,0.07795554196987696,0.0
1690209699013414573,682035,0.4198191407847081,0.07801104963082632,0.0
1690209699013452649,682035,0.419862713041066,0.07797283488726468,0.0
1690209699013475582,682035,0.41988255210880776,0.0779851752151048,0.0
1690209699013488314,682035,0.41985650281351733,0.07804216911395721,0.0
1690209699018611772,682036,0.41988275579745205,0.07805918227991311,0.0
1690209699019770345,682036,0.419872859255493,0.07800066946815279,0.0
1690209699019874390,682036,0.41977859253495003,0.07809652917853417,0.0
1690209699020163214,682036,0.41977768616737565,0.07810704986176448,0.0
1690209699020175042,682036,0.41972577885396123,0.07809104213306475,0.0
1690209699020195280,682036,0.41964638566990325,0.07813789923939904,0.0
1690209699020204860,682036,0.4196007298888792,0.07811289634482592,0.0
1690209699020213244,682036,0.4197109668038997,0.07799662041379585,0.0
1690209699020240916,682036,0.41971745261668064,0.07795335077795558,0.0
1690209699020253415,682036,0.4196345376010431,0.078055069989312,0.0
1690209699028420526,682037,0.41975966957920363,0.07792644611922543,0.0
1690209699028625765,682037,0.4197813832168291,0.07791734631986115,0.0
1690209699029115888,682037,0.4197522190927778,0.07799645684902799,0.0
1690209699029134715,682037,0.41978761174778656,0.07795709858873671,0.0
1690209699029149439,682037,0.41983703250571613,0.0779418855448627,0.0
1690209699029175370,682037,0.41981185028486534,0.07795887065137014,0.0
1690209699029190946,682037,0.4197983657894348,0.07798831465990799,0.0
1690209699029225499,682037,0.4197537467488327,0.07806555457617037,0.0
1690209699029233728,682037,0.4196558860295014,0.0781462174588262,0.0
1690209699029279869,682037,0.41962510055351987,0.07812428355898163,0.0
1690209699036285108,682038,0.4195154789263639,0.07823158659701253,0.0
1690209699037319501,682038,0.4195410406013913,0.07821248202664252,0.0
1690209699037471616,682038,0.4195012850964994,0.07820502178432058,0.0
1690209699037497386,682038,0.4194657606641764,0.07829869153506834,0.0
1690209699037766996,682038,0.41949203361706994,0.07829690539508298,0.0
1690209699037775568,682038,0.4195524734165835,0.0782294676444322,0.0
1690209699037783191,682038,0.41950420542558986,0.07829852347737837,0.0
1690209699037797655,682038,0.4194577386381364,0.07839235541951455,0.0
1690209699037823723,682038,0.4195662683012868,0.07828882289433917,0.0
1690209699037829676,682038,0.4194731204592389,0.07839993896432144,0.0
1690209699046626270,682039,0.41942770602530854,0.07848963029368074,0.0
1690209699048317479,682039,0.4194185599331772,0.07852698626424369,0.0
1690209699048796052,682039,0.41939627119098805,0.078552059813188,0.0
1690209699048821330,682039,0.4193297763710789,0.07860470311315308,0.0
1690209699048831030,682039,0.41935808068229996,0.07861044633596505,0.0
1690209699048841019,682039,0.4193807123556857,0.07856988740788876,0.0
1690209699048849272,682039,0.4193830344248122,0.07852311219656678,0.0
1690209699048868583,682039,0.4193830150166153,0.07851436956415814,0.0
1690209699048898974,682039,0.4194444704003651,0.07845124502439464,0.0
1690209699048923300,682039,0.41952947841177846,0.07829595251790687,0.0
1690209699054826186,682040,0.41951573893237315,0.07828498896779311,0.0
1690209699054951194,682040,0.4195613720725909,0.07824659932957,0.0
1690209699055112362,682040,0.41969116391169325,0.07806627680693973,0.0
1690209699055362413,682040,0.41970629032745943,0.07804633706401701,0.0
1690209699055369115,682040,0.4196623075940987,0.07814253411508429,0.0
1690209699055396952,682040,0.4197560288525909,0.07802501351901847,0.0
1690209699055404671,682040,0.41976627768935637,0.0779880254056015,0.0
1690209699055412789,682040,0.41974369644515075,0.07806288588934883,0.0
1690209699055420968,682040,0.4198044457067487,0.0779952146920565,0.0
1690209699055426062,682040,0.4198195437320865,0.07796632848846898,0.0
1690209699062549286,682041,0.41975399258828644,0.07803592939721467,0.0
1690209699063184637,682041,0.4197392352171143,0.07805711294291866,0.0
1690209699063913447,682041,0.41975675875011403,0.07802625874493792,0.0
1690209699064161626,682041,0.41966363101719645,0.07811948890647016,0.0
1690209699064631950,682041,0.41965512413826445,0.07810887282439175,0.0
1690209699064647169,682041,0.4196482898694442,0.07811972821490312,0.0
1690209699064652120,682041,0.4196988049420799,0.07809800400103406,0.0
1690209699064728614,682041,0.4196552264673661,0.07812213464376497,0.0
1690209699064746536,682041,0.4196547370060638,0.07819562435629647,0.0
1690209699064766071,682041,0.4196826003457815,0.0782009528429194,0.0
1690209699070530904,682042,0.41971282768157303,0.07820724678607195,0.0
1690209699071490086,682042,0.419665543751516,0.0782915654504312,0.0
1690209699071820928,682042,0.4196489000714855,0.07836924835027953,0.0
1690209699072040179,682042,0.4197214442008119,0.07831944225696018,0.0
1690209699072232828,682042,0.4195644347597929,0.07847785869021237,0.0
1690209699072244011,682042,0.41951228389094886,0.07857721674586549,0.0
1690209699072257012,682042,0.41945895835973124,0.07860365432313035,0.0
1690209699072670107,682042,0.41943234462722745,0.07862004902116382,0.0
1690209699072781092,682042,0.41935993135182664,0.07865048602075105,0.0
1690209699072912589,682042,0.4193643175523617,0.0786452760316327,0.0
1690209699077885535,682043,0.4193821186967265,0.07861299382335972,0.0
1690209699078243258,682043,0.4193605831228915,0.0785504996802141,0.0
1690209699078817872,682043,0.41941240068406643,0.0784987517906543,0.0
1690209699078902438,682043,0.4194594685499669,0.07842731709920074,0.0
1690209699078908410,682043,0.41957704952999647,0.07826518058665914,0.0
1690209699079076989,682043,0.4196080998708085,0.07820334457501292,0.0
1690209699079085285,682043,0.4196529590597125,0.07816807537398733,0.0
1690209699079098426,682043,0.41986577177753487,0.07793108355660912,0.0
1690209699079120844,682043,0.4198887486165298,0.07788462874612449,0.0
1690209699079126628,682043,0.4199382060539284,0.07792482199886744,0.0
1690209699087286882,682044,0.4200240628464166,0.07780927171563967,0.0
1690209699087453318,682044,0.4200754722901511,0.07778341860154647,0.0
1690209699087853444,682044,0.4200313842025236,0.07786450142891073,0.0
1690209699087933334,682044,0.42008367790636636,0.07781449434585483,0.0
1690209699088024766,682044,0.42010380205655284,0.07778147150320233,0.0
1690209699090302736,682044,0.41995085338026317,0.07792388065587964,0.0
1690209699090311374,682044,0.41998042343037234,0.07792681600835114,0.0
1690209699090324932,682044,0.41990510306503614,0.07798316507736754,0.0
1690209699090330552,682044,0.41984899173563545,0.0780605042505701,0.0
1690209699090361368,682044,0.4198048776692685,0.07807804034773225,0.0
1690209699095320155,682045,0.41974158158750646,0.07816172102111472,0.0
1690209699095693269,682045,0.41977177695193,0.07816266761696988,0.0
1690209699095980025,682045,0.419732543456361,0.07816405409857852,0.0
1690209699096073816,682045,0.41974004073453103,0.07825704271385013,0.0
1690209699096270512,682045,0.41971840538602834,0.07832525670553923,0.0
1690209699096280726,682045,0.41972573676623937,0.07829626264049844,0.0
1690209699096286545,682045,0.4196573877410088,0.07841154618729992,0.0
1690209699096293708,682045,0.4196376937320376,0.07847146832398273,0.0
1690209699096314999,682045,0.41966155471223354,0.0784712773391469,0.0
1690209699096359397,682045,0.41954759305026934,0.07859866892043411,0.0
1690209699102967738,682046,0.4195340735363636,0.07866768757803431,0.0
1690209699103068310,682046,0.419645208673156,0.07853497344457902,0.0
1690209699103544194,682046,0.4195985425247588,0.0785922330297882,0.0
1690209699103666872,682046,0.41957121289887295,0.07861539941971737,0.0
1690209699103898266,682046,0.41954864173613327,0.0785937903508374,0.0
1690209699103905917,682046,0.4195695918180436,0.07857654147705369,0.0
1690209699103970444,682046,0.41959808901033263,0.07850958718861772,0.0
1690209699103979272,682046,0.41962544870441604,0.07845291703444143,0.0
1690209699103994619,682046,0.41965933201607364,0.07835580389007445,0.0
1690209699104001279,682046,0.4196392003237225,0.07835198993322837,0.0
1690209699110363172,682047,0.419746040156159,0.07821714708750953,0.0
1690209699110714628,682047,0.41978416405593993,0.0781598511377173,0.0
1690209699110960873,682047,0.4198475293560281,0.0780672085821524,0.0
1690209699110998566,682047,0.4198943205679323,0.07798474291053753,0.0
1690209699111116856,682047,0.4199628594804188,0.07793923464159895,0.0
1690209699111166146,682047,0.42007012653394815,0.07784817002144274,0.0
1690209699111175962,682047,0.4201142153600302,0.07785203355516455,0.0
1690209699111180563,682047,0.4201090926021137,0.07785282092385919,0.0
1690209699111190642,682047,0.4201305892371216,0.07785996665652399,0.0
1690209699111197545,682047,0.4201571050414188,0.07787482597473015,0.0
1690209699119219465,682048,0.4200737199080832,0.07803441905975189,0.0
1690209699120170048,682048,0.4200692430155466,0.07807819252467683,0.0
1690209699120296676,682048,0.41992857492586866,0.0782283060538366,0.0
1690209699120464986,682048,0.41987821345238846,0.07833618323096196,0.0
1690209699120469662,682048,0.41983295329111575,0.07836092179400117,0.0
1690209699120494325,682048,0.41974996521530517,0.07845528212301187,0.0
1690209699120500477,682048,0.41965650473886856,0.07857636912452082,0.0
1690209699120505057,682048,0.41960985449052096,0.07861375442309883,0.0
1690209699120511078,682048,0.4196664414623233,0.07855207920243669,0.0
1690209699120514631,682048,0.41958734700996375,0.0786542194893518,0.0
1690209699128874123,682049,0.4196178073095481,0.07860163101735254,0.0
1690209699129008784,682049,0.41961571957690624,0.07856659919124716,0.0
1690209699130315289,682049,0.4196686917575644,0.07855214615384595,0.0
1690209699130322933,682049,0.41972562995814683,0.07848461267210641,0.0
1690209699130331350,682049,0.4197626355476427,0.07843127959841827,0.0
1690209699130335779,682049,0.41979970652461257,0.07839922618758,0.0
1690209699130353824,682049,0.4198645956578488,0.07834606176447267,0.0
1690209699130361225,682049,0.41996145528327644,0.07821541951809424,0.0
1690209699130376071,682049,0.41998414305220655,0.07823186967962187,0.0
1690209699130382813,682049,0.42001733036565464,0.07815715773562129,0.0
1690209699136549547,682050,0.42002218712701006,0.07811165524290974,0.0
1690209699137537894,682050,0.4200739940576914,0.07803570514549057,0.0
1690209699137602558,682050,0.42005227281388186,0.07801607160514386,0.0
1690209699137834594,682050,0.4200986028891091,0.07796809343467778,0.0
1690209699137848501,682050,0.4200641726499954,0.07798312456587117,0.0
1690209699137864900,682050,0.420104003615146,0.07793074156698979,0.0
1690209699137871478,682050,0.42014358242194444,0.07788904421586604,0.0
1690209699137881133,682050,0.4201056630180053,0.07791113588850279,0.0
1690209699137891261,682050,0.4201539787835209,0.077876664805377,0.0
1690209699137897125,682050,0.42006992735481785,0.07796588158582142,0.0
1690209699145426648,682051,0.4201320701944611,0.07793788240753487,0.0
1690209699145544097,682051,0.4200826806793014,0.07797863135448338,0.0
1690209699145665797,682051,0.42004494723631347,0.0780459661609443,0.0
1690209699145689202,682051,0.42005420644513103,0.07807188800611173,0.0
1690209699145830360,682051,0.42003682679009735,0.07808565254581878,0.0
1690209699145836412,682051,0.4199757188318636,0.07822001288629601,0.0
1690209699145842527,682051,0.4199044328012643,0.07832774391446384,0.0
1690209699145848547,682051,0.4198659923893082,0.07832637666397695,0.0
1690209699145858553,682051,0.4197892444488093,0.07844745929182616,0.0
1690209699145863365,682051,0.4197693954562577,0.07845164939132973,0.0
1690209699152027341,682052,0.41974945282232967,0.07849881017129749,0.0
1690209699152033024,682052,0.41968409886628316,0.07858312494350349,0.0
1690209699152336683,682052,0.4196580302147762,0.0786216317551048,0.0
1690209699152632002,682052,0.4197932276493646,0.07849332708940894,0.0
1690209699152715418,682052,0.41975710438246483,0.078541420115662,0.0
1690209699152855631,682052,0.41979798172182137,0.07854265902285296,0.0
1690209699152859927,682052,0.4197990160877673,0.07849490698780406,0.0
1690209699152862549,682052,0.41982022953672027,0.07847499841584654,0.0
1690209699152877112,682052,0.41987088697590547,0.07842293563747577,0.0
1690209699152880268,682052,0.4198666384718503,0.07839086037695579,0.0
1690209699160744905,682053,0.4198664290487879,0.07834059113535574,0.0
1690209699161379002,682053,0.41983219759738905,0.07834650395174822,0.0
1690209699161478825,682053,0.4199334490426763,0.0781974225036511,0.0
1690209699161674245,682053,0.4199571918605766,0.07816654147900368,0.0
1690209699161685875,682053,0.41999630970018936,0.07809877642966333,0.0
1690209699161690623,682053,0.420048611547689,0.07800665851772756,0.0
1690209699161693889,682053,0.42011969409104694,0.0779263104802031,0.0
1690209699161710405,682053,0.4201777981818369,0.07786095953208695,0.0
1690209699161717393,682053,0.4202466942640711,0.07785691649958561,0.0
1690209699161724421,682053,0.4202467002758403,0.0778483535876539,0.0
1690209699169414966,682054,0.42026990490635724,0.07785321638001354,0.0
1690209699170626675,682054,0.420305162665085,0.07784322569730828,0.0
1690209699170787324,682054,0.4202505433073706,0.07797647638581569,0.0
1690209699170955308,682054,0.42024936162061577,0.07801352904915197,0.0
1690209699171233634,682054,0.4201106865777922,0.07817907467020653,0.0
1690209699171245317,682054,0.42006863439963404,0.07827540780046177,0.0
1690209699171257240,682054,0.42002716726818057,0.07833007975962324,0.0
1690209699171343773,682054,0.41995980802980765,0.07842033280284641,0.0
1690209699171352232,682054,0.4198438024199597,0.07856744090333247,0.0
1690209699171383492,682054,0.4197985105844477,0.07860033144210736,0.0
1690209699177236719,682055,0.41978186253176814,0.07860584367465477,0.0
1690209699178616541,682055,0.4196918356910244,0.07873915035097083,0.0
1690209699178742817,682055,0.4197194987746615,0.0786736673308819,0.0
1690209699179176269,682055,0.4197005169152796,0.07866401185427085,0.0
1690209699179185762,682055,0.4197362721094895,0.07865566900191011,0.0
1690209699179191402,682055,0.41980101128843217,0.0785866829486585,0.0
1690209699179222296,682055,0.41985865023771535,0.07853176454437562,0.0
1690209699179236562,682055,0.4198852607754286,0.0784948781768778,0.0
1690209699179254636,682055,0.4199476386580423,0.07844547221208709,0.0
1690209699179265880,682055,0.42004256654727806,0.07831016346514076,0.0
1690209699186634548,682056,0.4200744730522381,0.07832683935588189,0.0
1690209699187598912,682056,0.420160223550323,0.07821035765774419,0.0
1690209699188308387,682056,0.4201756553121702,0.0781470838672213,0.0
1690209699188554718,682056,0.42025963110975445,0.0780634367539315,0.0
1690209699188954709,682056,0.4202922635312988,0.07801629974224498,0.0
1690209699188967903,682056,0.42037642552508087,0.07795934028776356,0.0
1690209699188973610,682056,0.420359777871146,0.07795740830369086,0.0
1690209699188992270,682056,0.42039961090928524,0.07792644833806033,0.0
1690209699189011698,682056,0.42042977182862507,0.07790050454918883,0.0
1690209699189064140,682056,0.4203891020383711,0.07799379573220888,0.0
1690209699194252773,682057,0.4204097781919538,0.07798914634023943,0.0
1690209699195285934,682057,0.42030842382238376,0.07810749015323824,0.0
1690209699195548087,682057,0.4203065431006334,0.07815632765823585,0.0
1690209699195884991,682057,0.4202755226210913,0.07820899637836995,0.0
1690209699195906301,682057,0.42021026866761224,0.07828751728183506,0.0
1690209699195921716,682057,0.4201089052204266,0.07840856480560457,0.0
1690209699195940913,682057,0.42004064844225275,0.07846271899936207,0.0
1690209699195959669,682057,0.42000797826460523,0.07851540380877288,0.0
1690209699195968254,682057,0.41993693940447496,0.07862759625224258,0.0
1690209699195983738,682057,0.41993377710925384,0.07857655570762342,0.0
1690209699203085765,682058,0.4199032164095419,0.07861076013438774,0.0
1690209699203093303,682058,0.4199176468256694,0.0786150023994393,0.0
1690209699204153217,682058,0.4199470180527779,0.07855036846463496,0.0
1690209699204255509,682058,0.42000556353847585,0.07850822584684176,0.0
1690209699204573666,682058,0.420000416274393,0.07849150470935784,0.0
1690209699204665802,682058,0.420144196756838,0.07834987720243657,0.0
1690209699204675764,682058,0.4202035400484558,0.0782513704282798,0.0
1690209699204684038,682058,0.42024293895083087,0.07825335872112804,0.0
1690209699204763222,682058,0.4203304196560533,0.0781197607484243,0.0
1690209699204771057,682058,0.4203555258813066,0.07806488012592926,0.0
1690209699210865891,682059,0.42041964340398935,0.078010682324537,0.0
1690209699211552443,682059,0.4204619991160929,0.07793496160090843,0.0
1690209699211818389,682059,0.42054917138648784,0.07786020744557119,0.0
1690209699212269686,682059,0.4204977376193204,0.07789434662082281,0.0
1690209699212492826,682059,0.4205518144359691,0.07783830592544261,0.0
1690209699212818008,682059,0.42059450216780553,0.07779136441027967,0.0
1690209699212857690,682059,0.42052483948277053,0.07783027188688908,0.0
1690209699212862421,682059,0.42055754905289827,0.07779435620232263,0.0
1690209699212873013,682059,0.42047122025547534,0.0778700122297349,0.0
1690209699212886925,682059,0.42049701000625694,0.07785997454095574,0.0
1690209699221094298,682060,0.420454897988667,0.07788871836124338,0.0
1690209699222500263,682060,0.4204212789005619,0.07794026159929929,0.0
1690209699222737788,682060,0.4204590276947456,0.07792250422263441,0.0
1690209699223083950,682060,0.42042473950921727,0.07795331069966867,0.0
1690209699223101051,682060,0.42038876219042465,0.07807915891427031,0.0
1690209699223126081,682060,0.42037194601189987,0.07812885358577538,0.0
1690209699223138793,682060,0.42037235607526935,0.07813124207464361,0.0
1690209699223158666,682060,0.4202974141036965,0.07827980693753905,0.0
1690209699223168809,682060,0.42028353626921783,0.0783483480890512,0.0
1690209699223187194,682060,0.4203224732554862,0.07834759818035333,0.0
1690209699227473042,682061,0.42018816712762674,0.078506916824302,0.0
1690209699228408656,682061,0.4201468712739465,0.07857771209167333,0.0
1690209699228597664,682061,0.42016893286869683,0.07852587099945933,0.0
1690209699228810506,682061,0.42010544372650727,0.07859887432802633,0.0
1690209699228820585,682061,0.4200690073678702,0.07861893623690575,0.0
1690209699228832196,682061,0.420022298413978,0.0786150959221241,0.0
1690209699228840110,682061,0.42004260344139305,0.07859245265808827,0.0
1690209699228846511,682061,0.4200044246176905,0.07856216480501818,0.0
1690209699228855217,682061,0.4200788510887003,0.07846649761092464,0.0
1690209699228887500,682061,0.42013516128356204,0.07836948165828088,0.0
1690209699238611154,682062,0.42015162505353165,0.07832193586307118,0.0
1690209699239007724,682062,0.4202749253004829,0.07818471909626135,0.0
1690209699239152820,682062,0.4203230278998402,0.07812786273071827,0.0
1690209699239610812,682062,0.42042332509943525,0.07799303088112043,0.0
1690209699239636540,682062,0.42046169974208386,0.07794211626917932,0.0
1690209699239651447,682062,0.4204921132094541,0.07795616955681324,0.0
1690209699239671132,682062,0.4205687601023907,0.07787158203272168,0.0
1690209699239684764,682062,0.42055001153289906,0.07787791142163082,0.0
1690209699239722133,682062,0.42052772577987385,0.07792261220280632,0.0
1690209699239744911,682062,0.4205919252967904,0.07788731231747446,0.0
1690209699245699698,682063,0.4206132770289637,0.077880688826572,0.0
1690209699246979952,682063,0.42052397031499816,0.07803872884723208,0.0
1690209699247121648,682063,0.4205161494597097,0.0780872498383305,0.0
1690209699247446837,682063,0.42042843393848794,0.07819402636208274,0.0
1690209699247463095,682063,0.4203564049329572,0.07833183984160397,0.0
1690209699247476872,682063,0.420294832284587,0.0784161290436598,0.0
1690209699247488459,682063,0.420279891287955,0.07845645967799317,0.0
1690209699247503201,682063,0.42014182777817727,0.07861558115536935,0.0
1690209699247512450,682063,0.42011162591514317,0.07866542489340717,0.0
1690209699247562601,682063,0.42008846341244876,0.07866344584557305,0.0
1690209699252877173,682064,0.41999651664829046,0.07878674511015862,0.0
1690209699253751767,682064,0.4199736643338993,0.0787717843514929,0.0
1690209699253896352,682064,0.41993636739624574,0.07877964031785074,0.0
1690209699254167418,682064,0.4199607833827756,0.07877047805592824,0.0
1690209699254346030,682064,0.4199897702772346,0.07869566378257131,0.0
1690209699254640698,682064,0.42006152049803097,0.07862328175581829,0.0
1690209699254655202,682064,0.4200878486926099,0.07857182327659606,0.0
1690209699254668199,682064,0.4201912396570248,0.07846154968231385,0.0
1690209699254684560,682064,0.42028517057829107,0.07831403700812102,0.0
1690209699254700863,682064,0.4203218555286095,0.07831733939877551,0.0
1690209699261974405,682065,0.4204229877693705,0.07817373396897837,0.0
1690209699262447178,682065,0.42044715913028496,0.07810906734436274,0.0
1690209699263573901,682065,0.42055119049828327,0.07803530109612612,0.0
1690209699263855030,682065,0.4206000110154523,0.07796493293192168,0.0
1690209699263869740,682065,0.42068023439235536,0.07792393125584829,0.0
1690209699263875594,682065,0.4206517520211082,0.07793296547027824,0.0
1690209699264171146,682065,0.4206977586578313,0.07790006441815574,0.0
1690209699264195616,682065,0.42073590351060514,0.0778476271824807,0.0
1690209699264208783,682065,0.42065496705389266,0.07794144371956203,0.0
1690209699264229752,682065,0.4206819438696723,0.07793236776665136,0.0
1690209699269816222,682066,0.42058194947383176,0.07804120040800837,0.0
1690209699270778451,682066,0.42058001714457266,0.07809078889746103,0.0
1690209699271123535,682066,0.42052981563606945,0.07814940881232149,0.0
1690209699271263111,682066,0.42046878129747295,0.07824978428517407,0.0
1690209699271557113,682066,0.4203774880020446,0.0783626520274968,0.0
1690209699271569540,682066,0.4203397166034253,0.07839456123485616,0.0
1690209699271594436,682066,0.42031137372492433,0.07844714286480849,0.0
1690209699271601760,682066,0.42022289358697945,0.078557754914735,0.0
1690209699271614837,682066,0.4202132352703024,0.07849808585103653,0.0
1690209699271621819,682066,0.420153130243613,0.078532449140296,0.0
1690209699278923545,682067,0.4201627449699604,0.07852256717240012,0.0
1690209699280460275,682067,0.4201947309074653,0.07847344739096204,0.0
1690209699280778153,682067,0.42024495251879185,0.07842088337295566,0.0
1690209699281145187,682067,0.4202426771968911,0.07842396893297723,0.0
1690209699281169089,682067,0.42034711228436916,0.07833140345229007,0.0
1690209699281181819,682067,0.4204323202144487,0.07822999288524307,0.0
1690209699281204575,682067,0.42044994471804836,0.07824243156328008,0.0
1690209699281221948,682067,0.4204538473159868,0.07819989431831798,0.0
1690209699281236322,682067,0.42049267129307577,0.07814049085858017,0.0
1690209699281249853,682067,0.4205494543541838,0.07802803558155624,0.0
1690209699288023646,682068,0.4205299059959999,0.0780319914232615,0.0
1690209699288378153,682068,0.42055561048509726,0.07797059913352021,0.0
1690209699288585963,682068,0.42054909846668836,0.07792088461364766,0.0
1690209699289293311,682068,0.4206347227014782,0.07783701180982948,0.0
1690209699289394942,682068,0.420675830068688,0.07779502289833037,0.0
1690209699289765606,682068,0.42076987573859437,0.0777560621497529,0.0
1690209699289788650,682068,0.42080534083026416,0.07772497695489408,0.0
1690209699289800915,682068,0.42076905614125837,0.07783328875695109,0.0
1690209699289808413,682068,0.42082855296858296,0.07780854817060914,0.0
1690209699289833253,682068,0.420809690331018,0.07788550861688966,0.0
1690209699295474268,682069,0.4207594073111202,0.07798044348420412,0.0
1690209699295749355,682069,0.4206249473534577,0.0781209560393729,0.0
1690209699295967278,682069,0.42060190896260974,0.07816364464892077,0.0
1690209699296795123,682069,0.420482153168979,0.07826589907141047,0.0
1690209699296802871,682069,0.42035813670830424,0.0784205684850871,0.0
1690209699297107748,682069,0.4202393002033784,0.07845788112048886,0.0
1690209699297117057,682069,0.4201562925548933,0.07853359342457296,0.0
1690209699297121087,682069,0.4201632090705759,0.07849671873212963,0.0
1690209699297125134,682069,0.4200780250466046,0.0785797678770981,0.0
1690209699297188027,682069,0.4201518439171191,0.07852456967997472,0.0
1690209699304627578,682070,0.4201098187539867,0.07853055846078738,0.0
1690209699306036556,682070,0.42026707952970743,0.07840104478681119,0.0
1690209699306140002,682070,0.4203073228843711,0.07837215418312368,0.0
1690209699306383437,682070,0.4203712922480495,0.07836134133641066,0.0
1690209699306723225,682070,0.4203878608397295,0.07831084421062917,0.0
1690209699306743619,682070,0.4203823378685607,0.0783141158469094,0.0
1690209699306755664,682070,0.42047652672412117,0.078239176974341,0.0
1690209699306768049,682070,0.4204215094764414,0.0782541878035532,0.0
1690209699306787010,682070,0.4204415856656898,0.07820172195896874,0.0
1690209699306802175,682070,0.420392334189463,0.07823326284696583,0.0
1690209699313002903,682071,0.4204565457754137,0.07812901488191434,0.0
1690209699313404670,682071,0.42044714919429754,0.07811846206113623,0.0
1690209699314185731,682071,0.420418927629032,0.07812438276681768,0.0
1690209699314245352,682071,0.4204542016653058,0.0780525445496569,0.0
1690209699314663935,682071,0.4205272487540184,0.07796103913724615,0.0
1690209699314683601,682071,0.4205746239088502,0.07791869919199974,0.0
1690209699314699583,682071,0.42062982382648106,0.0779313650791891,0.0
1690209699314712037,682071,0.42062925094229475,0.07790307241480977,0.0
1690209699314724433,682071,0.4206594307461269,0.0779098036061849,0.0
1690209699314750917,682071,0.42071080431928276,0.07791280639060291,0.0
1690209699320731164,682072,0.42068550023036033,0.07799785340365113,0.0
1690209699320883916,682072,0.4206511901680638,0.07805989802287028,0.0
1690209699321974494,682072,0.4204976790960519,0.07821817353986579,0.0
1690209699322019746,682072,0.42052398500940386,0.0782522948129164,0.0
1690209699322249963,682072,0.42049419556708933,0.07827272534630192,0.0
1690209699322438500,682072,0.4204077049219128,0.07838922418001794,0.0
1690209699322454659,682072,0.4203065265640853,0.07851128196091386,0.0
1690209699322469241,682072,0.4202598027763163,0.07851791575006146,0.0
1690209699322473978,682072,0.42035134183501455,0.07843842514832088,0.0
1690209699322513915,682072,0.42028511554807146,0.07850921769884737,0.0
1690209699329010832,682073,0.4203157675045956,0.07846973504261456,0.0
1690209699330414623,682073,0.4203143902742981,0.07844411082625452,0.0
1690209699330460802,682073,0.4203041596332863,0.07846553264732581,0.0
1690209699330943053,682073,0.4203894139419794,0.07842622799343527,0.0
1690209699330955026,682073,0.4203813436383469,0.07842416858669979,0.0
1690209699330968540,682073,0.4203806765611186,0.07842628116977238,0.0
1690209699330974824,682073,0.420335621156776,0.07848052474099275,0.0
1690209699330981535,682073,0.4203995171551284,0.07841310924567807,0.0
1690209699331013043,682073,0.42040835011519806,0.07840788238358336,0.0
1690209699331037758,682073,0.4203174859747998,0.07846856866962251,0.0
1690209699337608533,682074,0.42036987249001306,0.07841080567784472,0.0
1690209699339000865,682074,0.42040409584304594,0.07829908524479924,0.0
1690209699339163376,682074,0.4204175385842239,0.07829692654039803,0.0
1690209699339450523,682074,0.4204545614741127,0.07828384057633356,0.0
1690209699339788885,682074,0.42044906769614937,0.07822986418834124,0.0
1690209699339800424,682074,0.42043120617275387,0.07823982216390037,0.0
1690209699339811671,682074,0.4204664136226222,0.0782397494108714,0.0
1690209699339817279,682074,0.4205186002821082,0.07821380440774076,0.0
1690209699339840326,682074,0.42045889276478016,0.07827545574247285,0.0
1690209699339854965,682074,0.42029696010536377,0.0784146093406327,0.0
1690209699346229721,682075,0.42035473186094424,0.07836737758385155,0.0
1690209699347393558,682075,0.42034951478211846,0.07837133288792317,0.0
1690209699347412852,682075,0.4202655044106932,0.0784688615117715,0.0
1690209699347750501,682075,0.42028588604191436,0.07845580881826272,0.0
1690209699347767124,682075,0.42027288553326886,0.07842811096652963,0.0
1690209699347776318,682075,0.4203581445911224,0.07835327967638586,0.0
1690209699347789995,682075,0.42037455904253396,0.07835121945096553,0.0
1690209699347803804,682075,0.42042843645618244,0.07833363055915739,0.0
1690209699347812660,682075,0.4204204487103407,0.07834131454128287,0.0
1690209699347838763,682075,0.4204097169376386,0.07835257782783442,0.0
1690209699354464879,682076,0.4204647659714518,0.07836139128932447,0.0
1690209699355170977,682076,0.42044234035076195,0.07837448352473549,0.0
1690209699355324102,682076,0.42044531687854153,0.07837102985786035,0.0
1690209699355918017,682076,0.4204062662212329,0.07841626194715179,0.0
1690209699356032668,682076,0.4204538200042435,0.07839003750240492,0.0
1690209699356315649,682076,0.42046320084099303,0.07838048948691961,0.0
1690209699356329318,682076,0.42032997022556745,0.07849783290452007,0.0
1690209699356337412,682076,0.4203809903275793,0.07844605959581659,0.0
1690209699356344982,682076,0.42040452316323856,0.07834435870865324,0.0
1690209699356361861,682076,0.42038315413854777,0.07838129922844796,0.0
1690209699364594601,682077,0.42034565481299585,0.07840754550581139,0.0
1690209699364751387,682077,0.4203657186957607,0.07834008440062122,0.0
1690209699365155487,682077,0.42035575910942913,0.07832398611976792,0.0
1690209699365168384,682077,0.4203601209633816,0.0783406985464719,0.0
1690209699365181502,682077,0.4204583054653487,0.078277121483883,0.0
1690209699365190734,682077,0.4204225362341577,0.07830302702963429,0.0
1690209699365202551,682077,0.42043858805765055,0.07829821645220031,0.0
1690209699365211833,682077,0.4205494833759432,0.07823849932590134,0.0
1690209699365395260,682077,0.4206157885441689,0.07825212399218143,0.0
1690209699365407018,682077,0.4205711201159223,0.0782955211062608,0.0
1690209699369828168,682078,0.420534163635429,0.0783480183911928,0.0
1690209699370002956,682078,0.4205733207310087,0.07830722820824478,0.0
1690209699370451419,682078,0.42059968004280857,0.07826554430757218,0.0
1690209699371263469,682078,0.4205474756276657,0.078333352252845,0.0
1690209699371270828,682078,0.4204624083071325,0.07845000623777361,0.0
1690209699371276360,682078,0.4204812361414115,0.0784146633612514,0.0
1690209699371288139,682078,0.4204438655948317,0.07840732126757549,0.0
1690209699371300454,682078,0.4203975373242478,0.0784971714298675,0.0
1690209699371310011,682078,0.4203867727125138,0.07847564181820733,0.0
1690209699371315640,682078,0.42037090153087764,0.078420551656929,0.0
1690209699379100215,682079,0.4203168048377287,0.0785026885858979,0.0
1690209699379310157,682079,0.4203581916414297,0.07848120835640857,0.0
1690209699379572016,682079,0.4204219477525815,0.07840014631634193,0.0
1690209699380205386,682079,0.4202876836543907,0.07850930707311055,0.0
1690209699380387843,682079,0.4202975120950947,0.07851349888091615,0.0
1690209699380734721,682079,0.42040823563992563,0.07839197048235721,0.0
1690209699380751713,682079,0.4203696633397635,0.07845435809807935,0.0
1690209699380771476,682079,0.42032826859018557,0.07853532137579733,0.0
1690209699380781833,682079,0.42037489206485873,0.07848451502845219,0.0
1690209699380788462,682079,0.420408520034361,0.07847733256159331,0.0
1690209699386809495,682080,0.42037319709444604,0.07854845349196755,0.0
1690209699387269451,682080,0.42033141856084427,0.07862383391171185,0.0
1690209699387935433,682080,0.42031336560004295,0.07862205783261873,0.0
1690209699388061125,682080,0.42027574228332687,0.07857062105730798,0.0
1690209699388315279,682080,0.4202808246687742,0.07857736977064536,0.0
1690209699388328725,682080,0.42030420931255724,0.07856756979260057,0.0
1690209699388339946,682080,0.42025091636330203,0.07855235291272734,0.0
1690209699388353255,682080,0.42024999317424266,0.0785388363730829,0.0
1690209699388368716,682080,0.4202712367449187,0.07850999544728657,0.0
1690209699388382768,682080,0.42046701804857156,0.07830058904046464,0.0
1690209699394634186,682081,0.42044933941787727,0.07831052598662862,0.0
1690209699396374635,682081,0.420413366502181,0.0784051305900239,0.0
1690209699396392822,682081,0.42054038418900097,0.07824915909822334,0.0
1690209699396401823,682081,0.4205663206616769,0.07824138371213549,0.0
1690209699396409398,682081,0.42056328920189145,0.07833254380987589,0.0
1690209699396897204,682081,0.4205711169062849,0.0783048792918068,0.0
1690209699396945128,682081,0.42060873942049404,0.078234875876573,0.0
1690209699396955469,682081,0.42051795377531437,0.0783610506366409,0.0
1690209699396976260,682081,0.42055630152481516,0.078344932631102,0.0
1690209699396986328,682081,0.4205457699853494,0.07832169109963291,0.0
1690209699403044778,682082,0.42038392554182763,0.07846526430022387,0.0
1690209699403059796,682082,0.4204007560351586,0.07844862045954246,0.0
1690209699403153145,682082,0.42044245462731167,0.07839888354706748,0.0
1690209699403230331,682082,0.42040014894296596,0.078457521520668,0.0
1690209699403908887,682082,0.42035119713775004,0.07850496801550592,0.0
1690209699404074564,682082,0.4203694233667385,0.07848827207776471,0.0
1690209699404235870,682082,0.42039364959900083,0.07850166910124293,0.0
1690209699404351950,682082,0.4203792145751818,0.07853914581757346,0.0
1690209699404362800,682082,0.4203450508824892,0.07863690913813202,0.0
1690209699404366927,682082,0.42032467993226597,0.07867083589117942,0.0
1690209699410404246,682083,0.42035767891963394,0.07862414368942425,0.0
1690209699410566194,682083,0.42031886702808535,0.07869946615691609,0.0
1690209699410840185,682083,0.4203060710609981,0.07872626272102111,0.0
1690209699411283066,682083,0.4202964333725715,0.07870540576717168,0.0
1690209699411336999,682083,0.420233147582745,0.07872050437294978,0.0
1690209699411470652,682083,0.42021728191877694,0.07874210905969047,0.0
1690209699411482917,682083,0.42035702781448825,0.07857648036564527,0.0
1690209699411495508,682083,0.4202914736118313,0.07860291171696167,0.0
1690209699411502251,682083,0.420352881946448,0.07855102268638033,0.0
1690209699411506805,682083,0.42046428057491714,0.07839624386532812,0.0
1690209699418504471,682084,0.42055875310889,0.07837326169473109,0.0
1690209699419069341,682084,0.42057293280861774,0.07838406385534714,0.0
1690209699419291077,682084,0.42060417374048964,0.07834022163786059,0.0
1690209699419410945,682084,0.420660204688884,0.07829097681363907,0.0
1690209699419605552,682084,0.4205654889913376,0.07840718733875825,0.0
1690209699419623005,682084,0.4205962053024184,0.07838325197712803,0.0
1690209699419925689,682084,0.42047155268431274,0.07846487117103765,0.0
1690209699420146870,682084,0.4203506946565343,0.07856268680212707,0.0
1690209699420259531,682084,0.4203471220310411,0.0785373950109871,0.0
1690209699420269431,682084,0.42031286870292683,0.07858297618901634,0.0
1690209699427450545,682085,0.420303270570187,0.07860274628933625,0.0
1690209699427675522,682085,0.42026995385679305,0.07859508185943931,0.0
1690209699428339592,682085,0.42029764431019856,0.07860052998380278,0.0
1690209699428674960,682085,0.42034235343269577,0.07860563639077835,0.0
1690209699428926067,682085,0.4203979609095556,0.07856159375130796,0.0
1690209699429144742,682085,0.4203494099134305,0.07868079590581437,0.0
1690209699429158914,682085,0.4203446795161727,0.07872033901913036,0.0
1690209699429175332,682085,0.4203812387041256,0.07868811429993937,0.0
1690209699429191841,682085,0.42038452080112265,0.07873879464792528,0.0
1690209699429202791,682085,0.42036158577906196,0.07880169045451568,0.0
1690209699436195460,682086,0.42033203910416894,0.07881748178630975,0.0
1690209699437423581,682086,0.4203218905399501,0.07882515679854044,0.0
1690209699437614556,682086,0.42032460356995544,0.07882711733590496,0.0
1690209699437909603,682086,0.42044405734584245,0.07867091599795921,0.0
1690209699437926986,682086,0.42043199221397654,0.07864999445831913,0.0
1690209699437939437,682086,0.42048850866160986,0.0785822731687672,0.0
1690209699437954377,682086,0.4205726003613488,0.07845232646655008,0.0
1690209699437963295,682086,0.42059923436300534,0.07843151394040926,0.0
1690209699437980553,682086,0.42061596212919006,0.07841964678284086,0.0
1690209699437989416,682086,0.4206459695443856,0.07836241894669048,0.0
1690209699444451735,682087,0.4206847775054148,0.07829943180420584,0.0
1690209699444590442,682087,0.4207205682799937,0.07826512336109648,0.0
1690209699445431272,682087,0.42079693913236854,0.07817433443657933,0.0
1690209699445691680,682087,0.420738491766115,0.07824484602542657,0.0
1690209699445789785,682087,0.4207300146240655,0.07824547692926936,0.0
1690209699446104773,682087,0.4207477730708913,0.07822052648044425,0.0
1690209699446117473,682087,0.4207515953652272,0.07825189404754102,0.0
1690209699446129035,682087,0.4207498496484121,0.07827494399784965,0.0
1690209699446139564,682087,0.42073992171488017,0.07830850922556433,0.0
1690209699446146816,682087,0.42069482076031406,0.0783652123637468,0.0
1690209699452302935,682088,0.42062499576533574,0.07845618788028225,0.0
1690209699452693358,682088,0.4205905333129284,0.07850673117689473,0.0
1690209699453998700,682088,0.42046268635773354,0.078678519636746,0.0
1690209699454015236,682088,0.4204165604970068,0.07875286532841824,0.0
1690209699454082497,682088,0.4204131214265514,0.07875607904714813,0.0
1690209699454282814,682088,0.4203974272398525,0.07882084752971492,0.0
1690209699454302831,682088,0.42035282103184946,0.0788805165987975,0.0
1690209699454327833,682088,0.42030822225260017,0.07892036507155807,0.0
1690209699454336286,682088,0.4203059886823214,0.07896250705673999,0.0
1690209699454345733,682088,0.42031653648180584,0.07896779028205761,0.0
1690209699461357152,682089,0.4203991837088548,0.07887351537684618,0.0
1690209699461622791,682089,0.4203703723897131,0.07890399383737809,0.0
1690209699461786262,682089,0.4204399023508763,0.07883004091525996,0.0
1690209699462819092,682089,0.4204948764627593,0.07872985396784869,0.0
1690209699463073547,682089,0.42047180022061886,0.07872145389714236,0.0
1690209699463373603,682089,0.4205145075634927,0.07868553829893693,0.0
1690209699463395860,682089,0.4205567814363621,0.07857242044398292,0.0
1690209699463408306,682089,0.42058855886523777,0.07851321109782884,0.0
1690209699463418226,682089,0.42064031468106095,0.0784618072480488,0.0
1690209699463426219,682089,0.4207219129027409,0.07833152372021872,0.0
1690209699469582190,682090,0.42075527416849207,0.07826047708072353,0.0
1690209699469822540,682090,0.420739386923077,0.07824125233202002,0.0
1690209699470716207,682090,0.42084503847446014,0.07818685873098405,0.0
1690209699470874349,682090,0.42085928065783074,0.07814108176463323,0.0
1690209699471282415,682090,0.4208559418537815,0.0781690594431166,0.0
1690209699471294233,682090,0.4208964943899025,0.0781596698707844,0.0
1690209699471300051,682090,0.42085144073119835,0.07818150793935753,0.0
1690209699471310433,682090,0.42083822152746325,0.07821989364832578,0.0
1690209699471317404,682090,0.4207140350470946,0.07837795969845719,0.0
1690209699471342600,682090,0.42071786454473264,0.07843251316719067,0.0
1690209699477631459,682091,0.42067509590210467,0.07847680067579708,0.0
1690209699478535177,682091,0.42059728640049854,0.07858123540025475,0.0
1690209699478542479,682091,0.4205948787211182,0.07862325574310894,0.0
1690209699478725476,682091,0.4205597977804372,0.07862588882378477,0.0
1690209699478972762,682091,0.4205008549286136,0.07870097125911898,0.0
1690209699478991996,682091,0.42041362934972637,0.0788259274087314,0.0
1690209699479004931,682091,0.42046691599599173,0.0787669139505228,0.0
1690209699479015173,682091,0.4205201577143194,0.07871273994770532,0.0
1690209699479026792,682091,0.4204801685747994,0.07876782898849263,0.0
1690209699479046378,682091,0.42059121703856206,0.07869301618593302,0.0
1690209699486051144,682092,0.42062292360556996,0.07863660337246542,0.0
1690209699486735231,682092,0.4206048407614041,0.07866922736535151,0.0
1690209699487239315,682092,0.42064287817863877,0.07865326263496382,0.0
1690209699487402471,682092,0.4206813809952218,0.07859658998761672,0.0
1690209699487777635,682092,0.4207086709872386,0.07858146016814738,0.0
1690209699487783557,682092,0.4206324121368197,0.07865542237391665,0.0
1690209699487797366,682092,0.4207195068195694,0.07854876150590558,0.0
1690209699487851155,682092,0.42071679803516604,0.07846950431617317,0.0
1690209699488005265,682092,0.42068183394089104,0.07845900383351141,0.0
1690209699488077596,682092,0.420741046911273,0.07839802954500705,0.0
1690209699494250620,682093,0.4207646762929337,0.07832259566524573,0.0
1690209699495321163,682093,0.4207543287030163,0.07829479521909022,0.0
1690209699495465139,682093,0.4207544202746257,0.07826927380744575,0.0
1690209699495633597,682093,0.42087379200801633,0.07812477710259083,0.0
1690209699495923294,682093,0.4209415973493536,0.0780529660469962,0.0
1690209699495936334,682093,0.4209121231020882,0.07812476628337738,0.0
1690209699495952677,682093,0.4209692042175537,0.07814659314752681,0.0
1690209699495965663,682093,0.4209830568674125,0.07815004503291026,0.0
1690209699495981374,682093,0.42096027341861014,0.07825083084284247,0.0
1690209699495989771,682093,0.42095110443427547,0.07830657481024227,0.0
1690209699503665411,682094,0.42092201642138355,0.07837846397551634,0.0
1690209699504595194,682094,0.4208733119832288,0.07846991424002903,0.0
1690209699505462833,682094,0.42072891695129067,0.0786441369323261,0.0
1690209699505470605,682094,0.420805602880415,0.07860841098442985,0.0
1690209699505491226,682094,0.42069906859384576,0.07870881743558532,0.0
1690209699505861912,682094,0.42061135655130055,0.07882307941377253,0.0
1690209699505874718,682094,0.4206512753371017,0.07874707528750832,0.0
1690209699505889977,682094,0.4206245738891432,0.07877840060232785,0.0
1690209699505897605,682094,0.42062143413069353,0.07880291804314582,0.0
1690209699505915560,682094,0.4205979574135664,0.07879101975792463,0.0
1690209699511879220,682095,0.42068611372165865,0.0786985677804722,0.0
1690209699512126571,682095,0.42069683932786306,0.0786807860277237,0.0
1690209699512570330,682095,0.42074653344921376,0.07862391158995219,0.0
1690209699512998383,682095,0.420849872141937,0.07850873501578634,0.0
1690209699513123874,682095,0.4208883785568296,0.0784309994000512,0.0
1690209699513456801,682095,0.42093876378614004,0.07834499572111,0.0
1690209699513472157,682095,0.4209743676203111,0.07830408043493217,0.0
1690209699513485047,682095,0.4210093005092157,0.07823652581169371,0.0
1690209699513492960,682095,0.4209947979737783,0.07822619485433306,0.0
1690209699513528843,682095,0.4210241237560857,0.07817505378880892,0.0
1690209699519316034,682096,0.4211116795256783,0.07807639168941785,0.0
1690209699522350912,682096,0.4211720885036126,0.07802318205674494,0.0
1690209699522355171,682096,0.42108776459252545,0.0781329352931866,0.0
1690209699522361860,682096,0.42113248643220913,0.07815726982921455,0.0
1690209699522371085,682096,0.42114423097880993,0.07815362481164113,0.0
1690209699522377345,682096,0.4210689548270029,0.07828679943997532,0.0
1690209699522389640,682096,0.42105747620390543,0.07833765324062444,0.0
1690209699523683068,682096,0.42101842071943674,0.07837680892516154,0.0
1690209699523709379,682096,0.4209597212053271,0.07847053248266343,0.0
1690209699523737379,682096,0.42083648589302747,0.07863185412410513,0.0
1690209699529577357,682097,0.4208361557454364,0.07862893292046087,0.0
1690209699529972202,682097,0.4208096189269474,0.07862744661515203,0.0
1690209699530057500,682097,0.4207030094074985,0.07873316169737635,0.0
1690209699530237426,682097,0.4207466576641287,0.07870888222753569,0.0
1690209699530342131,682097,0.420755900892116,0.07866212444976652,0.0
1690209699530549694,682097,0.4207343146531896,0.0787140505687245,0.0
1690209699530561232,682097,0.42076952005928114,0.07870815697972808,0.0
1690209699530572757,682097,0.42086087610753653,0.07861089798031122,0.0
1690209699530579479,682097,0.420873574056722,0.07860803843091908,0.0
1690209699530592832,682097,0.42086326733582335,0.07861941400540923,0.0
1690209699537051804,682098,0.42095986769618005,0.07849538115270913,0.0
1690209699537219732,682098,0.4209639607792116,0.07841610397586553,0.0
1690209699537682081,682098,0.4209253970638361,0.07841526954383764,0.0
1690209699537685978,682098,0.4209802210952247,0.0783639911258539,0.0
1690209699538072035,682098,0.42098928706878913,0.0782977211199658,0.0
1690209699538084072,682098,0.4209968443023663,0.0783064300257346,0.0
1690209699538090779,682098,0.4210262093141664,0.07825961562734816,0.0
1690209699538095451,682098,0.4210689772214239,0.07818488823520515,0.0
1690209699538099800,682098,0.42110430555659856,0.0781732944022238,0.0
1690209699538163302,682098,0.42098563869800865,0.07832990533856644,0.0
1690209699545408024,682099,0.4209920165452675,0.07837144269578142,0.0
1690209699546207023,682099,0.4209301175344121,0.07843161063759231,0.0
1690209699546651677,682099,0.4208294230221349,0.07854635857979854,0.0
1690209699546715434,682099,0.4208221676882674,0.07859239132400503,0.0
1690209699546906530,682099,0.42077627575111787,0.0785997645496806,0.0
1690209699546916181,682099,0.42073751844215085,0.0786687903089682,0.0
1690209699546923254,682099,0.4206743524199787,0.07878308118001659,0.0
1690209699546930065,682099,0.4207392942179782,0.07871008513354058,0.0
1690209699546939704,682099,0.4207490899376547,0.07867836043662242,0.0
1690209699546948078,682099,0.4206974876133458,0.07873225526425001,0.0
1690209699553847430,682100,0.42074754043715984,0.07871367179342485,0.0
1690209699553857260,682100,0.42076717228481453,0.07867303102056976,0.0
1690209699553861441,682100,0.4207528373909788,0.0787085010549222,0.0
1690209699553868575,682100,0.42077159630033,0.07871750033340064,0.0
1690209699553872713,682100,0.42083785595605305,0.07863632060825625,0.0
1690209699554165396,682100,0.42084426642575157,0.07862103252282325,0.0
1690209699554212425,682100,0.4207805024514239,0.07868093774728098,0.0
1690209699554296461,682100,0.4208751448963117,0.07856571581288327,0.0
1690209699554310911,682100,0.42088689997130324,0.07848375880883136,0.0
1690209699554313762,682100,0.4208313828075739,0.07850480779137986,0.0
1690209699561571329,682101,0.4208644207254814,0.07842967125306911,0.0
1690209699562040410,682101,0.4208954029138084,0.07833905225586524,0.0
1690209699562372427,682101,0.4209085784384957,0.0782924941668914,0.0
1690209699562472903,682101,0.42093265132797747,0.07824861903303529,0.0
1690209699562679843,682101,0.4210675559266628,0.07810217636577978,0.0
1690209699562687359,682101,0.42112450153600456,0.07803827473693746,0.0
1690209699562695941,682101,0.42111194639149613,0.07810436288517425,0.0
1690209699562701819,682101,0.42120611185035517,0.07808747441881284,0.0
1690209699562709529,682101,0.4212319192656969,0.07810784431351452,0.0
1690209699562725304,682101,0.4212137110931227,0.0781923289834004,0.0
1690209699570821703,682102,0.4211712889350806,0.07827899329186107,0.0
1690209699571615665,682102,0.42118246382268987,0.07832570041915038,0.0
1690209699572122226,682102,0.42107389283528873,0.07845405982242748,0.0
1690209699572481292,682102,0.4209137604709114,0.0786374205626088,0.0
1690209699573265237,682102,0.42083167942088107,0.07872544965594952,0.0
1690209699573444680,682102,0.4208004332247307,0.07873653656112155,0.0
1690209699573831837,682102,0.42070026480605943,0.07881151957408444,0.0
1690209699573856769,682102,0.42066431614377897,0.07883247337717413,0.0
1690209699573874697,682102,0.42068688819545275,0.07879127530594567,0.0
1690209699573893467,682102,0.4206683833248499,0.07878742470599057,0.0
1690209699579816585,682103,0.4207077308848871,0.0788032495945703,0.0
1690209699580032154,682103,0.4207741945426756,0.07874650003091375,0.0
1690209699580246205,682103,0.4208307843345512,0.07866772134483317,0.0
1690209699580828531,682103,0.42075535130348324,0.07875550532612995,0.0
1690209699581073654,682103,0.42080855894895064,0.07870410284597024,0.0
1690209699581218575,682103,0.42087631932793623,0.07861422690855573,0.0
1690209699581427539,682103,0.42077286452249624,0.07870765065071683,0.0
1690209699581440126,682103,0.42078768425161545,0.07869506563411595,0.0
1690209699581447706,682103,0.42082982414155323,0.07859550244297506,0.0
1690209699581453862,682103,0.42082522656886945,0.07855129361107091,0.0
1690209699587169638,682104,0.4207861370299407,0.07859908781091862,0.0
1690209699587532116,682104,0.4208503044612911,0.07852246281265146,0.0
1690209699587797943,682104,0.4208700103348029,0.078490025827771,0.0
1690209699588099206,682104,0.4209063155401438,0.07845601206300512,0.0
1690209699588206420,682104,0.42091356605914,0.07847579854490551,0.0
1690209699588636861,682104,0.42092713436646545,0.07853174090877478,0.0
1690209699588746871,682104,0.42083132980840454,0.0785331130373364,0.0
1690209699588929918,682104,0.4208218392195108,0.07854933463153693,0.0
1690209699588947617,682104,0.4208736943562819,0.07850773174136218,0.0
1690209699588953843,682104,0.4208279499342068,0.07852659703307696,0.0
1690209699593687065,682105,0.42087894034151074,0.0784873957306524,0.0
1690209699594331562,682105,0.42075804359114594,0.0785908211081943,0.0
1690209699594347532,682105,0.42090194017408944,0.0784760696270735,0.0
1690209699594698870,682105,0.42091422810551893,0.07841703513460895,0.0
1690209699594837532,682105,0.4208962395190608,0.07848848649871956,0.0
1690209699595083557,682105,0.42094944756040964,0.07842611481531217,0.0
1690209699595132081,682105,0.42092036380123327,0.07840309970239445,0.0
1690209699595144803,682105,0.4209761984148219,0.078413676288413,0.0
1690209699595155820,682105,0.4209241639184156,0.0784591955591722,0.0
1690209699595164155,682105,0.4209754072261974,0.07836720714904952,0.0
1690209699603873603,682106,0.42090002151799755,0.07844139365892618,0.0
1690209699604000407,682106,0.4209580924751667,0.07842031347152269,0.0
1690209699605175629,682106,0.4210253760228913,0.07836384554069634,0.0
1690209699605403652,682106,0.4209739144411805,0.07849285098314172,0.0
1690209699605725361,682106,0.42095502091131837,0.07853218279512367,0.0
1690209699605896147,682106,0.42095150518190944,0.07854424540518952,0.0
1690209699605911867,682106,0.4209880842632292,0.07856058876779258,0.0
1690209699605925492,682106,0.42097506631301845,0.07865777201481816,0.0
1690209699605933226,682106,0.4209325891829112,0.07869258148105131,0.0
1690209699605955952,682106,0.4208249457315109,0.07879373189545152,0.0
1690209699611392380,682107,0.42083889030293964,0.07875261320100206,0.0
1690209699611717263,682107,0.4208935910482563,0.07866135194228055,0.0
1690209699612535646,682107,0.42085616165116957,0.07869344295453082,0.0
1690209699612707628,682107,0.42083011408216314,0.07865017343893875,0.0
1690209699612995936,682107,0.42089059698325665,0.07855306500745324,0.0
1690209699613009808,682107,0.4209310794148162,0.07850399454898142,0.0
1690209699613019631,682107,0.4210220756892526,0.0784462213836157,0.0
1690209699613031459,682107,0.4210694415211855,0.07836625025302897,0.0
1690209699613042234,682107,0.4210275649370103,0.07841227251086248,0.0
1690209699613052440,682107,0.4210700455845001,0.0783970655689792,0.0
1690209699622278188,682108,0.42114538963619447,0.07832268967559196,0.0
1690209699622733292,682108,0.4211331052327393,0.07836539510453011,0.0
1690209699622865618,682108,0.42105327893312616,0.07842421948608584,0.0
1690209699623072056,682108,0.421084919813767,0.07836051276942566,0.0
1690209699623245220,682108,0.4210284151686521,0.07839971720150508,0.0
1690209699623315428,682108,0.42099693858593024,0.07846561476758473,0.0
1690209699624043871,682108,0.4209704297641855,0.07847655696856441,0.0
1690209699624227827,682108,0.42089911317477335,0.07854840937964651,0.0
1690209699624379215,682108,0.42092279341471367,0.0785452261404422,0.0
1690209699624391203,682108,0.4209279320255605,0.07859439092776917,0.0
1690209699627805834,682109,0.4209112465330811,0.07868413068849972,0.0
1690209699628312088,682109,0.42084895958398616,0.07876801511523682,0.0
1690209699629061627,682109,0.4208287987154119,0.07877707582412105,0.0
1690209699629189481,682109,0.42084397446288724,0.07883439207652031,0.0
1690209699629385892,682109,0.42085630577254524,0.07884144172290981,0.0
1690209699629399874,682109,0.4207688846169546,0.07890091119244275,0.0
1690209699629406356,682109,0.42076119000333234,0.07891288798708625,0.0
1690209699629412526,682109,0.42078846014869353,0.07882164095804868,0.0
1690209699629418991,682109,0.4208784199805704,0.07871551377130041,0.0
1690209699629426008,682109,0.42086548588480804,0.07868989738772561,0.0
1690209699636885532,682110,0.4209013317528036,0.07864734389872097,0.0
1690209699637017601,682110,0.42100162944765807,0.07848156541466376,0.0
1690209699637279828,682110,0.4210059236343452,0.07847853541010552,0.0
1690209699638024122,682110,0.4211699596342212,0.07835594575987678,0.0
1690209699638112286,682110,0.42119763703352164,0.07826636282081324,0.0
1690209699638436288,682110,0.42129547839574544,0.07817440872352265,0.0
1690209699638443262,682110,0.42132095480589415,0.0781545533533057,0.0
1690209699638451622,682110,0.4214242942893044,0.07811432272040271,0.0
1690209699638457466,682110,0.421420869155955,0.07811365637755262,0.0
1690209699638478723,682110,0.4213293124647289,0.07820102761633554,0.0
1690209699645228840,682111,0.421382158927648,0.0781529803058381,0.0
1690209699646517833,682111,0.42133234118601776,0.07817530623230436,0.0
1690209699646733991,682111,0.42131225131115563,0.07822791835116122,0.0
1690209699647290424,682111,0.4211609585099728,0.07837888681748613,0.0
1690209699647308847,682111,0.42112245241628815,0.0784010390716652,0.0
1690209699647319194,682111,0.42111121564678505,0.07839619135835983,0.0
1690209699647326932,682111,0.4210276814171372,0.07850770906395299,0.0
1690209699647346210,682111,0.4210428469769729,0.07857068584953955,0.0
1690209699647364392,682111,0.4209781074530956,0.07859812402705837,0.0
1690209699647386931,682111,0.42095781757788125,0.07861987744874264,0.0
1690209699653467263,682112,0.42095458223064774,0.07868031185787219,0.0
1690209699654290144,682112,0.42097834036958415,0.07865240606151169,0.0
1690209699654584965,682112,0.4208986808458498,0.07872148567347938,0.0
1690209699654821434,682112,0.4208580088936442,0.07879971903525033,0.0
1690209699655142210,682112,0.4209417641251928,0.078743812866751,0.0
1690209699655159836,682112,0.420976797735489,0.07868633663972716,0.0
1690209699655171237,682112,0.42089966926418826,0.07876832205796543,0.0
1690209699655183147,682112,0.4209247224201101,0.07873044429903876,0.0
1690209699655199934,682112,0.42096725007563257,0.0786171345999136,0.0
1690209699655213550,682112,0.4209655012975511,0.07863087858449659,0.0
1690209699660706201,682113,0.42095235641164147,0.07865736605167922,0.0
1690209699661078745,682113,0.4210444869485361,0.07852280318788099,0.0
1690209699662124991,682113,0.4210871023490782,0.07840350831783569,0.0
1690209699662323742,682113,0.42114325235175004,0.07834408990692861,0.0
1690209699662571148,682113,0.42127859175387167,0.07820656442086768,0.0
1690209699662793414,682113,0.42129841866329454,0.0781553942622296,0.0
1690209699662805765,682113,0.4213059290696198,0.0781045723848553,0.0
1690209699662822827,682113,0.42135266755702805,0.07803969344760109,0.0
1690209699662827886,682113,0.4214772882644616,0.07792464424306372,0.0
1690209699662884320,682113,0.42144676125804914,0.07793880916234801,0.0
1690209699671628169,682114,0.42140934613241576,0.07797976244836748,0.0
1690209699672016814,682114,0.42146232238136927,0.07792346178477715,0.0
1690209699672168810,682114,0.42150175560492964,0.07790641122156566,0.0
1690209699672667236,682114,0.42147570056187783,0.07797462123210674,0.0
1690209699672696082,682114,0.42143682603238974,0.07807897678335671,0.0
1690209699672715213,682114,0.42146587324949714,0.07805759698389778,0.0
1690209699672726246,682114,0.42141994646107533,0.07815507827857779,0.0
1690209699672733803,682114,0.42139907115046116,0.07825161414835778,0.0
1690209699672753679,682114,0.4213615795290139,0.07831556418363321,0.0
1690209699672777084,682114,0.42128641534369393,0.07841036954090509,0.0
1690209699677782722,682115,0.421107003478424,0.07858486057226713,0.0
1690209699678902547,682115,0.421116675972435,0.0786359757864556,0.0
1690209699679257862,682115,0.42107278294470385,0.07866633955082722,0.0
1690209699679410808,682115,0.42093165782352204,0.07879953123267128,0.0
1690209699679426248,682115,0.4209064176630382,0.07878924239820731,0.0
1690209699679450741,682115,0.42090612935556854,0.07877474362310642,0.0
1690209699679459044,682115,0.4209052775574133,0.07876778221076063,0.0
1690209699679470462,682115,0.42084052535515687,0.07880740727376698,0.0
1690209699679483832,682115,0.42092946533084064,0.07871885708204975,0.0
1690209699679490341,682115,0.4209765610216253,0.07859197379604695,0.0
1690209699686517129,682116,0.42102983166516483,0.07854347467243361,0.0
1690209699687430708,682116,0.42106503457187106,0.07847646064110336,0.0
1690209699687637560,682116,0.4211331259731166,0.07840338005360162,0.0
1690209699687898525,682116,0.4212110882710254,0.07825853334893221,0.0
1690209699687933757,682116,0.4212020554847783,0.07825570224956852,0.0
1690209699688252383,682116,0.42135616968138295,0.07814192557295982,0.0
1690209699688266295,682116,0.42132120430764425,0.07810598458362907,0.0
1690209699688275517,682116,0.4213802528343798,0.07802870297781933,0.0
1690209699688288828,682116,0.4214125752708504,0.07799358021222114,0.0
1690209699688295912,682116,0.42152489935424475,0.0779422578438142,0.0
1690209699695934877,682117,0.4215005024149774,0.07793994190970163,0.0
1690209699696075974,682117,0.421419879744548,0.07804354418130592,0.0
1690209699696480347,682117,0.4214888076935759,0.07799524774229404,0.0
1690209699696498810,682117,0.4214240342783516,0.07808246269187949,0.0
1690209699696511640,682117,0.421391610514231,0.07816748976399383,0.0
1690209699696517681,682117,0.4212927464793566,0.07830414947553133,0.0
1690209699696560460,682117,0.4212352412867638,0.07837052590292486,0.0
1690209699696579089,682117,0.421129875129791,0.07846577750319364,0.0
1690209699696594547,682117,0.42109517555804243,0.0785646071337757,0.0
1690209699696604104,682117,0.42102678484576983,0.07864569001235104,0.0
1690209699702168518,682118,0.42091111925285185,0.0787629244966571,0.0
1690209699702931984,682118,0.42089315338924804,0.07874836866658512,0.0
1690209699703411717,682118,0.4208794107141613,0.07879649550698728,0.0
1690209699703615464,682118,0.420895957943534,0.0787808239754146,0.0
1690209699703628354,682118,0.42078547076558714,0.07886599542766548,0.0
1690209699703868288,682118,0.4208103142988339,0.07886178076028479,0.0
1690209699703886638,682118,0.4208452411817887,0.07876877407507606,0.0
1690209699703895235,682118,0.42096452089874364,0.07864211488348893,0.0
1690209699703912413,682118,0.42093959137934434,0.0786287919520324,0.0
1690209699703947053,682118,0.42096946988594125,0.0785744950332001,0.0
1690209699712831865,682119,0.4210497064831933,0.07842505781529838,0.0
1690209699713510286,682119,0.4210672495686621,0.07839377087707224,0.0
1690209699714140693,682119,0.42123565529744944,0.07825047096829223,0.0
1690209699714281234,682119,0.42123279407283754,0.07818441238787756,0.0
1690209699714576817,682119,0.42128925618959484,0.07813743284635914,0.0
1690209699714599908,682119,0.42134482362677556,0.078091750821267,0.0
1690209699714619030,682119,0.42142913781539804,0.07806749330158821,0.0
1690209699714630339,682119,0.42142899983817483,0.07808965741247761,0.0
1690209699714637801,682119,0.42133262424786566,0.07818089625223541,0.0
1690209699714656306,682119,0.4213988906103183,0.0781280347352366,0.0
1690209699721438222,682120,0.4213387637969131,0.07817622179472689,0.0
1690209699723065418,682120,0.4213003843534227,0.07823980120707509,0.0
1690209699723082467,682120,0.4211713587779401,0.07835006350857061,0.0
1690209699723269223,682120,0.4211123936040623,0.07839702200384577,0.0
1690209699723280720,682120,0.4211418988230155,0.07835981273081458,0.0
1690209699723315686,682120,0.42107927610402673,0.07846364211931472,0.0
1690209699723325782,682120,0.4210787008893483,0.0785452225140425,0.0
1690209699723359197,682120,0.4210620025927124,0.07856031891679194,0.0
1690209699723374244,682120,0.4210788933384874,0.07859799578909994,0.0
1690209699723384157,682120,0.4210840017042851,0.07866805421649002,0.0
1690209699729555529,682121,0.42109577789519625,0.07872357630556555,0.0
1690209699729746755,682121,0.42105253231250417,0.07876998017281175,0.0
1690209699730840704,682121,0.42090758558606073,0.07892028460024972,0.0
1690209699730940939,682121,0.42093083982854507,0.07889484123985822,0.0
1690209699731304893,682121,0.4208926532741556,0.07889982489958215,0.0
1690209699731320377,682121,0.4208054446272033,0.07896884681668292,0.0
1690209699731327832,682121,0.420754581326587,0.07891811120859572,0.0
1690209699731354320,682121,0.42075528506534304,0.07884335060952219,0.0
1690209699731366033,682121,0.4207678740706271,0.07881617910943411,0.0
1690209699731378639,682121,0.42084337053801485,0.07870291400882944,0.0
1690209699736000187,682122,0.4209326902020064,0.07857744993638564,0.0
1690209699736654414,682122,0.4210186887963412,0.07850616644306144,0.0
1690209699737201750,682122,0.42122262171838726,0.07832291590225673,0.0
1690209699737219940,682122,0.42131980488888404,0.0782767506596174,0.0
1690209699737478586,682122,0.4213633372964616,0.07828608658593945,0.0
1690209699737489851,682122,0.42142484153595783,0.07820923395603946,0.0
1690209699737500621,682122,0.42146176500242183,0.07819732471489091,0.0
1690209699737506410,682122,0.42138986458531175,0.07830151316259015,0.0
1690209699737548268,682122,0.4213567047717449,0.07833164911973842,0.0
1690209699737557940,682122,0.42132034352084624,0.07833787583108286,0.0
1690209699745872118,682123,0.42122407946940876,0.07845051205125893,0.0
1690209699747302201,682123,0.42124084240907433,0.07841802020235217,0.0
1690209699747668019,682123,0.42122489622918396,0.07844563155590996,0.0
1690209699747689840,682123,0.4211496421510409,0.07853143902168676,0.0
1690209699747709619,682123,0.42114063178384226,0.07851694179077612,0.0
1690209699747728746,682123,0.4211823777595101,0.07849106594521005,0.0
1690209699747742893,682123,0.4211804060169533,0.07854515494672318,0.0
1690209699747764997,682123,0.4211758440102056,0.07859850150716358,0.0
1690209699747783059,682123,0.42112137010015066,0.07863703769712053,0.0
1690209699747800259,682123,0.42108286385601135,0.07870823091010683,0.0
1690209699753490098,682124,0.42110397185406157,0.07868627041548236,0.0
1690209699753961586,682124,0.42102663942252067,0.07876114562698235,0.0
1690209699754921976,682124,0.42096198481485314,0.07880723024170212,0.0
1690209699755122060,682124,0.4209006456143391,0.07877144093444571,0.0
1690209699755208109,682124,0.4209207794417938,0.07870689660018983,0.0
1690209699755550513,682124,0.4209340420784506,0.07867523050506102,0.0
1690209699755566881,682124,0.42103021310778466,0.07855647544280826,0.0
1690209699755581688,682124,0.42105366090481233,0.07851048033150428,0.0
1690209699755596036,682124,0.42108507943768464,0.07850429797915444,0.0
1690209699755605310,682124,0.42131119226054137,0.07828607999496022,0.0
1690209699760589627,682125,0.4213526792617291,0.0783060545310585,0.0
1690209699761627587,682125,0.42136989510785317,0.07835641815159027,0.0
1690209699761775110,682125,0.42141956085573373,0.07827645556382506,0.0
1690209699762118724,682125,0.42141990826251197,0.07826760695062374,0.0
1690209699762133079,682125,0.421368632875686,0.07838094820269433,0.0
1690209699762151792,682125,0.42134272712824444,0.07841086303118859,0.0
1690209699762162406,682125,0.42131107245253796,0.07839497649877697,0.0
1690209699762177877,682125,0.4211699348352699,0.07855668137586776,0.0
1690209699762193635,682125,0.421215244501218,0.07851947461044917,0.0
1690209699762209885,682125,0.42124375636010103,0.07849549083600332,0.0
1690209699769682877,682126,0.4211320475210788,0.07861099920313899,0.0
1690209699769932568,682126,0.4211364195181496,0.07862588733356461,0.0
1690209699770608966,682126,0.421165271959944,0.07856359764524151,0.0
1690209699771426224,682126,0.42113568483060704,0.07862054848323975,0.0
1690209699771540681,682126,0.4211222096512512,0.07867508153413706,0.0
1690209699771806845,682126,0.42110179070376874,0.07866882888357639,0.0
1690209699771819861,682126,0.42111086618480215,0.07865735294767175,0.0
1690209699771827459,682126,0.4210809088070747,0.07864074570407854,0.0
1690209699771835930,682126,0.4210626337679162,0.07869033106531331,0.0
1690209699771863511,682126,0.4210717212967242,0.07868067592084008,0.0
1690209699780732934,682127,0.4210242420286758,0.07869064405531151,0.0
1690209699780899528,682127,0.42104983817101277,0.0786915040574485,0.0
1690209699781403461,682127,0.42104743766770447,0.07871618944425919,0.0
1690209699781415146,682127,0.42107519432552676,0.0786774861126914,0.0
1690209699781426866,682127,0.4209808476347645,0.07879265401819217,0.0
1690209699781441805,682127,0.4208673204020625,0.07894274147704979,0.0
1690209699781448543,682127,0.420957057698356,0.07884193501524342,0.0
1690209699781454815,682127,0.4208665297405223,0.07888473462372494,0.0
1690209699781475000,682127,0.42079767452025446,0.07897038846221822,0.0
1690209699781511925,682127,0.42085609430717985,0.07888327153596582,0.0
1690209699787482026,682128,0.42083268967720305,0.07887618357611766,0.0
1690209699788426998,682128,0.42084876536948523,0.07889836416160202,0.0
1690209699788429596,682128,0.42087037824835155,0.0788724997006836,0.0
1690209699788693636,682128,0.42093790610041293,0.07878404135482436,0.0
1690209699788699700,682128,0.42089832327234894,0.07884489075241301,0.0
1690209699788707139,682128,0.42098086738394325,0.07877022069924297,0.0
1690209699788715169,682128,0.42108973685453266,0.07867935743845075,0.0
1690209699788723415,682128,0.4210301729078176,0.07873025398930335,0.0
1690209699788733123,682128,0.42100392006547577,0.07874834979406765,0.0
1690209699788738225,682128,0.421043330639146,0.07867783814131217,0.0
1690209699795040843,682129,0.421044576741777,0.07865835463239848,0.0
1690209699795207561,682129,0.42103776873712845,0.07867127922418199,0.0
1690209699795552235,682129,0.42103359107392063,0.07864537797622534,0.0
1690209699795641798,682129,0.42111612286528377,0.07856002232019757,0.0
1690209699795799701,682129,0.42111694173385755,0.07851400529066839,0.0
1690209699795820481,682129,0.42114433829868886,0.0785518501338292,0.0
1690209699795831073,682129,0.42119654162179126,0.07852053513310348,0.0
1690209699795837480,682129,0.42118024934836595,0.07851563511713036,0.0
1690209699795845351,682129,0.42119598160377186,0.07853559133680886,0.0
1690209699795875002,682129,0.4211941076642313,0.07857495113396089,0.0
1690209699803947463,682130,0.42128209648956005,0.07848286061686678,0.0
1690209699804385312,682130,0.42115087629834386,0.0786065081789646,0.0
1690209699805887445,682130,0.4211438984040866,0.07867221269882527,0.0
1690209699806106620,682130,0.4211745371419804,0.07860708652906857,0.0
1690209699806399737,682130,0.4211042060983009,0.07869414103718535,0.0
1690209699806417725,682130,0.4210414188192706,0.07874808824779389,0.0
1690209699806433989,682130,0.4210602799943398,0.0786987426532126,0.0
1690209699806669953,682130,0.4211210529710099,0.07865242978306017,0.0
1690209699806682646,682130,0.42100109319562773,0.07878081704068626,0.0
1690209699806688767,682130,0.42105260758533936,0.07872962544763144,0.0
1690209699811100319,682131,0.42096665443118875,0.07875996662198995,0.0
1690209699811285245,682131,0.4209734792132395,0.07877738487047665,0.0
1690209699812044666,682131,0.42102965732134995,0.07868660718216478,0.0
1690209699812161505,682131,0.421029776478893,0.07871367998089804,0.0
1690209699812308460,682131,0.4210700421578003,0.07868047688731324,0.0
1690209699812493816,682131,0.4210468506887943,0.07865809648031477,0.0
1690209699812519512,682131,0.42112017647163263,0.07862499091435668,0.0
1690209699812527609,682131,0.42109313045762964,0.07865580887783721,0.0
1690209699812533358,682131,0.4211058239204577,0.07863454128875615,0.0
1690209699812550068,682131,0.42104406558920265,0.07868641468973081,0.0
1690209699820551997,682132,0.42109118397681683,0.07864813201596928,0.0
1690209699821487881,682132,0.42115751543643243,0.07854960679414887,0.0
1690209699821654544,682132,0.4210848211468186,0.07865928356726451,0.0
1690209699821984736,682132,0.42110047021576347,0.07864675722764598,0.0
1690209699822008956,682132,0.421114920399563,0.07862629482496411,0.0
1690209699822040994,682132,0.42114438232336027,0.07859191622550678,0.0
1690209699822253503,682132,0.42110985324410294,0.07868210526953176,0.0
1690209699822453487,682132,0.4211540344693542,0.07862168783711432,0.0
1690209699822686708,682132,0.4210762237853453,0.07868134614551482,0.0
1690209699822702605,682132,0.42112611702916847,0.0786457933160421,0.0
1690209699828944654,682133,0.4211243859586089,0.07865019215778317,0.0
1690209699829403222,682133,0.42111224788413903,0.07870981445291723,0.0
1690209699829521118,682133,0.4210382892429345,0.07870194243303466,0.0
1690209699829700752,682133,0.42104933768016595,0.07868733182442904,0.0
1690209699829829115,682133,0.4210840365443628,0.07864856996968103,0.0
1690209699829950261,682133,0.4210983059304212,0.07860943062555059,0.0
1690209699830102647,682133,0.4211371034766939,0.07857435302319228,0.0
1690209699830224031,682133,0.4210904977826636,0.07862527934135936,0.0
1690209699830445344,682133,0.4212839755308764,0.0784585640526523,0.0
1690209699830511543,682133,0.4213075599460803,0.07841031174871133,0.0
1690209699836635026,682134,0.4212938362225949,0.07849913119215096,0.0
1690209699837263140,682134,0.42134559492786094,0.07843103888928166,0.0
1690209699837771008,682134,0.4213443779077947,0.0784105167526246,0.0
1690209699837780871,682134,0.42130491574012413,0.07850262883632185,0.0
1690209699838186444,682134,0.4212492786313913,0.07855256153071623,0.0
1690209699838205809,682134,0.4212085583341667,0.07854109622193099,0.0
1690209699838217967,682134,0.4210748335827152,0.07868705788903389,0.0
1690209699838225567,682134,0.42108479247949926,0.07866625903852394,0.0
1690209699838244108,682134,0.4211006476654401,0.07866223191767664,0.0
1690209699838275583,682134,0.4210331379707208,0.07874913249307425,0.0
1690209699845193458,682135,0.42104140136133383,0.0787327665304717,0.0
1690209699845439314,682135,0.42108341583226294,0.07870294037765865,0.0
1690209699845692821,682135,0.42108670154592365,0.07874055377510221,0.0
1690209699845703960,682135,0.4210926592499994,0.0787920207367802,0.0
1690209699845710190,682135,0.4210514372969317,0.07881209303809589,0.0
1690209699845761483,682135,0.42103972287548197,0.07884929068512105,0.0
1690209699845771460,682135,0.4210890851718553,0.078813604102659,0.0
1690209699845781523,682135,0.4210485323195433,0.07888875421264444,0.0
1690209699845788057,682135,0.4209742476760784,0.0789650806623091,0.0
1690209699845803939,682135,0.42090151801445397,0.07893750785206913,0.0
1690209699852633827,682136,0.4208952314466831,0.07891092777869962,0.0
1690209699853480234,682136,0.4208959374455532,0.0789090455508957,0.0
1690209699853789782,682136,0.4209741767485016,0.07880072480898663,0.0
1690209699854071609,682136,0.42097174936238113,0.07877802967212229,0.0
1690209699854091278,682136,0.4210205234978216,0.07874876217710743,0.0
1690209699854100469,682136,0.42123419349963626,0.07852377773714728,0.0
1690209699854109336,682136,0.4212575968780192,0.07854710132599954,0.0
1690209699854118311,682136,0.4212926539389804,0.07853562262910183,0.0
1690209699854199957,682136,0.4213420621931408,0.07845881948509792,0.0
1690209699854218814,682136,0.42139025663139207,0.07843197898018855,0.0
1690209699862629175,682137,0.42137143711730307,0.07848683108656049,0.0
1690209699864029439,682137,0.4213526169759586,0.07848679946348246,0.0
1690209699864347329,682137,0.42136386051718155,0.07844615776266632,0.0
1690209699864358699,682137,0.42127574741304963,0.07855547232177235,0.0
1690209699864881501,682137,0.42128875373853836,0.07850182901591964,0.0
1690209699864913896,682137,0.4212304598740986,0.07855526768515601,0.0
1690209699864947337,682137,0.42115392905760995,0.07863683318725861,0.0
1690209699864971139,682137,0.4211454536377247,0.07860795765068812,0.0
1690209699864991807,682137,0.42119276442276443,0.0785703800082803,0.0
1690209699865003237,682137,0.42118534115672007,0.078622238972989,0.0
1690209699871158033,682138,0.42121713631010776,0.07862858597171413,0.0
1690209699872035605,682138,0.4212084979364487,0.07863043326434342,0.0
1690209699872173392,682138,0.4212008217654196,0.07866883957218568,0.0
1690209699872619707,682138,0.42123448049445994,0.07864344956071553,0.0
1690209699872634973,682138,0.4211851935860786,0.0787323404027352,0.0
1690209699872650028,682138,0.4211354872322126,0.07880085011660386,0.0
1690209699872657808,682138,0.42108976379190594,0.0787977980750671,0.0
1690209699872661564,682138,0.4211209029112189,0.07876054501990654,0.0
1690209699872684883,682138,0.4210978208034588,0.07880533082906963,0.0
1690209699872692271,682138,0.4211177877974088,0.07876212886557915,0.0
1690209699877853139,682139,0.42110781864459945,0.07876414176020129,0.0
1690209699879180870,682139,0.4211258078506678,0.07870553938404974,0.0
1690209699879387424,682139,0.4213132711647216,0.07850550826519576,0.0
1690209699879392166,682139,0.4213547912092678,0.07849851024884706,0.0
1690209699879489978,682139,0.4213833546906413,0.0784570335629196,0.0
1690209699879655490,682139,0.42146333043711004,0.07834520170964734,0.0
1690209699879796287,682139,0.42150548893332224,0.07830255724688887,0.0
1690209699879808030,682139,0.42156771110681673,0.0782786823579481,0.0
1690209699879814501,682139,0.42157979654242417,0.07824464916970274,0.0
1690209699879835999,682139,0.42150529795064184,0.07832433823847225,0.0
1690209699888054221,682140,0.42149632799219044,0.07835452275837668,0.0
1690209699888980552,682140,0.4215338801836993,0.07830084163390218,0.0
1690209699889218728,682140,0.42148347339594483,0.07836802716358601,0.0
1690209699889777059,682140,0.42140790051889004,0.0784165846763378,0.0
1690209699889801890,682140,0.4214287875794577,0.07836241899824545,0.0
1690209699889823243,682140,0.42142230464787267,0.07837389500529128,0.0
1690209699889860757,682140,0.42139712160540416,0.07841274149297155,0.0
1690209699889874268,682140,0.42138337730192277,0.07838957392934244,0.0
1690209699889891040,682140,0.42131520940234407,0.07846283856221457,0.0
1690209699889918598,682140,0.4213422841396095,0.07843540103598488,0.0
1690209699893743735,682141,0.4213359786328762,0.07846598406991943,0.0
1690209699894969900,682141,0.4213309812517101,0.07856167962292102,0.0
1690209699895049923,682141,0.42130252711163274,0.07859024445248396,0.0
1690209699895424098,682141,0.42132181025558835,0.07861703072730486,0.0
1690209699895440882,682141,0.4213091952824515,0.07869567818797318,0.0
1690209699895462271,682141,0.4213145306454675,0.07876034994683044,0.0
1690209699895473867,682141,0.42125089728242404,0.07881361667744655,0.0
1690209699895482127,682141,0.4211229771518948,0.07895291272667262,0.0
1690209699895488486,682141,0.4211505718255491,0.07891151939091416,0.0
1690209699895520364,682141,0.4210978269847101,0.07894456894871207,0.0
1690209699902433346,682142,0.42102477125608395,0.07899747446071609,0.0
1690209699903148897,682142,0.4209741612535043,0.07895112513658852,0.0
1690209699903234590,682142,0.4209896600937669,0.07887597066033739,0.0
1690209699903401132,682142,0.42100792059844216,0.07883120263563934,0.0
1690209699903418423,682142,0.4210841666702473,0.07870596182201697,0.0
1690209699903692403,682142,0.42117419611864376,0.07858051333395973,0.0
1690209699903878804,682142,0.421262208357675,0.07848039379641276,0.0
1690209699903992446,682142,0.42146461134851976,0.07829870229232228,0.0
1690209699904126524,682142,0.4216002790021207,0.07821274355377429,0.0
1690209699904136416,682142,0.42163348619949526,0.07820900159565082,0.0
1690209699911443819,682143,0.4217141265198986,0.07813143882265039,0.0
1690209699911596621,682143,0.42174547406845553,0.0781193551714697,0.0
1690209699911938451,682143,0.42175480322533104,0.07815643026770495,0.0
1690209699911950765,682143,0.4217432857836454,0.07815718977811946,0.0
1690209699911974327,682143,0.42163652774143057,0.0782482808520291,0.0
1690209699912211199,682143,0.4215920680629113,0.07831079974874616,0.0
1690209699912417136,682143,0.42163753647943747,0.07823369400134816,0.0
1690209699912595518,682143,0.4215712178493518,0.07831094591361072,0.0
1690209699912605912,682143,0.4214974605191414,0.07836938664052927,0.0
1690209699912620413,682143,0.4214937999489502,0.07831069252570745,0.0
1690209699920118206,682144,0.42151464215548934,0.07830268172430202,0.0
1690209699921123199,682144,0.421496730926972,0.07834198085406857,0.0
1690209699921184569,682144,0.4215377022175322,0.07827687585652539,0.0
1690209699921502366,682144,0.42148923776009456,0.07832036796435399,0.0
1690209699921522337,682144,0.42155120493739917,0.07830505993414238,0.0
1690209699921533824,682144,0.4216121944357979,0.07826621486941826,0.0
1690209699921540269,682144,0.4215789684927421,0.07836211022776811,0.0
1690209699921565773,682144,0.4215610150240118,0.07841179791258542,0.0
1690209699921571408,682144,0.421554991222248,0.07843085061250167,0.0
1690209699921598025,682144,0.42157031417652263,0.07845479320217269,0.0
1690209699927874812,682145,0.42153110510882363,0.07853758876124381,0.0
1690209699928923366,682145,0.4215046187896977,0.07855694700468152,0.0
1690209699929046732,682145,0.42139254330335685,0.07865770953871969,0.0
1690209699929275513,682145,0.42139746660431937,0.07860872469048544,0.0
1690209699929289543,682145,0.42143837215756674,0.07850655623269752,0.0
1690209699929296895,682145,0.42140564023668026,0.0785474481213282,0.0
1690209699929302392,682145,0.4213959759289263,0.07850193823408613,0.0
1690209699929315578,682145,0.4214385164224014,0.07839368549857563,0.0
1690209699929348214,682145,0.4214903291051895,0.0783533904129247,0.0
1690209699929355914,682145,0.42158912471968923,0.07826668868747948,0.0
1690209699936618542,682146,0.42165408002263416,0.07815621761517812,0.0
1690209699937729997,682146,0.42157717643992243,0.07822823502717421,0.0
1690209699937830166,682146,0.42160859192648104,0.07820852978100651,0.0
1690209699937988140,682146,0.4217040704889131,0.078114397590798,0.0
1690209699938354004,682146,0.4216994347055173,0.07816233053228616,0.0
1690209699938372105,682146,0.4216827800108284,0.07814944753608993,0.0
1690209699938405274,682146,0.42168518386430165,0.07810829239885458,0.0
1690209699938423495,682146,0.42166578062798066,0.07815098914366585,0.0
1690209699938437907,682146,0.4215829746077208,0.07823000147391665,0.0
1690209699938449127,682146,0.42158592719006577,0.0781706278612183,0.0
1690209699944447851,682147,0.42149260856673254,0.07824949563659327,0.0
1690209699945381962,682147,0.42153357796058805,0.07823013672443084,0.0
1690209699945631464,682147,0.4215951186793204,0.0781942281294155,0.0
1690209699945903284,682147,0.42155857940678,0.07829562908695742,0.0
1690209699946075736,682147,0.42153992299288673,0.07833418720067813,0.0
1690209699946356555,682147,0.42153861922429114,0.07836977059671686,0.0
1690209699946371618,682147,0.42154346384582553,0.07841022747253329,0.0
1690209699946391135,682147,0.4215328789535492,0.07848798678295336,0.0
1690209699946403035,682147,0.42149394437042514,0.07851664797014468,0.0
1690209699946413462,682147,0.4213787039176011,0.07862860003064866,0.0
1690209699951929329,682148,0.42138565949267015,0.07858717479000661,0.0
1690209699952921066,682148,0.4213299654402122,0.07858889745641241,0.0
1690209699953073415,682148,0.42128448257827844,0.07861195107177887,0.0
1690209699953257466,682148,0.42123523838487964,0.07854552274069905,0.0
1690209699953353474,682148,0.4212632268892254,0.07848453000741784,0.0
1690209699953362355,682148,0.4213077577189741,0.07843740894496959,0.0
1690209699953369862,682148,0.42137265546190245,0.07834050023650044,0.0
1690209699953394732,682148,0.4214661886697012,0.07822079140036375,0.0
1690209699953399634,682148,0.4214603220415215,0.07823677844758231,0.0
1690209699953403177,682148,0.4216498792319339,0.07806433982970157,0.0
1690209699960861290,682149,0.42172631096959007,0.07800480501160217,0.0
1690209699962098816,682149,0.4217264947151803,0.07806699601983405,0.0
1690209699962187841,682149,0.4217336769009083,0.07802177459888197,0.0
1690209699962651520,682149,0.42175928949619096,0.07799292331880689,0.0
1690209699962788793,682149,0.42173545349690605,0.07806125535232672,0.0
1690209699962802222,682149,0.4216649667896147,0.0781204038162082,0.0
1690209699962821749,682149,0.421602380935938,0.07813153998543546,0.0
1690209699962839410,682149,0.4214778134298047,0.07824573335329377,0.0
1690209699962848689,682149,0.4214875946291263,0.0782111174182031,0.0
1690209699962861569,682149,0.42149148882371335,0.07822284703556749,0.0
1690209699970433199,682150,0.4214146453233123,0.07831441464247028,0.0
1690209699971057276,682150,0.42140371621130174,0.07829713472627484,0.0
1690209699971217858,682150,0.42147451023419563,0.07825298161380774,0.0
1690209699971431798,682150,0.4214636209556401,0.07831496927452612,0.0
1690209699971845293,682150,0.4214716766550529,0.07833396572779297,0.0
1690209699972105373,682150,0.42143650706192887,0.07837108868662329,0.0
1690209699972636485,682150,0.42139687615979005,0.07844355427888115,0.0
1690209699972647437,682150,0.4214817722245524,0.07840724062235031,0.0
1690209699972657317,682150,0.4214036915343494,0.07851849357127506,0.0
1690209699972681543,682150,0.42135537277980517,0.07858775339222589,0.0
1690209699980242623,682151,0.42128926315404636,0.07861643820577532,0.0
1690209699980604903,682151,0.42130838091873946,0.07862546788837252,0.0
1690209699981207260,682151,0.4212765670131211,0.07868129621255059,0.0
1690209699981707628,682151,0.4212340662286468,0.0787012139377589,0.0
1690209699981805885,682151,0.4211653406078015,0.07874889298172967,0.0
1690209699982161458,682151,0.4211822670822734,0.07869618961070625,0.0
1690209699982178537,682151,0.4212418901380576,0.07857913686155453,0.0
1690209699982186641,682151,0.42119593715177644,0.07863132627632993,0.0
1690209699982219096,682151,0.42117183893034094,0.07859158034352871,0.0
1690209699982230766,682151,0.4211779433354672,0.07855658711568217,0.0
1690209699987847359,682152,0.42123792589049514,0.07849960967048991,0.0
1690209699988982812,682152,0.4212714111311307,0.07845501278581368,0.0
1690209699989199783,682152,0.42136771383496247,0.07837209746370569,0.0
1690209699989519780,682152,0.42126832487277455,0.07844350294787525,0.0
1690209699989530522,682152,0.421395441602444,0.07834646441461124,0.0
1690209699989550970,682152,0.421410317715567,0.07829995427596896,0.0
1690209699989558477,682152,0.42142455877288515,0.07835935903835686,0.0
1690209699989569826,682152,0.4214921392520079,0.07827104164352475,0.0
1690209699989586868,682152,0.4214525578661442,0.07824375633106874,0.0
1690209699989603316,682152,0.42149291407834083,0.07827809203629699,0.0
1690209699995712955,682153,0.4214458804729986,0.07831146867681431,0.0
1690209699996993359,682153,0.421504791405337,0.07821976430740758,0.0
1690209699997019870,682153,0.4213791799242531,0.07834431421543929,0.0
1690209699997172113,682153,0.4214033744045771,0.07831947888992495,0.0
1690209699997410469,682153,0.42145446554083343,0.0782657811537726,0.0
1690209699997436116,682153,0.42133326770370705,0.07837592363285786,0.0
1690209699997447191,682153,0.42134415871101816,0.07838506739949368,0.0
1690209699997468947,682153,0.42138011238465545,0.0783340405833166,0.0
1690209699997485480,682153,0.4213748187143188,0.0783487839511756,0.0
1690209699997493784,682153,0.4213491538876659,0.07839679532992014,0.0
1690209700003343625,682154,0.4213168082207018,0.07839371284981254,0.0
1690209700004006322,682154,0.4213754623762072,0.07835661594011116,0.0
1690209700004659740,682154,0.4213538460506694,0.07832001075105169,0.0
1690209700004783844,682154,0.42133806839532373,0.07839307245829488,0.0
1690209700004984022,682154,0.4213490648205325,0.07836105124260147,0.0
1690209700004990373,682154,0.4213280054751961,0.07835337275529808,0.0
1690209700004994931,682154,0.42134973975280754,0.0783374957805771,0.0
1690209700005017792,682154,0.4213465578488361,0.0783559867435155,0.0
1690209700005027957,682154,0.421464736852409,0.07824331641206411,0.0
1690209700005034903,682154,0.4213404667793158,0.07834888191864796,0.0
1690209700012303795,682155,0.4213714114426063,0.07838086566409559,0.0
1690209700013377839,682155,0.4214381816169718,0.07826783312052753,0.0
1690209700013557284,682155,0.4213549164232393,0.07839541297630694,0.0
1690209700013573213,682155,0.421311048903229,0.07841767332892825,0.0
1690209700013911543,682155,0.4213117866359096,0.07840752186100985,0.0
1690209700013939680,682155,0.4213309899650234,0.07838422285744197,0.0
1690209700013947947,682155,0.4212085493330642,0.07847887341613895,0.0
1690209700013958193,682155,0.4212703148960163,0.07844359243796506,0.0
1690209700013976897,682155,0.4212339512530753,0.07842797170574953,0.0
1690209700013983810,682155,0.4212610472188888,0.07841930311237053,0.0
1690209700020411918,682156,0.4212935947416662,0.07835011646620915,0.0
1690209700021454787,682156,0.4213034339860391,0.07839870440542339,0.0
1690209700021687051,682156,0.4213794872885309,0.07832369729097849,0.0
1690209700021799296,682156,0.4213258093197051,0.07834387743409313,0.0
1690209700022040009,682156,0.4213952390937495,0.07833614726545324,0.0
1690209700022213088,682156,0.4213747433930214,0.07835128914415289,0.0
1690209700022221375,682156,0.42140097921749176,0.07829919606976996,0.0
1690209700022233470,682156,0.4213016525684312,0.07838787068141022,0.0
1690209700022239605,682156,0.42136291335613313,0.07834312364310782,0.0
1690209700022283018,682156,0.4213671918345999,0.07826444354946199,0.0
1690209700028921892,682157,0.4212597095580212,0.07835246188044187,0.0
1690209700029038899,682157,0.42128507425984163,0.07831108634108785,0.0
1690209700029390183,682157,0.42128903081915314,0.07825132932580929,0.0
1690209700029486585,682157,0.42129645830310863,0.07820280771101461,0.0
1690209700029714101,682157,0.4212835630130507,0.07823282005810618,0.0
1690209700029731862,682157,0.42139272212155277,0.07810107915612044,0.0
1690209700029751398,682157,0.4214591815445854,0.07802838071572683,0.0
1690209700029761299,682157,0.42150368066138716,0.07801852312759443,0.0
1690209700029768586,682157,0.4215808025990561,0.07801015757064561,0.0
1690209700029774553,682157,0.4216472743352725,0.07800885416464798,0.0
1690209700036511465,682158,0.4216086228395753,0.07807880424513047,0.0
1690209700036824091,682158,0.42161928711558194,0.07813251117330085,0.0
1690209700036904325,682158,0.4216494313908389,0.07817959399155154,0.0
1690209700037251406,682158,0.42155360381386114,0.07827125693719815,0.0
1690209700037339490,682158,0.42141357121039064,0.07844889933870668,0.0
1690209700037509722,682158,0.4212689135031926,0.07859502586353535,0.0
1690209700037521546,682158,0.4212363528654737,0.0785998201296361,0.0
1690209700037529209,682158,0.42108924838248657,0.07870672964276583,0.0
1690209700037550216,682158,0.42097494885999115,0.07879116940707337,0.0
1690209700037555541,682158,0.420979594884544,0.07874907243148338,0.0
1690209700045981839,682159,0.42095692173708155,0.07872024511628826,0.0
1690209700046939178,682159,0.4209181860779601,0.07875568029776349,0.0
1690209700047096123,682159,0.42098062564863925,0.07870215160065669,0.0
1690209700047349239,682159,0.4210470587894386,0.07860689066659675,0.0
1690209700047359411,682159,0.4210948185721284,0.0785750945055637,0.0
1690209700047369357,682159,0.42115021289983257,0.07852364327648464,0.0
1690209700047384313,682159,0.42127462172081054,0.07844595027159916,0.0
1690209700047392202,682159,0.42130421558539854,0.07840671384647538,0.0
1690209700047398140,682159,0.421287151452729,0.0784282604241878,0.0
1690209700047421618,682159,0.4213376431107167,0.07842041452131178,0.0
1690209700053289819,682160,0.4213430532730098,0.07838319572530492,0.0
1690209700053771167,682160,0.4213378269167248,0.07838620903150297,0.0
1690209700053825337,682160,0.42126152313035387,0.07845203353969767,0.0
1690209700054025592,682160,0.42134291100187243,0.0783646142083269,0.0
1690209700054115568,682160,0.421360451897269,0.07826553437693161,0.0
1690209700054123261,682160,0.421273225024146,0.07832918400804377,0.0
1690209700054218475,682160,0.4213166539263506,0.07825469318059695,0.0
1690209700054225301,682160,0.4213386933346958,0.07815526352084912,0.0
1690209700054227970,682160,0.421350161128179,0.07811428720342684,0.0
1690209700054239140,682160,0.4213471927086236,0.07812642838615798,0.0
1690209700061980946,682161,0.421465291201655,0.07798251524393231,0.0
1690209700062383771,682161,0.42147617478264254,0.07796637463980555,0.0
1690209700062544764,682161,0.4214456437868916,0.07805532066298625,0.0
1690209700062640850,682161,0.42152344255107416,0.07804554098145744,0.0
1690209700062778587,682161,0.42152107455926485,0.07809068926283486,0.0
1690209700062787550,682161,0.4214809356719077,0.07817274888695369,0.0
1690209700062791120,682161,0.42148545443399815,0.07821697367819358,0.0
1690209700062798429,682161,0.42150835519116076,0.07821137328468626,0.0
1690209700062802457,682161,0.42140444849546305,0.07833143306090003,0.0
1690209700062816667,682161,0.4212794542438048,0.07848612225071411,0.0
1690209700069810155,682162,0.42124116310700555,0.078525143535316,0.0
1690209700070064503,682162,0.42116470296241537,0.07856135914297051,0.0
1690209700070394768,682162,0.4210572345568576,0.07866243632402858,0.0
1690209700070548051,682162,0.42106158715157604,0.07864591825236374,0.0
1690209700070710684,682162,0.4210415424397776,0.07863125051951454,0.0
1690209700070892648,682162,0.4210137500977642,0.07864668512969686,0.0
1690209700070939273,682162,0.4210021789831937,0.07864845552742843,0.0
1690209700071003620,682162,0.4211054188839143,0.07856481959853341,0.0
1690209700071100407,682162,0.421130399954432,0.07852803167052118,0.0
1690209700071108948,682162,0.421164177661667,0.07848597603071847,0.0
1690209700079527425,682163,0.42123718780249786,0.07840342030290207,0.0
1690209700080321616,682163,0.42126717496878696,0.07833577484942816,0.0
1690209700081344535,682163,0.42130931514979186,0.07825913756956998,0.0
1690209700081626954,682163,0.42130000957574726,0.07821768408322277,0.0
1690209700082013874,682163,0.4213471450441508,0.07817355229505206,0.0
1690209700082029952,682163,0.42137098049943245,0.07807481308249546,0.0
1690209700082049911,682163,0.4213954002537543,0.07802720651912252,0.0
1690209700082064411,682163,0.42149486249704915,0.07792347831417153,0.0
1690209700082076232,682163,0.42154011056106117,0.07785174846982208,0.0
1690209700082127434,682163,0.4215778522295092,0.07783876456181282,0.0
1690209700086974736,682164,0.42160363391777556,0.07780878594035237,0.0
1690209700087696040,682164,0.4216941018690256,0.07776906088555512,0.0
1690209700087805333,682164,0.4217160466867278,0.07776253335872473,0.0
1690209700088180419,682164,0.4217124530612335,0.07777827265800191,0.0
1690209700088193320,682164,0.4217015367606618,0.0778138387406773,0.0
1690209700088211393,682164,0.4216080913843639,0.0778944481677138,0.0
1690209700088221959,682164,0.42159501565048807,0.0779350826894982,0.0
1690209700088230375,682164,0.42148409187326413,0.07803595166356803,0.0
1690209700088250391,682164,0.4214107153564968,0.07818745741395566,0.0
1690209700088262692,682164,0.4213745757422245,0.078202784516646,0.0
1690209700095710862,682165,0.42133810426881485,0.07828301526487579,0.0
1690209700096164334,682165,0.4213366606988602,0.0783382445249136,0.0
1690209700097332389,682165,0.4212661625522267,0.07840137239321389,0.0
1690209700097611380,682165,0.4212707670012156,0.07841837233490515,0.0
1690209700097620718,682165,0.4211697711741087,0.07856089188702725,0.0
1690209700097642088,682165,0.42120077760146635,0.07855824291349703,0.0
1690209700097999259,682165,0.4212007873322091,0.0785308884084346,0.0
1690209700098008180,682165,0.421139700269594,0.078616956901305,0.0
1690209700098013723,682165,0.421185380427347,0.07853199784697668,0.0
1690209700098043829,682165,0.4211721591803518,0.07849731498742847,0.0
1690209700104953388,682166,0.4211854504211594,0.07848585740607227,0.0
1690209700105198008,682166,0.42117750348520433,0.07844871314626478,0.0
1690209700105362379,682166,0.4212790279306918,0.0782850196179021,0.0
1690209700105417357,682166,0.4213045271419139,0.07824201589794638,0.0
1690209700105705996,682166,0.4214746267791189,0.07807656905724533,0.0
1690209700105717177,682166,0.42156581901361134,0.07793862956645413,0.0
1690209700105727654,682166,0.4216550595320777,0.07788055722683336,0.0
1690209700105734146,682166,0.421764989233561,0.07773969857803681,0.0
1690209700105754418,682166,0.421833550262514,0.07772600006108715,0.0
1690209700105759660,682166,0.42186424192540384,0.07773475848721138,0.0
1690209700111874667,682167,0.42182168443149803,0.07775655182643326,0.0
1690209700111976934,682167,0.42183958528874377,0.07774207047078255,0.0
1690209700112120720,682167,0.4217418405733351,0.07785520194465186,0.0
1690209700112248388,682167,0.42178459565433285,0.07783590331768607,0.0
1690209700112706929,682167,0.42167715113689264,0.07791023262297732,0.0
1690209700112832122,682167,0.42156633516714415,0.07806732943583931,0.0
1690209700112939917,682167,0.4215836723498548,0.07804310622293002,0.0
1690209700113067533,682167,0.42158558068018415,0.07807968014018515,0.0
1690209700113289059,682167,0.421567625569018,0.07814083693207327,0.0
1690209700113391870,682167,0.4215149128056247,0.07823240941701638,0.0
1690209700119390066,682168,0.42155197447803633,0.07819536959556707,0.0
1690209700120105848,682168,0.4214720017571576,0.07831365237950817,0.0
1690209700120205086,682168,0.42146489724696856,0.07836759722035112,0.0
1690209700120705153,682168,0.42135414767811397,0.07846717708957483,0.0
1690209700120817899,682168,0.4212846788856037,0.07853253566196333,0.0
1690209700121065030,682168,0.4212299688699384,0.07847986916889609,0.0
1690209700121071529,682168,0.4212059409058155,0.07850864840792791,0.0
1690209700121074695,682168,0.4211744676351803,0.07849205046799962,0.0
1690209700121080428,682168,0.4211454069418944,0.07846833769203387,0.0
1690209700121101090,682168,0.4211672910041324,0.07841285682811805,0.0
1690209700129289447,682169,0.42118102533795587,0.07838695313371387,0.0
1690209700129714740,682169,0.4214205337378759,0.07814075644532649,0.0
1690209700131108987,682169,0.42140983677237753,0.07809726348215103,0.0
1690209700131500752,682169,0.42150810505748515,0.07806923767114585,0.0
1690209700131955022,682169,0.42166200616276406,0.07788002984583847,0.0
1690209700131979231,682169,0.42172788017129503,0.07788034609511985,0.0
1690209700131994103,682169,0.42174638702741707,0.07791050751710782,0.0
1690209700132004700,682169,0.4217448141296068,0.0778873922835286,0.0
1690209700132015442,682169,0.42180305671944807,0.07782785093723255,0.0
1690209700132038843,682169,0.4217158533649727,0.07792919830302539,0.0
1690209700136584583,682170,0.42179265141385913,0.07786574206750946,0.0
1690209700137427382,682170,0.4216685030242875,0.07797061900761594,0.0
1690209700137494468,682170,0.4215713820106738,0.0780391141693677,0.0
1690209700137734278,682170,0.42153859739085364,0.07801635461260087,0.0
1690209700137972280,682170,0.4214973794465589,0.07808930268257741,0.0
1690209700138141614,682170,0.42148748776188427,0.07810134188295735,0.0
1690209700138149026,682170,0.4214379346374583,0.07808046864370916,0.0
1690209700138188583,682170,0.4214386771811214,0.07809946275131285,0.0
1690209700138199182,682170,0.421449904254138,0.07811530942899457,0.0
1690209700138203639,682170,0.4214996342584618,0.07804603921822616,0.0
1690209700144222449,682171,0.42140019033569187,0.07818968279056464,0.0
1690209700144516926,682171,0.4214432300534288,0.07818296176511491,0.0
1690209700144588732,682171,0.42155323351541696,0.07811335598327077,0.0
1690209700145054704,682171,0.4215152820034219,0.0781776210809268,0.0
1690209700145233316,682171,0.42144479953990566,0.07830645514029382,0.0
1690209700145317159,682171,0.42146262812511104,0.07828016542539525,0.0
1690209700145496856,682171,0.4213819075116001,0.07836434850427118,0.0
1690209700145506875,682171,0.4213690961750398,0.07843747637209468,0.0
1690209700145521496,682171,0.4213107741823106,0.07846668281058268,0.0
1690209700145530492,682171,0.42125465649743754,0.07850502897850112,0.0
1690209700153272988,682172,0.4212285071323553,0.07842857443130916,0.0
1690209700154594575,682172,0.4212344716557862,0.07841575822025841,0.0
1690209700154723325,682172,0.42129254309246195,0.07836116733362564,0.0
1690209700155102965,682172,0.4212467092803469,0.07834740229738793,0.0
1690209700155113404,682172,0.42130791098338727,0.07828299020145434,0.0
1690209700155121571,682172,0.4213589168818627,0.07821458202089177,0.0
1690209700155128568,682172,0.42157691003596764,0.07797329264995681,0.0
1690209700155170671,682172,0.4216177595053803,0.07791512714932644,0.0
1690209700155187286,682172,0.4215666845065271,0.07801852075341283,0.0
1690209700155212461,682172,0.4216766418081306,0.0778820092679216,0.0
1690209700161697304,682173,0.4216815241233573,0.077860952834046,0.0
1690209700163230398,682173,0.42168143283074166,0.07795599230579654,0.0
1690209700163583657,682173,0.4216847313857737,0.07792482095094799,0.0
1690209700163593808,682173,0.4217023636597334,0.07786229206278965,0.0
1690209700163598143,682173,0.42164254256230876,0.07795137404063718,0.0
1690209700163607868,682173,0.42168702554354665,0.07793161116878497,0.0
1690209700163626822,682173,0.4217423421586351,0.07784703412856689,0.0
1690209700163652537,682173,0.4216034337207214,0.07796965668335873,0.0
1690209700163659961,682173,0.4216133685795744,0.07797147127849172,0.0
1690209700163682591,682173,0.4217198528151358,0.07786014364770417,0.0
1690209700172016411,682174,0.4216586933778884,0.07791264553476801,0.0
1690209700173558224,682174,0.42162096586243636,0.07795534014278731,0.0
1690209700173731853,682174,0.4216475800476223,0.07789572451167227,0.0
1690209700174160885,682174,0.4216749894973081,0.07785134111898682,0.0
1690209700174180851,682174,0.42165848238136977,0.07789251922508958,0.0
1690209700174197085,682174,0.4216967809315155,0.07790624640097478,0.0
1690209700174212451,682174,0.4217001080596849,0.0778692721773161,0.0
1690209700174280719,682174,0.42172814177866313,0.07783907096061501,0.0
1690209700174324036,682174,0.42180179321644307,0.07780678714613717,0.0
1690209700174356278,682174,0.4218571834390853,0.07786186767637956,0.0
1690209700179433989,682175,0.42184738723044324,0.07787040374061653,0.0
1690209700180518325,682175,0.4217098543357803,0.07802134183920469,0.0
1690209700180754612,682175,0.42176961431693594,0.07803966922448793,0.0
1690209700180935081,682175,0.4216905113440774,0.07808180956171945,0.0
1690209700180964112,682175,0.42158784508598457,0.07819739366316897,0.0
1690209700180978622,682175,0.4214188100722436,0.0783056328886455,0.0
1690209700180991455,682175,0.42138354267721306,0.07832031079453954,0.0
1690209700181002025,682175,0.4213707749206749,0.07827869826918046,0.0
1690209700181009016,682175,0.42127687260549773,0.07836578677098398,0.0
1690209700181018402,682175,0.4213539233038329,0.07828341792514829,0.0
1690209700188383923,682176,0.4213378617808474,0.07823903902923046,0.0
1690209700189912143,682176,0.42145665171024327,0.07817279243804597,0.0
1690209700190015473,682176,0.4214958640841709,0.07814068424645457,0.0
1690209700190535101,682176,0.42158498158814595,0.07808333822801873,0.0
1690209700190556798,682176,0.4216183925010338,0.0780291919538967,0.0
1690209700190564944,682176,0.4216258238836833,0.07804969194527998,0.0
1690209700190589882,682176,0.4217432305900136,0.0779806317340449,0.0
1690209700190604372,682176,0.4216978005386781,0.078012874249497,0.0
1690209700190626333,682176,0.4216978143080034,0.07800717140760216,0.0
1690209700190639630,682176,0.421664689271418,0.07802409702866624,0.0
1690209700194991202,682177,0.4217267085491717,0.0779230684568299,0.0
1690209700195849437,682177,0.42171513597096255,0.07792560914775361,0.0
1690209700195964231,682177,0.42167235820049304,0.07795729129115798,0.0
1690209700196162944,682177,0.42170761348977825,0.07789140091195731,0.0
1690209700196182666,682177,0.4217495858434047,0.07779838127685519,0.0
1690209700196195607,682177,0.421768211534482,0.07777179888470181,0.0
1690209700196204109,682177,0.4217950714853276,0.0777993758278653,0.0
1690209700196482243,682177,0.42177442057727865,0.0777608086421428,0.0
1690209700196690834,682177,0.4217623580668179,0.07777179354374003,0.0
1690209700196698743,682177,0.4217964590766897,0.07778712564677337,0.0
1690209700205117359,682178,0.42180391993965805,0.07782138913562453,0.0
1690209700206445462,682178,0.42173759152174795,0.07789947298538508,0.0
1690209700206808494,682178,0.4215808946231531,0.07804787638377164,0.0
1690209700207255167,682178,0.4216219734368363,0.07803072505580202,0.0
1690209700207263693,682178,0.42156931220049815,0.07804176219631184,0.0
1690209700207288685,682178,0.42148466288382935,0.07814485821570075,0.0
1690209700207310926,682178,0.42146662411093583,0.0781641426298229,0.0
1690209700207331283,682178,0.42144225199826785,0.07814304748804593,0.0
1690209700207344100,682178,0.42158423323028255,0.07803613273857976,0.0
1690209700207380334,682178,0.42152889130199733,0.07810322538715779,0.0
1690209700212807792,682179,0.4216042195192354,0.07802794063661038,0.0
1690209700213957321,682179,0.4216046152592274,0.07799358217988081,0.0
1690209700213981469,682179,0.4216108166822466,0.07800755506391355,0.0
1690209700214356867,682179,0.4217256526372278,0.07794396619252328,0.0
1690209700214379329,682179,0.4217295915195004,0.07791621015518364,0.0
1690209700214391082,682179,0.42173587555814995,0.07791443581937085,0.0
1690209700214402047,682179,0.4217393275109669,0.07791265640795518,0.0
1690209700214408860,682179,0.4218364648629381,0.07779166037648944,0.0
1690209700214425058,682179,0.42181880311044684,0.07780257271705147,0.0
1690209700214445508,682179,0.42174155787124135,0.07780979954415929,0.0
1690209700220794224,682180,0.42176657876546836,0.07774216128669285,0.0
1690209700221473576,682180,0.4218032418494181,0.07764247122707817,0.0
1690209700221802790,682180,0.42182155414180217,0.07760625158206202,0.0
1690209700222038171,682180,0.42186100356090006,0.07757313524823445,0.0
1690209700222343657,682180,0.42185750841589065,0.07751092248226142,0.0
1690209700222367417,682180,0.4219411363223644,0.0774370139489022,0.0
1690209700222379715,682180,0.4219662198520952,0.07742008314210892,0.0
1690209700222389689,682180,0.4219716546801843,0.07746758808515554,0.0
1690209700222395239,682180,0.421987985533941,0.07747616075047341,0.0
1690209700222405886,682180,0.42189201080722794,0.07762409386346913,0.0
1690209700227971268,682181,0.42192395659055515,0.07764099671356726,0.0
1690209700228444380,682181,0.4218943579272188,0.07769565631156534,0.0
1690209700228609327,682181,0.4218260181866162,0.07780967158757719,0.0
1690209700229015437,682181,0.42170355522145114,0.07793712741055835,0.0
1690209700229218505,682181,0.42167606716786943,0.07796345616858547,0.0
1690209700229585421,682181,0.4215898727238203,0.0780567239105934,0.0
1690209700229593573,682181,0.4214863647985868,0.07817847910542004,0.0
1690209700229605395,682181,0.4214709519455744,0.07811773415472562,0.0
1690209700229615030,682181,0.421399311739865,0.07820547451769651,0.0
1690209700229637156,682181,0.421396082123904,0.07823130214289094,0.0
1690209700238035242,682182,0.421445973635022,0.07820461643643517,0.0
1690209700239198577,682182,0.42139842570332053,0.07826327760679125,0.0
1690209700239491473,682182,0.42139249530361944,0.07828829310350834,0.0
1690209700239530199,682182,0.42153634197873624,0.07813640912644436,0.0
1690209700239544228,682182,0.4215486369061082,0.07811820603258873,0.0
1690209700239963070,682182,0.42158732456538706,0.07812220807537988,0.0
1690209700240289002,682182,0.4216276846835733,0.07802592528368453,0.0
1690209700240308003,682182,0.4216576600500073,0.0779842206844665,0.0
1690209700240322045,682182,0.4216780211683773,0.07794579204746302,0.0
1690209700240343776,682182,0.4217347173428164,0.07785858073319103,0.0
1690209700247274646,682183,0.42178258412355457,0.07777072415160124,0.0
1690209700247892384,682183,0.4217580896634782,0.07776483083502214,0.0
1690209700248553875,682183,0.42183610460225696,0.07766435971106035,0.0
1690209700248718249,682183,0.42186358560111126,0.07761147075933056,0.0
1690209700249024579,682183,0.42189071901595043,0.07755295742845347,0.0
1690209700249037815,682183,0.4219135151798823,0.07750339629949249,0.0
1690209700249074841,682183,0.42190635843902935,0.07749740358270925,0.0
1690209700249083130,682183,0.42195912347386877,0.07744446983114388,0.0
1690209700249087590,682183,0.42194900857411277,0.0774398262753527,0.0
1690209700249162690,682183,0.42192861615738264,0.07748598240329517,0.0
1690209700254973202,682184,0.42195369871733623,0.07747633960099899,0.0
1690209700255252966,682184,0.4219470570989706,0.07746036798800887,0.0
1690209700255651480,682184,0.42190442818610197,0.07758723542672383,0.0
1690209700256457800,682184,0.42190838149511223,0.07760185665972463,0.0
1690209700256838573,682184,0.4219379089183446,0.07756844176634561,0.0
1690209700256847775,682184,0.4218700875383421,0.0776783525895623,0.0
1690209700256860233,682184,0.42185224179736447,0.07777357094855832,0.0
1690209700256890120,682184,0.42190755881190645,0.07774144959522569,0.0
1690209700256899730,682184,0.42173923899353893,0.07791099842711431,0.0
1690209700256908728,682184,0.4216962497975666,0.07801013182512709,0.0
1690209700262201468,682185,0.42166112068374323,0.07801701414193178,0.0
1690209700263166322,682185,0.4215769913613267,0.07810141112323768,0.0
1690209700263571608,682185,0.42152431925248834,0.07811152231593783,0.0
1690209700263581552,682185,0.4214863014577795,0.07810502783818361,0.0
1690209700263587467,682185,0.42150430849782894,0.07806619956024652,0.0
1690209700263753165,682185,0.4214689917513559,0.07800508372107452,0.0
1690209700263852656,682185,0.4215449441886804,0.07790359752625983,0.0
1690209700263990485,682185,0.421612767849616,0.07782289993486335,0.0
1690209700263999019,682185,0.42167226268109936,0.07774763723332351,0.0
1690209700264020029,682185,0.42176734616121664,0.07763570292723573,0.0
1690209700272011332,682186,0.42183555395193584,0.0775955782962972,0.0
1690209700272964810,682186,0.42191107576894227,0.07748884204472566,0.0
1690209700273368389,682186,0.42191610888882525,0.07748243197941844,0.0
1690209700273874737,682186,0.4218602032301236,0.07757749922039768,0.0
1690209700274071383,682186,0.4218686071249237,0.07755150642782917,0.0
1690209700274634916,682186,0.4218155674620943,0.07754007922079341,0.0
1690209700274658585,682186,0.42173792162499624,0.0776361182975676,0.0
1690209700274669537,682186,0.42179242385451327,0.07758705854595799,0.0
1690209700274683405,682186,0.42175180676713,0.07757297346178064,0.0
1690209700274741941,682186,0.42167888813374377,0.0776883369281711,0.0
1690209700279546014,682187,0.4217101278694178,0.07768350530136262,0.0
1690209700280352841,682187,0.4217785378045344,0.07760634410922337,0.0
1690209700280674630,682187,0.4217029375298152,0.07772338277869441,0.0
1690209700280870437,682187,0.42169362815871386,0.07778276097303195,0.0
1690209700280889825,682187,0.42176799812104365,0.07772399255606517,0.0
1690209700280898382,682187,0.42167993973324397,0.07782879885076585,0.0
1690209700280922031,682187,0.42165045042257726,0.07790554423871178,0.0
1690209700280930206,682187,0.421612011288564,0.07796086177577694,0.0
1690209700280980380,682187,0.4215612129997345,0.07798127435632038,0.0
1690209700280997986,682187,0.4215032223054128,0.07801918319320617,0.0
1690209700288848077,682188,0.4215347776145608,0.07801446695283745,0.0
1690209700289205571,682188,0.42153987260549897,0.0779749245551119,0.0
1690209700289481285,682188,0.4215444101830461,0.0779252697847973,0.0
1690209700289491655,682188,0.42154102704912166,0.07791510856407044,0.0
1690209700289505010,682188,0.42158888626099306,0.0778817355912987,0.0
1690209700289512986,682188,0.4216630820730049,0.07775076079436828,0.0
1690209700289547914,682188,0.4216153115343755,0.07776866522272688,0.0
1690209700289561116,682188,0.4216964838373269,0.07772502961623845,0.0
1690209700289577150,682188,0.42174684534812057,0.0776279059558487,0.0
1690209700289609435,682188,0.42175741374015563,0.0776138365899754,0.0
1690209700295896673,682189,0.42165073856623897,0.07776278144467197,0.0
1690209700296951775,682189,0.4216924417844776,0.07769995683100632,0.0
1690209700297109237,682189,0.42168911933000525,0.07764979024058906,0.0
1690209700297260987,682189,0.4216050968433387,0.07778997320093801,0.0
1690209700297504820,682189,0.4216706887457923,0.07772344043812246,0.0
1690209700297515803,682189,0.42166931146915126,0.07769405469241822,0.0
1690209700297521225,682189,0.42157908340511846,0.0777853710320923,0.0
1690209700297525598,682189,0.42158737293383625,0.077798194664225,0.0
1690209700297536037,682189,0.42166291943366585,0.0776947899122088,0.0
1690209700297579129,682189,0.42157063886907575,0.07779652369530657,0.0
1690209700305124776,682190,0.4215681268857242,0.07779908196697431,0.0
1690209700306215168,682190,0.42165324766748713,0.07772042296869931,0.0
1690209700306477009,682190,0.42169624127147204,0.07770896683166396,0.0
1690209700306831102,682190,0.42166728824849753,0.07776876574854671,0.0
1690209700306959413,682190,0.4216826875160495,0.0778081884693956,0.0
1690209700306977577,682190,0.4217163191058133,0.07776983790815713,0.0
1690209700306994609,682190,0.421741156471123,0.0777915183177106,0.0
1690209700307012152,682190,0.4217038365953801,0.07785035304821271,0.0
1690209700307024612,682190,0.4216886529940161,0.07787309552168128,0.0
1690209700307034758,682190,0.42169954310377705,0.07780648804834643,0.0
1690209700313530763,682191,0.42163779158442194,0.07786129908904432,0.0
1690209700314934769,682191,0.42166487944569037,0.07788921415344244,0.0
1690209700315034147,682191,0.4216108038725522,0.077916552183586,0.0
1690209700315299242,682191,0.42157038401529545,0.0779443443021338,0.0
1690209700315455491,682191,0.42155080620250224,0.07792165668980716,0.0
1690209700315475345,682191,0.4216170865672897,0.07786771454803276,0.0
1690209700315483732,682191,0.4216193156576461,0.07787376386141676,0.0
1690209700315496943,682191,0.42148521642647047,0.0780137104115953,0.0
1690209700315549407,682191,0.4215182664346999,0.07799709780224715,0.0
1690209700315559605,682191,0.42149511123230304,0.07799713110053966,0.0
1690209700320630455,682192,0.4215357654809509,0.07795978066857268,0.0
1690209700321376676,682192,0.4214837390409829,0.07801821249619591,0.0
1690209700321577249,682192,0.4214787897555198,0.07799434650684257,0.0
1690209700321762744,682192,0.42150255235691125,0.07795392383696437,0.0
1690209700321784149,682192,0.4214873317163095,0.07798496069398095,0.0
1690209700321800752,682192,0.42153019937754743,0.07795202624407765,0.0
1690209700321809134,682192,0.4214840996785423,0.07796293757535946,0.0
1690209700321821359,682192,0.42150138793164865,0.07793678393572775,0.0
1690209700321831926,682192,0.4215276458543509,0.07795506306083902,0.0
1690209700321863264,682192,0.4215745913962736,0.07790913011434984,0.0
1690209700330118561,682193,0.42157045409380467,0.07792347065873192,0.0
1690209700330484356,682193,0.4215453440210418,0.07793121904458303,0.0
1690209700331902438,682193,0.42160016470463424,0.07790116912095266,0.0
1690209700332046713,682193,0.42163299026144463,0.07787229266462031,0.0
1690209700332416878,682193,0.42156559057442416,0.07792442485855937,0.0
1690209700332446099,682193,0.42155004146698183,0.07792827320820984,0.0
1690209700332476075,682193,0.421563573708005,0.07782288768071849,0.0
1690209700332492306,682193,0.42159273458167434,0.07779780140273874,0.0
1690209700332502944,682193,0.42156320219181764,0.07780100392987994,0.0
1690209700332519543,682193,0.42158503130538283,0.07781041293770626,0.0
1690209700337467750,682194,0.4216005860528487,0.07775006981343947,0.0
1690209700338042317,682194,0.4216076420933571,0.0777771675576368,0.0
1690209700338556606,682194,0.4217283873838531,0.07769375396327494,0.0
1690209700338680732,682194,0.421691073520284,0.07770148765874546,0.0
1690209700338871730,682194,0.42172982331207,0.07769683678158062,0.0
1690209700339113830,682194,0.421676331823045,0.07773529825004943,0.0
1690209700339130795,682194,0.4217210563400691,0.07777640924086067,0.0
1690209700339137904,682194,0.42164711477008515,0.07780284578189064,0.0
1690209700339149899,682194,0.42155547077210354,0.07790303880187362,0.0
1690209700339156750,682194,0.4215233811229501,0.07788895351871446,0.0
1690209700347081814,682195,0.4214150200587429,0.07798532056866964,0.0
1690209700347610661,682195,0.42140360554310624,0.07801880840333339,0.0
1690209700348749575,682195,0.4212875688318257,0.07809064205155923,0.0
1690209700348971410,682195,0.4213000309942578,0.07808949132250437,0.0
1690209700349133405,682195,0.4212835708867708,0.07805301776203549,0.0
1690209700349491526,682195,0.42134585652940343,0.07803293727611255,0.0
1690209700349506334,682195,0.42139852995016586,0.07798303750119859,0.0
1690209700349515421,682195,0.4213937956358119,0.07799213594385519,0.0
1690209700349560195,682195,0.4214710957752389,0.07790407642589069,0.0
1690209700349570940,682195,0.42147223312987575,0.0779213884303134,0.0
1690209700355159339,682196,0.42152532171042967,0.07791067952379784,0.0
1690209700355302754,682196,0.42145271320690925,0.07793553827123004,0.0
1690209700355501286,682196,0.4214542037783754,0.07790534157437783,0.0
1690209700355619759,682196,0.42143033638014465,0.07786261657638752,0.0
1690209700355892317,682196,0.421440964661401,0.07782860447270423,0.0
1690209700355901315,682196,0.42144882578111276,0.07778241701287172,0.0
1690209700355916672,682196,0.42139038748216573,0.0778143517609596,0.0
1690209700355926895,682196,0.4214517992383632,0.07773055613634464,0.0
1690209700355933135,682196,0.42150489100511407,0.07767613061915374,0.0
1690209700355938630,682196,0.42158964610055943,0.07761026225897208,0.0
1690209700362518989,682197,0.4215922402236861,0.07764005264353305,0.0
1690209700363151533,682197,0.4215583877077859,0.07770966264264145,0.0
1690209700364150204,682197,0.421586703728016,0.07769765533755339,0.0
1690209700364313711,682197,0.42159661454404124,0.07775276146093911,0.0
1690209700364727363,682197,0.4215142966284542,0.07788875059807912,0.0
1690209700364748795,682197,0.42144146444863045,0.07796950124053888,0.0
1690209700364776722,682197,0.4213545297325849,0.07797179391401651,0.0
1690209700364788945,682197,0.42130717732135514,0.07805529562154266,0.0
1690209700364808436,682197,0.4212992672738714,0.07807929225925832,0.0
1690209700364820604,682197,0.4212538354518361,0.07808166753643797,0.0
1690209700371327292,682198,0.42116457652340733,0.07817858286005329,0.0
1690209700372495773,682198,0.4211616808065112,0.07819204397732643,0.0
1690209700372984071,682198,0.4213155851667144,0.07804507670846565,0.0
1690209700373171389,682198,0.4212740795441731,0.07808549231531915,0.0
1690209700373608012,682198,0.4212649125923343,0.07814742995027088,0.0
1690209700373633318,682198,0.421339766938384,0.07803579796080104,0.0
1690209700373645461,682198,0.4213488427644965,0.07803406192600458,0.0
1690209700373654185,682198,0.4213871941576411,0.07806596237051593,0.0
1690209700373660526,682198,0.4213235536191156,0.0780705061070044,0.0
1690209700373681721,682198,0.4213397579608695,0.07800159479253183,0.0
1690209700379528180,682199,0.42129963983155344,0.07799085713925123,0.0
1690209700380109923,682199,0.4213683461734894,0.07790102246031422,0.0
1690209700380490345,682199,0.4214047427539309,0.07784599580262526,0.0
1690209700380622613,682199,0.42131935043360325,0.07787774815560951,0.0
1690209700380863494,682199,0.42136849357581607,0.07781358797395256,0.0
1690209700380877063,682199,0.42140948033717446,0.0777530840381501,0.0
1690209700380901349,682199,0.4214759817353146,0.07769885996799906,0.0
1690209700380910021,682199,0.42146523128533875,0.0777447781993036,0.0
1690209700380921053,682199,0.4213962968685778,0.07782482252540922,0.0
1690209700380933156,682199,0.42146041199617695,0.07777968611474043,0.0
1690209700386521532,682200,0.4214219769903334,0.07781905453784882,0.0
1690209700387368404,682200,0.421373509499391,0.07796472561737014,0.0
1690209700387717393,682200,0.4213659790602518,0.0779986849841435,0.0
1690209700387828664,682200,0.4213365307594379,0.07803139842971925,0.0
1690209700388148092,682200,0.4213059829690702,0.07812507239389643,0.0
1690209700388158271,682200,0.421262483888442,0.07823229438362948,0.0
1690209700388171278,682200,0.42127703808521333,0.0782111965676048,0.0
1690209700388197639,682200,0.42107467622544537,0.07843197120267062,0.0
1690209700388210419,682200,0.42106577393955147,0.07846653578860995,0.0
1690209700388228548,682200,0.4210862604652774,0.0784162602308434,0.0
1690209700396092625,682201,0.42095220135670813,0.07854758389239898,0.0
1690209700396596329,682201,0.4209069606438448,0.07858072268178148,0.0
1690209700396915232,682201,0.4209216710779747,0.07853979427956351,0.0
1690209700397674426,682201,0.42093668637855136,0.07852819448590292,0.0
1690209700397864884,682201,0.42090923898477334,0.07856497913977376,0.0
1690209700398054391,682201,0.42095390067269656,0.07849656404127855,0.0
1690209700398383684,682201,0.42100259284143726,0.07842216793597526,0.0
1690209700398412802,682201,0.4210224422249258,0.0783422784687815,0.0
1690209700398426667,682201,0.42109451518974333,0.07824566942370582,0.0
1690209700398454448,682201,0.42110031306018897,0.0782101969420136,0.0
1690209700404358735,682202,0.42111081243504533,0.07814191695740069,0.0
1690209700404608307,682202,0.4211497783103008,0.07804632375552589,0.0
1690209700405101721,682202,0.4211943745390538,0.07799271920531929,0.0
1690209700405470863,682202,0.4212823401405051,0.07787454093349304,0.0
1690209700405602276,682202,0.4212893949241544,0.07781883393193767,0.0
1690209700405804072,682202,0.4212190970087653,0.07790504203001418,0.0
1690209700405811734,682202,0.4213462096638791,0.07777579936038885,0.0
1690209700405816619,682202,0.42133846464845637,0.07780283177045008,0.0
1690209700405841708,682202,0.42130449309002915,0.0779232432858434,0.0
1690209700405846048,682202,0.4213172600086249,0.07791684860857634,0.0
1690209700412550917,682203,0.42133115730160386,0.07789682308538443,0.0
1690209700413013632,682203,0.4212670726287274,0.07802028593989417,0.0
1690209700413414146,682203,0.4212158961756443,0.07815088506045127,0.0
1690209700413561260,682203,0.42124332412552434,0.078114490278656,0.0
1690209700413749304,682203,0.4210658750464293,0.0783096689827851,0.0
1690209700413865215,682203,0.42103779791537027,0.07838009077329476,0.0
1690209700414139015,682203,0.4210402494658366,0.07838376412993982,0.0
1690209700414294435,682203,0.42093870140807454,0.07849784272157748,0.0
1690209700414503545,682203,0.4208643670782531,0.07853843835972334,0.0
1690209700414514077,682203,0.42087526770615663,0.07854523171442603,0.0
1690209700420284001,682204,0.42090511822488413,0.07851676428114354,0.0
1690209700421653687,682204,0.4208546373705025,0.07854969015080608,0.0
1690209700421775424,682204,0.4208873217887347,0.0785099353993921,0.0
1690209700422104741,682204,0.42090611724566646,0.07845756128285972,0.0
1690209700422115488,682204,0.421087191177872,0.0782417073385798,0.0
1690209700422128100,682204,0.42114520159791063,0.07815336308636675,0.0
1690209700422138687,682204,0.4212645460076025,0.07813229584706864,0.0
1690209700422146630,682204,0.42133242499259754,0.0780155420933169,0.0
1690209700422159588,682204,0.4213170215363443,0.07801812844160984,0.0
1690209700422167373,682204,0.4214150479127703,0.07798322272195225,0.0
1690209700429713160,682205,0.42134155825185077,0.07802589727176956,0.0
1690209700431201836,682205,0.421326115524755,0.07802469993159397,0.0
1690209700431329272,682205,0.42114604131334016,0.07818617165558554,0.0
1690209700431691217,682205,0.42113301166008577,0.07820904007650234,0.0
1690209700431706310,682205,0.4210934471941299,0.0781983753447572,0.0
1690209700431724921,682205,0.4209457394671607,0.07834475126134378,0.0
1690209700431737533,682205,0.42098054952093505,0.07831519504967308,0.0
1690209700431760877,682205,0.4209423011126425,0.07829689627863133,0.0
1690209700431777602,682205,0.420965119224877,0.07830464722553163,0.0
1690209700431800522,682205,0.4209816001330869,0.07832840706282766,0.0
1690209700436672576,682206,0.42101906151820623,0.07829159313170611,0.0
1690209700436966497,682206,0.42100277150943266,0.07830229333238595,0.0
1690209700437097187,682206,0.4210128764169953,0.07832432473741993,0.0
1690209700437221583,682206,0.42102507362021996,0.07831674374598739,0.0
1690209700437759046,682206,0.42100484826874485,0.07834388663306922,0.0
1690209700437917520,682206,0.420991317876661,0.0783269219098773,0.0
1690209700438006645,682206,0.42099886684362686,0.07830673018042629,0.0
1690209700438016468,682206,0.4209938570633104,0.07826082701328986,0.0
1690209700438023017,682206,0.4209830070543089,0.07825114553080555,0.0
1690209700438031488,682206,0.4210447430139536,0.07818123828282078,0.0
1690209700445838767,682207,0.42103917105440236,0.07815042367620846,0.0
1690209700445941776,682207,0.42105051201252064,0.0781324678476236,0.0
1690209700446060226,682207,0.42107484329274025,0.07810639262267276,0.0
1690209700446886878,682207,0.42108348004424245,0.07810185320025248,0.0
1690209700447012356,682207,0.42107952442829033,0.07811228571746638,0.0
1690209700447309603,682207,0.42108947350198456,0.0781087017464628,0.0
1690209700447320130,682207,0.42106678515550067,0.07810571075603065,0.0
1690209700447337538,682207,0.42109008091752587,0.0780897799538757,0.0
1690209700447351074,682207,0.4211124732353563,0.07807298682022909,0.0
1690209700447387206,682207,0.4211601319623853,0.0780373941915074,0.0
1690209700455026421,682208,0.4211635288903554,0.07803073056996887,0.0
1690209700455082437,682208,0.4211679413904042,0.07803563249545048,0.0
1690209700455688062,682208,0.42121598172493635,0.0779787325486449,0.0
1690209700455812205,682208,0.42119803331138084,0.07799279334721902,0.0
1690209700456239222,682208,0.4212236394494489,0.07800785097813683,0.0
1690209700456260490,682208,0.4212314352777228,0.07798776887002849,0.0
1690209700456275193,682208,0.42123717098153435,0.07793715453296353,0.0
1690209700456291599,682208,0.42122366401204236,0.0779502845909869,0.0
1690209700456303436,682208,0.42124238329665425,0.07791927822153791,0.0
1690209700456323450,682208,0.42123591593925225,0.07789179258804386,0.0
1690209700463591535,682209,0.42121259653834264,0.07791138168790061,0.0
1690209700464004663,682209,0.4212519532754759,0.07786111015131349,0.0
1690209700464178481,682209,0.42130703900420113,0.0778466334563441,0.0
1690209700464461991,682209,0.4213112293483277,0.07784688384095624,0.0
1690209700464686650,682209,0.42127726229991086,0.07792661880216392,0.0
1690209700465030282,682209,0.4213009888396019,0.07791936140941846,0.0
1690209700465038799,682209,0.42118050210040847,0.07803931763886912,0.0
1690209700465052240,682209,0.4211652780370625,0.07810688385110526,0.0
1690209700465065789,682209,0.4210146878762097,0.07824573043997257,0.0
1690209700465080215,682209,0.4209371890776872,0.07833200703232204,0.0
1690209700471491581,682210,0.42085662931669426,0.07832966271221035,0.0
1690209700471949879,682210,0.4208005859995982,0.07839056909481584,0.0
1690209700472223245,682210,0.4208089631767229,0.07837202198407965,0.0
1690209700472305541,682210,0.4207488707028665,0.07836654446795815,0.0
1690209700472427709,682210,0.42081644040045263,0.07831453007526763,0.0
1690209700472936184,682210,0.42082830545713945,0.07829529439493654,0.0
1690209700473056285,682210,0.4209566920191371,0.07817309915535826,0.0
1690209700473291543,682210,0.4209914564156747,0.07812923575208341,0.0
1690209700473299737,682210,0.42101894000771495,0.07814042672664565,0.0
1690209700473304024,682210,0.4211284717056923,0.07802168646801112,0.0
1690209700480208571,682211,0.42110866526398694,0.07803645470192691,0.0
1690209700481393081,682211,0.4211292973991516,0.0780712815326174,0.0
1690209700481410311,682211,0.42110013825331594,0.07805645832672989,0.0
1690209700481418896,682211,0.421122207423007,0.07799659212640271,0.0
1690209700481907459,682211,0.42108663014132736,0.07805960488698216,0.0
1690209700481929961,682211,0.4211008402745562,0.07802652476978116,0.0
1690209700481959820,682211,0.4211275511278235,0.07796860717388496,0.0
1690209700481971091,682211,0.42106801661013554,0.07798166802569567,0.0
1690209700481986452,682211,0.4211192320065875,0.07791227714634605,0.0
1690209700481999612,682211,0.42118516113345594,0.07785625389304736,0.0
1690209700488425006,682212,0.42117141506271594,0.07785955846240701,0.0
1690209700489013641,682212,0.4211893091170407,0.07786200108770665,0.0
1690209700489795988,682212,0.4212342097044453,0.07781830064751463,0.0
1690209700489904449,682212,0.42129215872992365,0.0777768021787378,0.0
1690209700490360136,682212,0.4212989242370027,0.07777016187427316,0.0
1690209700490384319,682212,0.42119772225664054,0.07794755163430006,0.0
1690209700490400788,682212,0.421221609884809,0.07793757914730465,0.0
1690209700490411522,682212,0.42116892557964075,0.07800048431507751,0.0
1690209700490430968,682212,0.4211492761804869,0.07810938560188102,0.0
1690209700490445622,682212,0.4211312531976514,0.07814326650722274,0.0
1690209700495157401,682213,0.42109725954643606,0.07815607783654806,0.0
1690209700496427679,682213,0.42092400152641385,0.07835158763067332,0.0
1690209700496601475,682213,0.42088939677036186,0.07842650937163273,0.0
1690209700497116943,682213,0.42090405482606147,0.07835731082306599,0.0
1690209700497130913,682213,0.42073237280081216,0.0785440644063398,0.0
1690209700497143690,682213,0.42070766431399986,0.07852500770939913,0.0
1690209700497154743,682213,0.4207141547638131,0.07848677729902939,0.0
1690209700497190123,682213,0.42073498669722476,0.07849304311857115,0.0
1690209700497196284,682213,0.42068497544926486,0.07852334812296576,0.0
1690209700497203809,682213,0.42079817380839163,0.07840762332521609,0.0
1690209700503410025,682214,0.4208381140405621,0.07837573063500788,0.0
1690209700503945827,682214,0.42094115903477514,0.0783001552723948,0.0
1690209700504535101,682214,0.4209761631095807,0.07825373635477759,0.0
1690209700504616192,682214,0.42103299211538275,0.07822336471614927,0.0
1690209700504796465,682214,0.42108460453821717,0.07807962215175081,0.0
1690209700504878824,682214,0.42105026349553615,0.07807923426629892,0.0
1690209700504892083,682214,0.42107841414518193,0.0780572671072503,0.0
1690209700504907701,682214,0.42105289843899274,0.07800158217606831,0.0
1690209700504915105,682214,0.4210760065702557,0.0778972591057819,0.0
1690209700504924423,682214,0.4210246870117763,0.07793074528246985,0.0
1690209700511718902,682215,0.42120444209140817,0.07773326138291603,0.0
1690209700512511165,682215,0.42121917373855244,0.07767596938285184,0.0
1690209700512570217,682215,0.4211528281889403,0.07774870467436677,0.0
1690209700512785024,682215,0.4212902631851752,0.07760435306128846,0.0
1690209700512796151,682215,0.42136645492696045,0.07755622104296367,0.0
1690209700512810349,682215,0.4213444722999144,0.07761118901205336,0.0
1690209700512816705,682215,0.42132031955311355,0.07764517170207809,0.0
1690209700512822809,682215,0.4213332997963505,0.07761468341238538,0.0
1690209700512828213,682215,0.42130870092925193,0.07766461731106572,0.0
1690209700512838416,682215,0.42127641823535117,0.07773021760090514,0.0
1690209700520244616,682216,0.4211988688473549,0.07786529498883428,0.0
1690209700520319890,682216,0.42115897355525916,0.07792386098181545,0.0
1690209700520558610,682216,0.42111946981072623,0.07795147316923719,0.0
1690209700520567907,682216,0.42107112310704226,0.07806218213900117,0.0
1690209700520573130,682216,0.42106413730772807,0.07813342664986982,0.0
1690209700520577272,682216,0.4210396822747901,0.07812302035313336,0.0
1690209700520594348,682216,0.4209827475940908,0.07822155417804996,0.0
1690209700520600550,682216,0.42096158701305486,0.0782971701029007,0.0
1690209700520605464,682216,0.42095695069770145,0.07829227689384317,0.0
1690209700520611786,682216,0.42085058603823383,0.07840435382806389,0.0
1690209700528008454,682217,0.4207906475474512,0.07842966021217294,0.0
1690209700528637331,682217,0.4208592204793383,0.07835928588236261,0.0
1690209700528761068,682217,0.4208331884515096,0.07838237623317611,0.0
1690209700529040269,682217,0.420780752792576,0.07839948545549222,0.0
1690209700529052470,682217,0.42080569505403176,0.07833981758675863,0.0
1690209700529071047,682217,0.4208517946109529,0.07822748025705197,0.0
1690209700529078439,682217,0.42097570306386956,0.07809477160048463,0.0
1690209700529083866,682217,0.4210402848118031,0.07799535428489851,0.0
1690209700529123328,682217,0.42108989613209996,0.07793251178231748,0.0
1690209700529130647,682217,0.4212119809427681,0.07777637225384704,0.0
1690209700535471834,682218,0.42128136866195603,0.07767285281497761,0.0
1690209700535573609,682218,0.42134823068785193,0.07769869496374587,0.0
1690209700535961610,682218,0.4213998838534436,0.07760631470847502,0.0
1690209700536153787,682218,0.4214225004506139,0.07757080185614962,0.0
1690209700536258001,682218,0.4214606790502786,0.07757213048984302,0.0
1690209700536264867,682218,0.4215109955708668,0.07749896607818359,0.0
1690209700536278966,682218,0.4214945471225352,0.07751277492045132,0.0
1690209700536287452,682218,0.4213005034525097,0.07768004615669737,0.0
1690209700536292436,682218,0.42135516430210773,0.07763226586384825,0.0
1690209700536295945,682218,0.42135716937834466,0.07759905315821018,0.0
1690209700543404176,682219,0.42128600115670967,0.07769086938671965,0.0
1690209700543741262,682219,0.4212824210921213,0.07767830746043516,0.0
1690209700543947485,682219,0.4212374194091106,0.07767246799934314,0.0
1690209700543995818,682219,0.4212705306216436,0.07766543845794434,0.0
1690209700544125731,682219,0.42125634707616316,0.07770211799260768,0.0
1690209700544134542,682219,0.42127735880181233,0.07771633702900724,0.0
1690209700544140741,682219,0.4212472028828169,0.0777425036018941,0.0
1690209700544145156,682219,0.42125075131054596,0.07776982855687219,0.0
1690209700544149161,682219,0.4213351224880828,0.0777325663992708,0.0
1690209700544170019,682219,0.42128275844819085,0.07784221460556992,0.0
1690209700552318954,682220,0.42124620490765097,0.07789840968041312,0.0
1690209700552944163,682220,0.4211427695972879,0.07800454319640115,0.0
1690209700552992228,682220,0.42114400678779096,0.07804197094985006,0.0
1690209700553179025,682220,0.4210914343004507,0.07810816021534023,0.0
1690209700553272876,682220,0.4209684809845842,0.07822501632006908,0.0
1690209700553281153,682220,0.42091541799563903,0.0781938433766424,0.0
1690209700553292883,682220,0.4209167543776231,0.07814193194916189,0.0
1690209700553298951,682220,0.4209117107694882,0.0781190586255281,0.0
1690209700553311098,682220,0.4208849022264113,0.07809578518396389,0.0
1690209700553314237,682220,0.4208896415767509,0.07804772889800837,0.0
1690209700562001479,682221,0.4209053833537062,0.07796248388463149,0.0
1690209700562658803,682221,0.4210062977983139,0.07784496871970366,0.0
1690209700563630620,682221,0.4211229376538588,0.0777161504920484,0.0
1690209700564055319,682221,0.4211503371658645,0.07765823314281936,0.0
1690209700564205093,682221,0.4212278235755234,0.07757910370959428,0.0
1690209700564226392,682221,0.4213185734848096,0.07747866233251473,0.0
1690209700564233047,682221,0.42136628651430963,0.07750758401688948,0.0
1690209700564297357,682221,0.4214518428909774,0.07743014734310769,0.0
1690209700564325134,682221,0.42147804116720716,0.07740236404158636,0.0
1690209700564395745,682221,0.42155473318860154,0.07736822107756354,0.0
1690209700570660959,682222,0.4215874985236139,0.077330065364569,0.0
1690209700571323199,682222,0.42157879600547604,0.07737585259667847,0.0
1690209700571930879,682222,0.4214797827006213,0.07742390669326507,0.0
1690209700572053786,682222,0.42144309832639354,0.07744794077330697,0.0
1690209700572455721,682222,0.4214478323700704,0.07743240511910549,0.0
1690209700572464947,682222,0.42134257179679807,0.07753108250157716,0.0
1690209700572472670,682222,0.42135276606548444,0.07749266751627013,0.0
1690209700572480486,682222,0.4212836052132185,0.07751951718735291,0.0
1690209700572486442,682222,0.4213450093946267,0.07748255559379874,0.0
1690209700572508335,682222,0.4213136286807865,0.07751186120466028,0.0
1690209700577351206,682223,0.4212808063563116,0.07753680006063784,0.0
1690209700578499978,682223,0.42127535992797255,0.07753926642269705,0.0
1690209700578854478,682223,0.4212829519127166,0.0775221013021184,0.0
1690209700578996981,682223,0.4213525216156104,0.07746131053459927,0.0
1690209700579006663,682223,0.42129490485154764,0.0775290879153679,0.0
1690209700579019024,682223,0.4212835150809029,0.07752619450605377,0.0
1690209700579026988,682223,0.42132049907682334,0.0774772866841056,0.0
1690209700579043877,682223,0.4213153043166103,0.07745428775713316,0.0
1690209700579056353,682223,0.4212955248471971,0.07753243797769421,0.0
1690209700579089726,682223,0.4213681113658554,0.07744487570112288,0.0
1690209700586204478,682224,0.42138519138752534,0.07742627292020106,0.0
1690209700586340571,682224,0.4214397983592554,0.07740510463192432,0.0
1690209700586944406,682224,0.4214827734209968,0.07739787721488309,0.0
1690209700587326620,682224,0.42155162040871536,0.07739118525423395,0.0
1690209700587608828,682224,0.42146225379158814,0.07748371439162088,0.0
1690209700587717858,682224,0.42146028037736755,0.0775344532751895,0.0
1690209700588183461,682224,0.42144395686476543,0.07757152971182907,0.0
1690209700588197096,682224,0.42136900198668964,0.07765168575239223,0.0
1690209700588218198,682224,0.421296275330444,0.07768740799641234,0.0
1690209700588232334,682224,0.42116315618226396,0.077835688762979,0.0
1690209700597326364,682225,0.42115440042876406,0.07784382084835618,0.0
1690209700597600192,682225,0.42108141045626485,0.07787041421313588,0.0
1690209700598090379,682225,0.42101023225029854,0.07796785883870444,0.0
1690209700598115517,682225,0.42102007880424097,0.07794575554594177,0.0
1690209700598124381,682225,0.4210920934278802,0.07781074510167132,0.0
1690209700598151417,682225,0.4210812932924945,0.07783374360856074,0.0
1690209700598166793,682225,0.42111265187932573,0.07785603917263297,0.0
1690209700598177084,682225,0.42123869876673153,0.07769277654308172,0.0
1690209700598230504,682225,0.42118837555049027,0.07773422309729745,0.0
1690209700598248128,682225,0.4212160231240987,0.07776408194713232,0.0
1690209700604405944,682226,0.4213459468420246,0.07762199256546642,0.0
1690209700604498960,682226,0.421339671179321,0.0776090909979279,0.0
1690209700604643864,682226,0.42129868070128795,0.0776869768235565,0.0
1690209700604860583,682226,0.42138900986118116,0.07757362299159047,0.0
1690209700604871973,682226,0.42140855744921724,0.07752326534548791,0.0
1690209700604881052,682226,0.42135867893056766,0.07756172574901546,0.0
1690209700604890350,682226,0.4213774057705369,0.07751916636607874,0.0
1690209700604898386,682226,0.4214108747581725,0.07744959252923524,0.0
1690209700604928376,682226,0.42140553563070177,0.07738514890969558,0.0
1690209700604941515,682226,0.42141462179169936,0.07732938218913218,0.0
1690209700609875962,682227,0.42146293852813815,0.07728188938494043,0.0
1690209700610234960,682227,0.4215097465716293,0.07720876410012814,0.0
1690209700611233159,682227,0.42151398949776747,0.07719462699572112,0.0
1690209700611258653,682227,0.4215481952262251,0.07722740365290241,0.0
1690209700611563918,682227,0.4216647772878681,0.07711341504790807,0.0
1690209700611580854,682227,0.42169304190307416,0.07711001279915118,0.0
1690209700611589786,682227,0.42162677275349875,0.07724900295026844,0.0
1690209700611602975,682227,0.4216532389819861,0.07726939372462248,0.0
1690209700611609217,682227,0.42163358577251686,0.07728320072095403,0.0
1690209700611624077,682227,0.4214424149148836,0.07750272168252466,0.0
1690209700619149059,682228,0.4214322860889206,0.07753559938536536,0.0
1690209700619526496,682228,0.4213751684231507,0.07754824178243344,0.0
1690209700619627141,682228,0.42126408869094895,0.07768646133037531,0.0
1690209700619882862,682228,0.42116120554082004,0.0777355896992603,0.0
1690209700620001048,682228,0.4211763867291292,0.07770651055702055,0.0
1690209700620106220,682228,0.42111621425339385,0.07776970118169677,0.0
1690209700620572370,682228,0.42104226843851533,0.0778084780187335,0.0
1690209700620708698,682228,0.4211185826728764,0.07775217048852383,0.0
1690209700620896526,682228,0.421118992955479,0.07774921084592036,0.0
1690209700620905245,682228,0.4212205046248284,0.07766345809713165,0.0
1690209700630004103,682229,0.42124593434349933,0.07763590501588846,0.0
1690209700630557406,682229,0.4212984258153153,0.07763338112594294,0.0
1690209700631378958,682229,0.42137039306476887,0.07754111012683042,0.0
1690209700631546296,682229,0.42131288296009395,0.07756929823118369,0.0
1690209700631874196,682229,0.42136726665972113,0.07756605619545966,0.0
1690209700632069386,682229,0.42134335087108166,0.07748717995582285,0.0
1690209700632338393,682229,0.4213470473351826,0.07744120833029626,0.0
1690209700632353311,682229,0.42129813856067433,0.07747071849956921,0.0
1690209700632370497,682229,0.4213381587279079,0.07738315550773812,0.0
1690209700632379041,682229,0.42136061618096865,0.07728850087411229,0.0
1690209700637261904,682230,0.4212965035852849,0.07734714358828249,0.0
1690209700637677327,682230,0.42147107496818015,0.07715476278852568,0.0
1690209700637934815,682230,0.42147414227576074,0.0771007318129155,0.0
1690209700638413711,682230,0.4214998647081732,0.0771184354759851,0.0
1690209700638542730,682230,0.4215593957517687,0.0770576799599658,0.0
1690209700638846765,682230,0.4216077422837696,0.07703593297248809,0.0
1690209700638866722,682230,0.421613756987275,0.07707821059962257,0.0
1690209700638881424,682230,0.4215726905060807,0.07714635936266202,0.0
1690209700638890437,682230,0.4215885216781627,0.07719455541935147,0.0
1690209700638896044,682230,0.4214954979283818,0.0773208917841794,0.0
1690209700645045755,682231,0.4214318181686459,0.07741284116085817,0.0
1690209700645933633,682231,0.421350380619565,0.07752040501026025,0.0
1690209700646221462,682231,0.42123804179483243,0.0776721360694419,0.0
1690209700646374953,682231,0.4211718026667237,0.0777245299253079,0.0
1690209700646665510,682231,0.42100043353318956,0.07790717010620907,0.0
1690209700646675300,682231,0.4209778832936353,0.0779657518532641,0.0
1690209700646684684,682231,0.4208987032523727,0.07798360278983582,0.0
1690209700646699088,682231,0.4208464532955955,0.07805477861108522,0.0
1690209700646717663,682231,0.4207940658769084,0.07806900637332745,0.0
1690209700646756248,682231,0.4207889503726061,0.07805460266453244,0.0
1690209700653476454,682232,0.4207409406103942,0.07808673520029666,0.0
1690209700654168063,682232,0.420694815821325,0.07810982727533348,0.0
1690209700654341937,682232,0.4207868789792251,0.07796865705967723,0.0
1690209700654924823,682232,0.4207681134210536,0.07795261995358971,0.0
1690209700655057743,682232,0.4208807102608108,0.07781898867365508,0.0
1690209700655436773,682232,0.42088585945747403,0.07775854350487686,0.0
1690209700655460663,682232,0.4209256947109572,0.07769381011693355,0.0
1690209700655505080,682232,0.4210185966987785,0.07756709852627601,0.0
1690209700655517967,682232,0.42111580119312414,0.07745726919829153,0.0
1690209700655528108,682232,0.4211544361244216,0.07742514011617137,0.0
1690209700662510879,682233,0.421216109705543,0.07733074919594352,0.0
1690209700663897266,682233,0.4213132041756755,0.07719957420286573,0.0
1690209700664436775,682233,0.42133636995533985,0.0772532390351639,0.0
1690209700664457481,682233,0.4213847110357948,0.07719245118386633,0.0
1690209700664467853,682233,0.4213870989267615,0.07718119101331831,0.0
1690209700664475771,682233,0.4213572222476524,0.07720296284666783,0.0
1690209700664495126,682233,0.42134131180516876,0.0772004164916083,0.0
1690209700664507695,682233,0.42133510654362305,0.07719937367650154,0.0
1690209700664520657,682233,0.4211874658689004,0.07733349985737978,0.0
1690209700664548860,682233,0.4211199342980704,0.07740284885524812,0.0
1690209700669531065,682234,0.42111250872912087,0.07735461844372593,0.0
1690209700669924401,682234,0.42108110000203286,0.07741150807214248,0.0
1690209700670480424,682234,0.42106547104158004,0.07743552081302381,0.0
1690209700670662661,682234,0.4210221118325436,0.07750568207007111,0.0
1690209700670946767,682234,0.42106854880258104,0.07749432819103393,0.0
1690209700671167827,682234,0.4210681166974636,0.07755792732389011,0.0
1690209700671303389,682234,0.4211046625699965,0.07755165579024521,0.0
1690209700671441297,682234,0.42104612715188705,0.07766369966477683,0.0
1690209700671555103,682234,0.421028271065668,0.07771434837593776,0.0
1690209700671569763,682234,0.4209701891275981,0.07778032771554581,0.0
1690209700679300823,682235,0.4209290019542475,0.0778638599468704,0.0
1690209700679381945,682235,0.4208470180490736,0.07794032482261275,0.0
1690209700680620420,682235,0.42078519179637974,0.07799619942822003,0.0
1690209700680801370,682235,0.420744456034409,0.07793517281801844,0.0
1690209700681084978,682235,0.4207496754321766,0.07794544424888541,0.0
1690209700681103601,682235,0.42077372371559113,0.07788586797464124,0.0
1690209700681115241,682235,0.4207420641609436,0.07785558688003613,0.0
1690209700681129147,682235,0.4207960758728494,0.07777110633794368,0.0
1690209700681143624,682235,0.4208681842137178,0.07766873520982201,0.0
1690209700681157088,682235,0.4210720988721889,0.07752364324556232,0.0
1690209700686103940,682236,0.42107265362799073,0.07749384082237273,0.0
1690209700687079795,682236,0.4211117563678586,0.07747933381638059,0.0
1690209700687260595,682236,0.4211947461401592,0.07736818630734221,0.0
1690209700687589532,682236,0.4212018112753,0.07734025269407334,0.0
1690209700687604215,682236,0.42124921144817584,0.07734628735949498,0.0
1690209700687840364,682236,0.4211329877280794,0.07744576512011363,0.0
1690209700687852574,682236,0.42118289726996183,0.07738623671191641,0.0
1690209700687864687,682236,0.42112102549290775,0.0774460571233489,0.0
1690209700687873862,682236,0.42112708962628087,0.07747173041645919,0.0
1690209700687882995,682236,0.4211303187841941,0.07746119369852329,0.0
1690209700694039045,682237,0.42107567461671047,0.07746714640557373,0.0
1690209700695064593,682237,0.42111912838078436,0.07745754905576872,0.0
1690209700695353286,682237,0.42113953203996857,0.07744192948016422,0.0
1690209700695423148,682237,0.42118617937665137,0.07737665089475167,0.0
1690209700695615873,682237,0.42113063459139255,0.07742628291462497,0.0
1690209700695709668,682237,0.42112239369690013,0.07743928437742216,0.0
1690209700695987753,682237,0.42125646834248703,0.07731927649034324,0.0
1690209700696009516,682237,0.42120162256468596,0.07736990921896403,0.0
1690209700696018993,682237,0.4211549488765343,0.0774838955517491,0.0
1690209700696029347,682237,0.4211813081306432,0.07744143821141065,0.0
1690209700704509668,682238,0.421211684021134,0.07741092098371023,0.0
1690209700704716381,682238,0.4212034728379218,0.0774752462248078,0.0
1690209700705820771,682238,0.4211838745329265,0.07752110650284195,0.0
1690209700706082705,682238,0.42121109865975037,0.07747499152406306,0.0
1690209700706153433,682238,0.42111795871327634,0.07753223850430976,0.0
1690209700706498031,682238,0.4211504566938408,0.07751293664554959,0.0
1690209700706521051,682238,0.4211678016747065,0.07750345091301118,0.0
1690209700706550747,682238,0.42108566954108734,0.07755856692780844,0.0
1690209700706564762,682238,0.42103510849312853,0.07752963089353224,0.0
1690209700706582062,682238,0.4210802351814531,0.07749195977573894,0.0
1690209700711612876,682239,0.4211302213617601,0.0774213826837094,0.0
1690209700712063845,682239,0.42108710428083246,0.07744639571519693,0.0
1690209700712198256,682239,0.42099049643437103,0.07754103581717944,0.0
1690209700712740336,682239,0.42102606920524416,0.07749254710412676,0.0
1690209700712847493,682239,0.42113821237311233,0.07735525126641947,0.0
1690209700713119976,682239,0.42105089316668226,0.07746723455022075,0.0
1690209700713133084,682239,0.42108726122454765,0.07747564507159234,0.0
1690209700713142392,682239,0.4211267399836851,0.07736327480986177,0.0
1690209700713148185,682239,0.42110582391633034,0.07740529839343269,0.0
1690209700713157304,682239,0.4211399887849201,0.07744168157661117,0.0
1690209700719951642,682240,0.4211611571258589,0.07738244105104092,0.0
1690209700721413673,682240,0.4211104104245903,0.07741118901792247,0.0
1690209700721425387,682240,0.42106946639446163,0.07746890236716841,0.0
1690209700721441585,682240,0.4211702385036191,0.07739756340243492,0.0
1690209700721452373,682240,0.4211268485206543,0.07742155444994062,0.0
1690209700721465942,682240,0.42101334451724864,0.07754495405236674,0.0
1690209700721482801,682240,0.4210475064041907,0.07752149132613921,0.0
1690209700721494550,682240,0.42107394195687065,0.07748830981979453,0.0
1690209700721512798,682240,0.42104448351220314,0.0775335249374549,0.0
1690209700721522112,682240,0.42097675150018254,0.07761294756466329,0.0
1690209700728701737,682241,0.4210063172928039,0.07756814784315101,0.0
1690209700729265691,682241,0.42104384614194545,0.07747814714214217,0.0
1690209700730161750,682241,0.4210054715876632,0.07752819624330241,0.0
1690209700730242360,682241,0.4210144146127997,0.07756686539451393,0.0
1690209700730720479,682241,0.42101461032249393,0.07752014707792257,0.0
1690209700730738541,682241,0.4209993472256788,0.07750471682084692,0.0
1690209700730756600,682241,0.4210108831612778,0.07754108916146343,0.0
1690209700730767391,682241,0.42112619343561963,0.07744959432550796,0.0
1690209700730774624,682241,0.42109556680156124,0.07744728396687,0.0
1690209700730802909,682241,0.4209843950316596,0.07758731062451657,0.0
1690209700736501545,682242,0.4210413247503931,0.07754803563250068,0.0
1690209700736813852,682242,0.4210535362398915,0.07756708137136004,0.0
1690209700737694955,682242,0.4209646084682711,0.07767473185982861,0.0
1690209700737702738,682242,0.42087944038527936,0.07769500171540857,0.0
1690209700738028125,682242,0.4209335943966603,0.077684542196226,0.0
1690209700738043075,682242,0.42087148733866875,0.07773561277106485,0.0
1690209700738051717,682242,0.4208098687925693,0.07778483952212074,0.0
1690209700738057877,682242,0.42071664577190815,0.07786852255943956,0.0
1690209700738076450,682242,0.4206437920241635,0.07791958683333586,0.0
1690209700738097516,682242,0.4207215938200257,0.07779159906883716,0.0
1690209700744619494,682243,0.42062919312255437,0.07788368880104767,0.0
1690209700744898363,682243,0.42064925028726585,0.07788735010815294,0.0
1690209700745813272,682243,0.4206601112331754,0.07778834711901773,0.0
1690209700745973246,682243,0.42069073025987513,0.07778167038824153,0.0
1690209700746238077,682243,0.42069685129480217,0.0778197430387564,0.0
1690209700746253300,682243,0.4207966025013797,0.0776868461380656,0.0
1690209700746278977,682243,0.4207489828881618,0.07771979022125937,0.0
1690209700746294832,682243,0.42071462499023154,0.07778413688117929,0.0
1690209700746307609,682243,0.42083503805986755,0.07767742836794415,0.0
1690209700746346812,682243,0.42083380625581307,0.07769971067066853,0.0
1690209700752819653,682244,0.4208162400991514,0.07771284237503907,0.0
1690209700753148636,682244,0.42084647666692143,0.07767557801796243,0.0
1690209700753395641,682244,0.42088294921910774,0.07765260969171725,0.0
1690209700753759215,682244,0.4208522646253155,0.07768062318764617,0.0
1690209700753864216,682244,0.4207709088436826,0.07770747360921344,0.0
1690209700754163319,682244,0.4207920509477448,0.07767405326669218,0.0
1690209700754176826,682244,0.42083190091842304,0.07757119790515735,0.0
1690209700754207715,682244,0.4208145336166269,0.07756755553320945,0.0
1690209700754221827,682244,0.4207966710581049,0.07760894560080805,0.0
1690209700754230653,682244,0.42081247351958906,0.07754840231402683,0.0
1690209700761240286,682245,0.42083426380570693,0.0775036316715773,0.0
1690209700761972968,682245,0.4208322993827156,0.07753372146740281,0.0
1690209700762563658,682245,0.4209325939116155,0.07747713086386884,0.0
1690209700762605594,682245,0.42093513585303666,0.07745869128929697,0.0
1690209700762967535,682245,0.42080654181380506,0.07763713505333808,0.0
1690209700762982118,682245,0.4208700660788298,0.07760627027296217,0.0
1690209700762990918,682245,0.4208301961563088,0.077642758884631,0.0
1690209700763022380,682245,0.42072438224242903,0.07779524533345461,0.0
1690209700763039839,682245,0.42064470108874324,0.07780846314045485,0.0
1690209700763067801,682245,0.4206315333593258,0.07779703196996798,0.0
1690209700771050325,682246,0.4205780880804109,0.0778666045187811,0.0
1690209700771724224,682246,0.42053954722939024,0.07791153950723494,0.0
1690209700772525033,682246,0.42063946515438805,0.07779870154649297,0.0
1690209700772697354,682246,0.42058692268311326,0.07784891969782379,0.0
1690209700773109410,682246,0.42065810366438977,0.07778357399263391,0.0
1690209700773129274,682246,0.42072500286364123,0.07773222614076451,0.0
1690209700773149925,682246,0.4207401662727018,0.07776254736941147,0.0
1690209700773162690,682246,0.42074425422326234,0.07771617789822609,0.0
1690209700773176471,682246,0.4207688372852021,0.07769732594490301,0.0
1690209700773212330,682246,0.4208353380186893,0.07769139557716559,0.0
1690209700778899791,682247,0.42082574229398806,0.07769896228413764,0.0
1690209700779149462,682247,0.4207718529638837,0.07770264491179003,0.0
1690209700779843396,682247,0.420741447185641,0.07772696165708941,0.0
1690209700779971544,682247,0.4207753499801995,0.07763325380539592,0.0
1690209700780197738,682247,0.4207740642116498,0.07762188685132682,0.0
1690209700780444626,682247,0.42073482586469574,0.07765909639246749,0.0
1690209700780599595,682247,0.42074883620345305,0.0776056394004054,0.0
1690209700780610190,682247,0.42078496788865866,0.07755666160261714,0.0
1690209700780637277,682247,0.4207770721275745,0.07759911761381087,0.0
1690209700780645522,682247,0.42090066712261415,0.07751980988369253,0.0
1690209700785393525,682248,0.42091039744613823,0.07749546096186424,0.0
1690209700785854126,682248,0.4208439903103468,0.07761862015102267,0.0
1690209700786921416,682248,0.42091038457507723,0.07758504842336557,0.0
1690209700786947852,682248,0.42090831327561584,0.07762174001814567,0.0
1690209700787187082,682248,0.42081236402602834,0.07774032002208142,0.0
1690209700787199739,682248,0.4207394262472459,0.07776049415535681,0.0
1690209700787242278,682248,0.4207650289566562,0.07772844547489112,0.0
1690209700787248991,682248,0.4206985235166114,0.07779331863367343,0.0
1690209700787261129,682248,0.4206738585606775,0.0778280418973467,0.0
1690209700787337844,682248,0.42068134052181727,0.07782337380286215,0.0
1690209700795214200,682249,0.42064294304214384,0.07785851594228761,0.0
1690209700795829353,682249,0.42072838090742104,0.07776899849331752,0.0
1690209700795959121,682249,0.4207584513188556,0.07776228079138815,0.0
1690209700796456174,682249,0.4207858482290606,0.07777315359706552,0.0
1690209700796480022,682249,0.4208113299721963,0.07769015122124666,0.0
1690209700796491031,682249,0.4208462907026689,0.07766980702692688,0.0
1690209700796617825,682249,0.42087490932382376,0.07770110658661283,0.0
1690209700796632299,682249,0.42090935335263646,0.07764695914262516,0.0
1690209700796646986,682249,0.42089045329370206,0.07764325296434162,0.0
1690209700796654293,682249,0.42081819549347854,0.07773297978605798,0.0
1690209700803816162,682250,0.42094904321469884,0.07759781037303143,0.0
1690209700804803895,682250,0.42094120116870487,0.07759098452932314,0.0
1690209700805014068,682250,0.42081745135908594,0.07770404786931949,0.0
1690209700805496037,682250,0.4208493611945183,0.0776456551124402,0.0
1690209700805660731,682250,0.42087985011683343,0.0775450875111489,0.0
1690209700805872441,682250,0.4208510348320574,0.07757454182661122,0.0
1690209700805881165,682250,0.4208645021667014,0.0775508027259529,0.0
1690209700805897251,682250,0.4208769687259997,0.07748462794561352,0.0
1690209700805927589,682250,0.4209209800841821,0.07742274833167635,0.0
1690209700805936553,682250,0.42092007329528136,0.0774323888879993,0.0
1690209700813256860,682251,0.42097668802023347,0.0774541797776678,0.0
1690209700814535689,682251,0.4209545160930007,0.07745972449284132,0.0
1690209700814649831,682251,0.42093520310474775,0.07745664417633565,0.0
1690209700814982229,682251,0.4209727090372165,0.07745361242422148,0.0
1690209700814990087,682251,0.42102707013316265,0.07740846991504734,0.0
1690209700814998752,682251,0.4210136514008124,0.07740728518021354,0.0
1690209700815017992,682251,0.42088064301126943,0.07757362221970103,0.0
1690209700815057749,682251,0.42094896295715334,0.07751508909485776,0.0
1690209700815067740,682251,0.4210136668791182,0.07744307788646132,0.0
1690209700815072769,682251,0.4209340201653183,0.07754807685065668,0.0
1690209700821218940,682252,0.4209078188790367,0.07755616584267615,0.0
1690209700822033589,682252,0.4209456452823788,0.07748707386685653,0.0
1690209700822204834,682252,0.42087846376831284,0.07754972819283688,0.0
1690209700822408797,682252,0.42084715002256623,0.07762212886858272,0.0
1690209700822665613,682252,0.42083091529398153,0.07760000151090443,0.0
1690209700822830021,682252,0.42079731530407116,0.07762561950254965,0.0
1690209700823032438,682252,0.4207899649253049,0.07761991466387358,0.0
1690209700823047255,682252,0.42079278022487787,0.07762579061076033,0.0
1690209700823056447,682252,0.4208323666954986,0.07762447002537613,0.0
1690209700823091540,682252,0.4208193604074249,0.07757811337272462,0.0
1690209700829428940,682253,0.42085352313793134,0.07756215284783546,0.0
1690209700830105446,682253,0.4208859049654227,0.07758540043488465,0.0
1690209700830816701,682253,0.4209160156990646,0.07752827766043784,0.0
1690209700830959043,682253,0.4208788480422231,0.07753665670784837,0.0
1690209700831288397,682253,0.42085424416483774,0.07756147261917581,0.0
1690209700831417945,682253,0.42098832521844204,0.07744617363792769,0.0
1690209700831435651,682253,0.42095304718619464,0.07746171409490392,0.0
1690209700831443795,682253,0.42086565944970766,0.07758604862995895,0.0
1690209700831450884,682253,0.42091273022700787,0.07753700426331843,0.0
1690209700831475103,682253,0.4209493675325784,0.07750363759850312,0.0
1690209700836975230,682254,0.4209462367515951,0.07755929212169743,0.0
1690209700837336328,682254,0.4208714454582929,0.0776470148745251,0.0
1690209700838301925,682254,0.4208867653546229,0.0776098292361439,0.0
1690209700838406131,682254,0.4208401441984476,0.07760255730779954,0.0
1690209700838627768,682254,0.420833735782993,0.07763201651068544,0.0
1690209700838743444,682254,0.42082994219087577,0.07766356048035344,0.0
1690209700838751179,682254,0.4207765756682666,0.0776842548579558,0.0
1690209700838758915,682254,0.420751335893186,0.07766396772120795,0.0
1690209700838765968,682254,0.4207653317541143,0.07767912009692213,0.0
1690209700838844934,682254,0.4208895817888037,0.07755059719036854,0.0
1690209700845538119,682255,0.4208740873944557,0.07754181301886856,0.0
1690209700846079126,682255,0.4208596506868483,0.07759495736495249,0.0
1690209700846296435,682255,0.4209497763083616,0.07749146133475256,0.0
1690209700846548985,682255,0.4210857901869081,0.077394254334545,0.0
1690209700846568075,682255,0.4210059782340345,0.07747870125962344,0.0
1690209700847104852,682255,0.4210194837849353,0.0774817457141096,0.0
1690209700847261270,682255,0.421104409570774,0.07738731084877204,0.0
1690209700847484031,682255,0.4210069184005541,0.07747654364179304,0.0
1690209700847495556,682255,0.42101660190730406,0.07752610159863295,0.0
1690209700847509260,682255,0.4209590274146811,0.07755239607243569,0.0
1690209700853139773,682256,0.42091025924954756,0.07758148931759559,0.0
1690209700854150613,682256,0.4208281956210741,0.07764293862365385,0.0
1690209700854401067,682256,0.42082025122216465,0.07766743989320705,0.0
1690209700854664765,682256,0.42083378840746843,0.07764558042596073,0.0
1690209700854679559,682256,0.4207069798311878,0.07770826950476294,0.0
1690209700854690138,682256,0.4207451264313158,0.07768240059405795,0.0
1690209700854713825,682256,0.42075917985666306,0.07765641061637417,0.0
1690209700854723546,682256,0.42081261238271184,0.07759887818827406,0.0
1690209700854731627,682256,0.42076644466093965,0.07765054111836116,0.0
1690209700854805790,682256,0.42077726861266274,0.07764239266695756,0.0
1690209700863199918,682257,0.4209068890856072,0.07753306169209727,0.0
1690209700863646952,682257,0.4208566711379875,0.07759783154977841,0.0
1690209700863919053,682257,0.42084609361130854,0.07769597516560513,0.0
1690209700864179590,682257,0.420850375019367,0.07768600120082682,0.0
1690209700864664281,682257,0.4208424499701658,0.07768804985662915,0.0
1690209700864682436,682257,0.4208306115814662,0.07775161434293848,0.0
1690209700864690792,682257,0.4207560485081878,0.07782332289128677,0.0
1690209700864704815,682257,0.4207542917569865,0.07780886311337476,0.0
1690209700864761015,682257,0.4206284527056383,0.07786179352086926,0.0
1690209700864770584,682257,0.4206136365334097,0.07788115176272435,0.0
1690209700869841718,682258,0.42063493511115996,0.07779234501453913,0.0
1690209700870125979,682258,0.42054227363360674,0.07783181132678058,0.0
1690209700870138786,682258,0.42055771563669087,0.07774580846877253,0.0
1690209700870162004,682258,0.4205883559375204,0.07766428232389451,0.0
1690209700870275722,682258,0.4207212793209999,0.07751598430648389,0.0
1690209700870601493,682258,0.4207517788825573,0.07748330389864373,0.0
1690209700870619239,682258,0.4208149068676045,0.07743929154942708,0.0
1690209700870626341,682258,0.42094393876200953,0.07728687466746746,0.0
1690209700870632941,682258,0.42104507330572816,0.0772568341415697,0.0
1690209700870678322,682258,0.4211160150034461,0.07721278105163949,0.0
1690209700877340989,682259,0.4211106961726752,0.07722499538393829,0.0
1690209700877933276,682259,0.4211474708075202,0.07717926935516276,0.0
1690209700877948640,682259,0.42107008036477567,0.07725370763939769,0.0
1690209700878529305,682259,0.421071243029264,0.07727465738346224,0.0
1690209700878773191,682259,0.4209496347256166,0.07736928593319489,0.0
1690209700878784625,682259,0.42089361733656044,0.07741679316046228,0.0
1690209700878789872,682259,0.4208455664929121,0.07742154961286765,0.0
1690209700878794638,682259,0.4208373610640264,0.07746433024900425,0.0
1690209700878853196,682259,0.42081989781183154,0.07750385587806552,0.0
1690209700878874571,682259,0.4207682473807701,0.07756745148417898,0.0
1690209700887359954,682260,0.42079805242177964,0.07758383182305544,0.0
1690209700888706150,682260,0.42078849358079573,0.07764588837994783,0.0
1690209700889364246,682260,0.42082455983256906,0.07764432210996783,0.0
1690209700889396531,682260,0.4207515657306302,0.07776881614838814,0.0
1690209700889781834,682260,0.4207265945953417,0.07781389254936515,0.0
1690209700889797648,682260,0.4207042478746398,0.07786737912774078,0.0
1690209700889810050,682260,0.4206653420540069,0.0779506352447133,0.0
1690209700889831082,682260,0.4205995456200398,0.07802166214834684,0.0
1690209700889847487,682260,0.42051457174625556,0.07808949522205734,0.0
1690209700889860380,682260,0.42047936871562214,0.07803961391163221,0.0
1690209700895071820,682261,0.4204677923245821,0.0780524110083474,0.0
1690209700895883551,682261,0.4204830168635287,0.07801835867109463,0.0
1690209700896077965,682261,0.42043517639633615,0.07801764322815768,0.0
1690209700896209268,682261,0.42049668980985977,0.077900179393781,0.0
1690209700896220871,682261,0.4205388921942542,0.07783948505738175,0.0
1690209700896228294,682261,0.42070702975691404,0.07768047733507748,0.0
1690209700896235735,682261,0.42071036245948773,0.077623251280611,0.0
1690209700896273495,682261,0.4207542959424918,0.07759674889681323,0.0
1690209700896290326,682261,0.4208501515716544,0.07746507339266022,0.0
1690209700896298794,682261,0.42094237951732705,0.07735328394539633,0.0
1690209700902677612,682262,0.4209829505605607,0.07735079865910219,0.0
1690209700904033407,682262,0.42097135429467897,0.07736724728222716,0.0
1690209700904103502,682262,0.4210746162589398,0.07724872427532686,0.0
1690209700904495839,682262,0.42103931141815965,0.07734167412811617,0.0
1690209700904505777,682262,0.4210769009546964,0.07732289295178212,0.0
1690209700904520098,682262,0.42106759047343223,0.07731727667912673,0.0
1690209700904537027,682262,0.42099832560930994,0.07738584152527253,0.0
1690209700904558394,682262,0.42094476174192924,0.07744133693755241,0.0
1690209700904571392,682262,0.42095497341020394,0.07743366352602185,0.0
1690209700904582355,682262,0.4208515813024566,0.07751669562251508,0.0
1690209700912953462,682263,0.4207752063734726,0.07758769252928545,0.0
1690209700913470978,682263,0.4207330630124282,0.07757161081087872,0.0
1690209700913858362,682263,0.4207201187364759,0.07761152343046189,0.0
1690209700914073720,682263,0.4206989783763074,0.07764094884936049,0.0
1690209700914671967,682263,0.42065866431780846,0.07769646924105657,0.0
1690209700914699715,682263,0.42069095257009986,0.07770345496517253,0.0
1690209700914928640,682263,0.42066897727922364,0.07776367166530031,0.0
1690209700914941812,682263,0.42071831378437724,0.07775735195710459,0.0
1690209700914948279,682263,0.4206591378929997,0.07785929019561975,0.0
1690209700914961876,682263,0.42064759947594327,0.07788608216103644,0.0
1690209700919249491,682264,0.42056989569243164,0.07797317819266868,0.0
1690209700919791160,682264,0.42053568801902713,0.07805076862483921,0.0
1690209700920638691,682264,0.4204815791844544,0.07807356994585718,0.0
1690209700920644362,682264,0.42037328461874757,0.07816144204835432,0.0
1690209700920665413,682264,0.4203482627003546,0.0781260625211393,0.0
1690209700920674780,682264,0.42038305665340064,0.07808595202354504,0.0
1690209700920680770,682264,0.420357161687691,0.07807442762489226,0.0
1690209700920690050,682264,0.42033950714756374,0.07804105966588519,0.0
1690209700920740236,682264,0.4204258998300834,0.07788368891987754,0.0
1690209700920745804,682264,0.42042552507689546,0.0778478537993626,0.0
1690209700927249185,682265,0.4205652579704571,0.07769383133561136,0.0
1690209700927258880,682265,0.42057347657677724,0.07763130182352185,0.0
1690209700927431544,682265,0.42062495981084924,0.0775909528301436,0.0
1690209700927562018,682265,0.42071195099686204,0.07747149903540505,0.0
1690209700927642104,682265,0.4208118594943649,0.07735442195584985,0.0
1690209700927777572,682265,0.42086269466702125,0.07734555582067283,0.0
1690209700927957608,682265,0.4208308713360197,0.07738966165920277,0.0
1690209700927966772,682265,0.4209258409033134,0.07728198278428851,0.0
1690209700927972679,682265,0.4209014912861664,0.07734890737437884,0.0
1690209700927982046,682265,0.420934592610643,0.07735560677998167,0.0
1690209700936295945,682266,0.42092713204782994,0.07735179087762128,0.0
1690209700937574667,682266,0.42089008261196525,0.07737291830031856,0.0
1690209700937587079,682266,0.42081017212868266,0.07745727732569196,0.0
1690209700937791938,682266,0.4208151495345571,0.07742941146563001,0.0
1690209700938018590,682266,0.4207242441390993,0.07749659609179714,0.0
1690209700938438040,682266,0.4206371644187055,0.07758817209475723,0.0
1690209700938459971,682266,0.4206140718707193,0.07758806219410198,0.0
1690209700938479777,682266,0.42062485108666947,0.07761430539756697,0.0
1690209700938490808,682266,0.42060745712297,0.07765839863742123,0.0
1690209700938506554,682266,0.420580772002716,0.07773601923507256,0.0
1690209700945006303,682267,0.4206317019607939,0.0777270027096592,0.0
1690209700945011028,682267,0.42062396826702275,0.07779096356001113,0.0
1690209700945041788,682267,0.42065195609645045,0.07780435611557782,0.0
1690209700945142987,682267,0.420563072477265,0.07792278633433045,0.0
1690209700945284177,682267,0.42056850584593414,0.07794667346522272,0.0
1690209700945500555,682267,0.4204859126483901,0.07800119498376126,0.0
1690209700945512522,682267,0.4204394265598826,0.07806105689570914,0.0
1690209700945520371,682267,0.4203889757834897,0.07806305000989974,0.0
1690209700945526543,682267,0.4203032042636345,0.07811159784492056,0.0
1690209700945537818,682267,0.42029444813646283,0.07805460193939937,0.0
1690209700953183488,682268,0.42029544619997267,0.0780160568803131,0.0
1690209700954441337,682268,0.42037975309536313,0.0779126693860468,0.0
1690209700954619656,682268,0.4203802880779909,0.07788299240059407,0.0
1690209700955052167,682268,0.42051735163556625,0.07771625944709776,0.0
1690209700955080450,682268,0.4206033658762975,0.07759849529107492,0.0
1690209700955092828,682268,0.42065678286284214,0.07761381383095865,0.0
1690209700955101877,682268,0.4207156523757774,0.07751626026572653,0.0
1690209700955121788,682268,0.4207518793153806,0.07748869593623811,0.0
1690209700955135159,682268,0.42072476022475297,0.07750395622297472,0.0
1690209700955152589,682268,0.4207312674829786,0.07746382797463656,0.0
1690209700960082535,682269,0.4207541718279669,0.07743081452400918,0.0
1690209700961296963,682269,0.4206153749329858,0.0775618932017052,0.0
1690209700961424669,682269,0.4206485267087535,0.0775294206496791,0.0
1690209700961596773,682269,0.42059345441681156,0.07753522912260354,0.0
1690209700961603101,682269,0.42056733970195687,0.07759950787982556,0.0
1690209700961614493,682269,0.42055580863653585,0.07760413535437906,0.0
1690209700961632835,682269,0.4205264880948927,0.07765196760541826,0.0
1690209700961638841,682269,0.42052617845903006,0.07769373323061951,0.0
1690209700961647673,682269,0.42050372641363937,0.07776537791556415,0.0
1690209700961655994,682269,0.4205124204041629,0.07778471480102889,0.0
1690209700969616228,682270,0.42041679710966995,0.07793335614135255,0.0
1690209700971092461,682270,0.42041257868745247,0.07794962557495758,0.0
1690209700971156493,682270,0.4203576235358098,0.07805677861227821,0.0
1690209700971610620,682270,0.4203272345279753,0.07812845827595397,0.0
1690209700971628825,682270,0.4202570180757751,0.07816550093173692,0.0
1690209700971639600,682270,0.4201809619491013,0.07824751497023141,0.0
1690209700971654745,682270,0.4201319362925849,0.07825592221121822,0.0
1690209700971666065,682270,0.4201393572431957,0.07824866594224544,0.0
1690209700971678825,682270,0.4201071621306391,0.07826263880707643,0.0
1690209700971689098,682270,0.42007336034940157,0.07828780610647026,0.0
1690209700977167061,682271,0.4201810653675783,0.07814451912224482,0.0
1690209700978375363,682271,0.4201489733968829,0.07815407737864274,0.0
1690209700978562216,682271,0.42026198068364584,0.07803810666538015,0.0
1690209700978831999,682271,0.42029396230763566,0.07796795590451527,0.0
1690209700978839537,682271,0.4203821610145072,0.07786492008282334,0.0
1690209700978846267,682271,0.42044197372525505,0.07778185809847042,0.0
1690209700978871173,682271,0.42053331899891033,0.07766039395517539,0.0
1690209700978877029,682271,0.42058512629887185,0.0776153112266409,0.0
1690209700978886741,682271,0.42061013279204146,0.07755265402446843,0.0
1690209700978894434,682271,0.4206854232017298,0.07744069099786126,0.0
1690209700985861794,682272,0.42068143866076835,0.07749626218477866,0.0
1690209700986277450,682272,0.4207494362793824,0.0773987940350906,0.0
1690209700986393467,682272,0.42071725910180846,0.07741186929718413,0.0
1690209700986636581,682272,0.42067807696480075,0.07744410406465649,0.0
1690209700986648248,682272,0.4206509936535193,0.07745226304763113,0.0
1690209700987359347,682272,0.4206516256257714,0.07744526155483257,0.0
1690209700987577989,682272,0.42050037201190504,0.07758851234701736,0.0
1690209700987700248,682272,0.4204591420261347,0.07763084981344931,0.0
1690209700987710574,682272,0.42045168637015384,0.0775993108135256,0.0
1690209700987714962,682272,0.42044982261726016,0.0776540297091145,0.0
1690209700993745432,682273,0.4204319571621228,0.07768387830411135,0.0
1690209700994428571,682273,0.42037552401941214,0.07773931475723796,0.0
1690209700994564880,682273,0.42038278324134776,0.07777578879517653,0.0
1690209700995410769,682273,0.4203648344744929,0.0778396901374071,0.0
1690209700995542768,682273,0.4203899875669329,0.0778428704949872,0.0
1690209700995662109,682273,0.4202941845424505,0.07798039804030328,0.0
1690209700995757734,682273,0.4202961964173995,0.07800058949541822,0.0
1690209700995918587,682273,0.42025934374675755,0.07806365520816558,0.0
1690209700995932278,682273,0.42021060846561126,0.07814383602958258,0.0
1690209700995944051,682273,0.420112156068967,0.07823678203668077,0.0
1690209701003421890,682274,0.4200539273706279,0.07830149847949462,0.0
1690209701003862945,682274,0.4200132794037099,0.07828932253081923,0.0
1690209701004182907,682274,0.4200068613374891,0.07831936793991778,0.0
1690209701004356137,682274,0.4199896452484011,0.07831011125964345,0.0
1690209701004536497,682274,0.41995019187722465,0.07830690221920293,0.0
1690209701004561999,682274,0.41997621708497657,0.07821211162326655,0.0
1690209701004702031,682274,0.4199854628716506,0.0781831436488115,0.0
1690209701004886993,682274,0.4201380552430692,0.07801800739564113,0.0
1690209701005034507,682274,0.4201213821977395,0.07797578803334275,0.0
1690209701005129801,682274,0.42018577894587855,0.07789286017287392,0.0
1690209701010409441,682275,0.4202567134348836,0.07779525566916644,0.0
1690209701010691645,682275,0.42039227632756826,0.07765023590872393,0.0
1690209701011100822,682275,0.42043700166730796,0.07760119517435835,0.0
1690209701011187505,682275,0.42046081658054957,0.07757172745022385,0.0
1690209701011464272,682275,0.4205778601425039,0.0774322030512566,0.0
1690209701011541038,682275,0.4205536618011892,0.07751702945574315,0.0
1690209701011717117,682275,0.42061361658312624,0.07748209843906624,0.0
1690209701011737021,682275,0.42059847038675535,0.07749245586506302,0.0
1690209701011750927,682275,0.4205331462045652,0.07755474855460177,0.0
1690209701011772615,682275,0.42048124930452624,0.07760831695806666,0.0
1690209701020244030,682276,0.420480548998318,0.0776059549689557,0.0
1690209701020545619,682276,0.42037260480045663,0.07769478632925116,0.0
1690209701020736201,682276,0.42029739680084793,0.07779612143575987,0.0
1690209701020748028,682276,0.4202723941555678,0.07776645007752636,0.0
1690209701020755730,682276,0.420206074674018,0.07786607592526126,0.0
1690209701020763984,682276,0.4201810056588853,0.0779186477695248,0.0
1690209701020772037,682276,0.4201380863466192,0.07797648780229859,0.0
1690209701020778823,682276,0.4201329468435744,0.07800956613662052,0.0
1690209701020796317,682276,0.42009164069125776,0.07807090020265234,0.0
1690209701020803205,682276,0.4201445403871756,0.07805569686024263,0.0
1690209701027594362,682277,0.42009190298665416,0.0781201596414961,0.0
1690209701027938449,682277,0.42006167331790606,0.0781621763667511,0.0
1690209701028458938,682277,0.420116779381553,0.07810476028713992,0.0
1690209701028535877,682277,0.42007518044137215,0.07814435179826791,0.0
1690209701028719499,682277,0.4201557435299871,0.07805783923232928,0.0
1690209701028786074,682277,0.42012524237865845,0.0780633253018526,0.0
1690209701028818903,682277,0.42016989815016154,0.07800558945575642,0.0
1690209701028826076,682277,0.42022076102111566,0.07792851102765426,0.0
1690209701028844378,682277,0.4202193383689606,0.07791232807493684,0.0
1690209701028851511,682277,0.4202369513306309,0.07788309105606536,0.0
1690209701038501019,682278,0.4203132272622553,0.07774596873815223,0.0
1690209701038671511,682278,0.42039782151067884,0.07763767103766729,0.0
1690209701038789087,682278,0.42043735638347124,0.07764104055156777,0.0
1690209701038948288,682278,0.42053116864136497,0.07750774004244601,0.0
1690209701039374680,682278,0.4205389488003073,0.07750241428180314,0.0
1690209701039380306,682278,0.42055669317886657,0.07747032036209037,0.0
1690209701039527512,682278,0.42058521823178596,0.07742672862790739,0.0
1690209701039532188,682278,0.4206188365905039,0.07739309991835391,0.0
1690209701039543057,682278,0.42048897162271004,0.07752045929827443,0.0
1690209701039562021,682278,0.4205277279570827,0.07747256502313761,0.0
1690209701044948230,682279,0.4205057791803582,0.07746918528341544,0.0
1690209701045138938,682279,0.42050448940173596,0.0775207070618773,0.0
1690209701045364587,682279,0.4204936082469983,0.07753618547849574,0.0
1690209701045636600,682279,0.42045784489948645,0.07759206524007047,0.0
1690209701045744469,682279,0.4204484088591883,0.07763461641299264,0.0
1690209701045864252,682279,0.4204190999660069,0.07769890324372099,0.0
1690209701045870145,682279,0.4204399315580666,0.07769998941464616,0.0
1690209701045874317,682279,0.4203527404078562,0.07784861474709619,0.0
1690209701045881043,682279,0.4203344952008635,0.07787992676655944,0.0
1690209701045893543,682279,0.420278414865321,0.07798855445551335,0.0
1690209701053859007,682280,0.42026284020011173,0.07805634988601746,0.0
1690209701053959461,682280,0.42018386540696234,0.07813140430764773,0.0
1690209701054048351,682280,0.4201348052925401,0.0781874878089638,0.0
1690209701054180604,682280,0.42006909990879077,0.07820622730686712,0.0
1690209701054186116,682280,0.4200730477431449,0.07822951578466202,0.0
1690209701054195179,682280,0.4199960264746466,0.07827429440226012,0.0
1690209701054201732,682280,0.4199698782563716,0.07829067866848842,0.0
1690209701054208588,682280,0.42000536925415427,0.07819434088659959,0.0
1690209701054212533,682280,0.41999821741952253,0.07816353628315192,0.0
1690209701054218166,682280,0.4200970247704606,0.07801828630082924,0.0
1690209701060368145,682281,0.42007018393810186,0.0779881975012729,0.0
1690209701060984823,682281,0.420092909981017,0.07792657548013752,0.0
1690209701061024247,682281,0.4201599364733023,0.07781726642762844,0.0
1690209701061184234,682281,0.4202626485447283,0.07769942903342726,0.0
1690209701061190262,682281,0.4202957315563117,0.07767762346542138,0.0
1690209701061196281,682281,0.4203897560805784,0.07756270694305022,0.0
1690209701061203308,682281,0.42047658087767986,0.07744124260691392,0.0
1690209701061209198,682281,0.4205092620982186,0.07748081885077612,0.0
1690209701061216068,682281,0.42059981217239334,0.07737683246258407,0.0
1690209701061220548,682281,0.4206082329987984,0.0773650888301444,0.0
1690209701072251040,682282,0.42061223359460204,0.07734105845823117,0.0
1690209701072591366,682282,0.4206421166124034,0.07728936229347606,0.0
1690209701073141093,682282,0.42065627478769263,0.07728077962263216,0.0
1690209701073424548,682282,0.4205060769960115,0.07741363883175252,0.0
1690209701073843878,682282,0.42048879273257633,0.07741156732877949,0.0
1690209701073867338,682282,0.42042121117227793,0.07743256843587158,0.0
1690209701073903903,682282,0.42040345652752986,0.077489907642087,0.0
1690209701073920190,682282,0.420406940946074,0.07747343135234777,0.0
1690209701073941817,682282,0.42033899237347067,0.07752717058218431,0.0
1690209701073952258,682282,0.4203418241962069,0.07754650293263284,0.0
1690209701079462076,682283,0.4203278906862573,0.07758758255129113,0.0
1690209701079567760,682283,0.42034467719536284,0.07757314866382438,0.0
1690209701079682127,682283,0.4202654335804287,0.07769762864926262,0.0
1690209701079939018,682283,0.42024997642016554,0.07772368853293805,0.0
1690209701079954909,682283,0.42024403634729074,0.07777798708361969,0.0
1690209701079971470,682283,0.4202169356058637,0.07784367317748729,0.0
1690209701079986386,682283,0.42016254441070744,0.0779559996695788,0.0
1690209701079995529,682283,0.4201325265987894,0.07799831629275965,0.0
1690209701080008078,682283,0.42008484628536547,0.07804236505986253,0.0
1690209701080018880,682283,0.4200866512712961,0.0780903779324029,0.0
1690209701086855671,682284,0.42004402058345175,0.07813840416536526,0.0
1690209701087321451,682284,0.4200217345220133,0.07815444708881097,0.0
1690209701087864810,682284,0.4199646203217159,0.07816001827701556,0.0
1690209701088195972,682284,0.41993713656033216,0.07818199050221157,0.0
1690209701088951320,682284,0.41998639536916244,0.07807569870620519,0.0
1690209701089049127,682284,0.4199274429053374,0.0781006506917733,0.0
1690209701089361949,682284,0.41994504166193086,0.07800857229125299,0.0
1690209701089381708,682284,0.4199820660994703,0.07792538646964385,0.0
1690209701089393252,682284,0.4201218115253635,0.07777650149906294,0.0
1690209701089416278,682284,0.4201301157810356,0.07772756650589241,0.0
1690209701094579523,682285,0.420251688727067,0.07762529229950688,0.0
1690209701095224732,682285,0.42036372844301967,0.07748725414719167,0.0
1690209701095324449,682285,0.42043432197346425,0.0774725115120466,0.0
1690209701095465534,682285,0.42049958442285823,0.07742312466799145,0.0
1690209701095483578,682285,0.4205126513531801,0.07743644605494703,0.0
1690209701095876860,682285,0.4205471585974749,0.0774070256452759,0.0
1690209701095961532,682285,0.42048774158919616,0.0774667247741682,0.0
1690209701096109698,682285,0.4205122009228846,0.07748360941462328,0.0
1690209701096115790,682285,0.4204276674092791,0.07753187928738009,0.0
1690209701096142496,682285,0.42035029548890673,0.07759274097735698,0.0
1690209701102312001,682286,0.4203140458207494,0.07760079569119237,0.0
1690209701103544030,682286,0.4203257439042408,0.07762064520992183,0.0
1690209701103949345,682286,0.4203219478392,0.07763672480152187,0.0
1690209701103961864,682286,0.4202317010157378,0.07773365589628048,0.0
1690209701104302374,682286,0.4202927792345307,0.07769965958352494,0.0
1690209701104312660,682286,0.4203181883117889,0.07770622425734457,0.0
1690209701104318258,682286,0.42034153986750544,0.07771550387856788,0.0
1690209701104332188,682286,0.4202781347223721,0.07781290438188633,0.0
1690209701104345606,682286,0.4202758912213231,0.07779662813137633,0.0
1690209701104372935,682286,0.4203016662071006,0.07776197528242171,0.0
1690209701110239853,682287,0.42023294081547385,0.07784564000600233,0.0
1690209701110929307,682287,0.42020153078198896,0.07792262184925988,0.0
1690209701111102871,682287,0.4201775407602987,0.0779308613639041,0.0
1690209701111136380,682287,0.4201323397792038,0.07791056571660994,0.0
1690209701111368644,682287,0.42014845136119705,0.07793782666236074,0.0
1690209701111375366,682287,0.4202134175839898,0.07786096288422674,0.0
1690209701111509483,682287,0.42019241333196566,0.07784231911860837,0.0
1690209701111593279,682287,0.42017937516609793,0.07781941483252663,0.0
1690209701111732568,682287,0.42024161507783403,0.07773970113510105,0.0
1690209701111746545,682287,0.42026571607941177,0.07771832743755581,0.0
1690209701119452703,682288,0.4202202099518536,0.07771080784327,0.0
1690209701120877524,682288,0.4202584259171543,0.07768487201060956,0.0
1690209701120892586,682288,0.42034317154169104,0.07756599873696932,0.0
1690209701121350945,682288,0.420394607062901,0.07750586843707451,0.0
1690209701121370630,682288,0.4204080545135321,0.07752125531524687,0.0
1690209701121388898,682288,0.420373851945852,0.07755466924003207,0.0
1690209701121400697,682288,0.4204493248135306,0.07747222615533116,0.0
1690209701121408667,682288,0.42039468544985764,0.07750784971641564,0.0
1690209701121421713,682288,0.4204244084880182,0.07750153514322976,0.0
1690209701121436706,682288,0.4204314814576592,0.07749587182210542,0.0
1690209701129061447,682289,0.4203872446507121,0.07748447865258601,0.0
1690209701130225051,682289,0.4203923160181474,0.0774927627899577,0.0
1690209701130413877,682289,0.42038080781183645,0.07750888913713004,0.0
1690209701130836650,682289,0.4203703336820335,0.07749007917729715,0.0
1690209701130859630,682289,0.4202716478088299,0.07756070823520912,0.0
1690209701130899475,682289,0.42025253367809823,0.07756376031344238,0.0
1690209701130907745,682289,0.42037503569832596,0.07747034208680856,0.0
1690209701130921557,682289,0.42033133220401925,0.07751654821613156,0.0
1690209701131042437,682289,0.4202819363766918,0.07763491952170107,0.0
1690209701131108805,682289,0.4203344096660078,0.07759680081622879,0.0
1690209701136211865,682290,0.4203490551019854,0.07762374368547398,0.0
1690209701136917726,682290,0.42032273486285426,0.07770513775331536,0.0
1690209701137010477,682290,0.42023782045674724,0.0778088181922399,0.0
1690209701137118730,682290,0.4202316186486827,0.07780355327399666,0.0
1690209701137616692,682290,0.4201289340238152,0.07784644133167826,0.0
1690209701137768799,682290,0.4200840607496149,0.07792254706051471,0.0
1690209701137885611,682290,0.41998919533938994,0.07799613006968363,0.0
1690209701137903292,682290,0.41994313711135944,0.07801714739587441,0.0
1690209701138024649,682290,0.41989253661433046,0.07797417962757229,0.0
1690209701138109801,682290,0.4198975917646803,0.07798522619971178,0.0
1690209701144764322,682291,0.41999105041373286,0.07789243106392554,0.0
1690209701145707847,682291,0.4199612788977366,0.07787139257126723,0.0
1690209701145857957,682291,0.42002950678609696,0.07779294703789666,0.0
1690209701146180385,682291,0.4200841704229989,0.07772353251908558,0.0
1690209701146189735,682291,0.42025445815708734,0.0775785605436921,0.0
1690209701146196511,682291,0.4202039741943815,0.07759836464106108,0.0
1690209701146236798,682291,0.42021709683346553,0.07758921400496664,0.0
1690209701146251305,682291,0.4202990260971857,0.0774793782895724,0.0
1690209701146288892,682291,0.4203098135503365,0.07745825099700637,0.0
1690209701146310685,682291,0.42030205663711934,0.07747942993228633,0.0
1690209701155419061,682292,0.4202871102470744,0.07750843314686076,0.0
1690209701155965418,682292,0.42035888512192915,0.07741264623159737,0.0
1690209701156239691,682292,0.42038661593475735,0.07739490857128029,0.0
1690209701156604046,682292,0.4204134278758107,0.07739655679562799,0.0
1690209701156613966,682292,0.4204263920679152,0.07738901242850368,0.0
1690209701156620558,682292,0.4204264580834867,0.07733173098825133,0.0
1690209701156664844,682292,0.42039524346007306,0.07737416735779559,0.0
1690209701156678104,682292,0.4204130081981873,0.07739836202974107,0.0
1690209701156693938,682292,0.42040469158605104,0.07737027766292409,0.0
1690209701156748501,682292,0.42034583227454336,0.07740588095698442,0.0
1690209701161154405,682293,0.42027673570573604,0.07747572756102142,0.0
1690209701161454830,682293,0.42037290665910454,0.07741093935430077,0.0
1690209701162079003,682293,0.4203363394477181,0.07742646371600703,0.0
1690209701162181846,682293,0.4202242766442315,0.07755770027898469,0.0
1690209701162269949,682293,0.4202831531513104,0.07750093512711093,0.0
1690209701164447771,682293,0.42034152589788654,0.07742841148860767,0.0
1690209701164455457,682293,0.420321926801687,0.07746896657582736,0.0
1690209701164460070,682293,0.42025567727638075,0.07751220673519024,0.0
1690209701164480853,682293,0.4202977095714863,0.07745193034644506,0.0
1690209701164497314,682293,0.42029881084136006,0.07738476105818683,0.0
1690209701169306051,682294,0.42028164416893066,0.07740053003419092,0.0
1690209701169567656,682294,0.4202920103877701,0.07741881136090303,0.0
1690209701170105920,682294,0.42030590772649234,0.07737882930025562,0.0
1690209701170234546,682294,0.42033243476244775,0.07735758736429915,0.0
1690209701170686953,682294,0.4203393493808951,0.07736788123738163,0.0
1690209701170709994,682294,0.42043339135725105,0.07731266797682942,0.0
1690209701170726657,682294,0.42042769727437357,0.07728912185359511,0.0
1690209701170736572,682294,0.42038432334441406,0.07739299271741036,0.0
1690209701170751703,682294,0.42043764901112646,0.07736386443360802,0.0
1690209701170779653,682294,0.4204470051163337,0.07741499632682704,0.0
1690209701178590418,682295,0.4204058558966358,0.07748025429623172,0.0
1690209701179060859,682295,0.4203321364956751,0.07750276984520475,0.0
1690209701179188124,682295,0.4203842272577259,0.077495836863323,0.0
1690209701179713091,682295,0.420292171342742,0.07757088891990442,0.0
1690209701180263448,682295,0.4202370367342948,0.07763836321772055,0.0
1690209701180457909,682295,0.4201813106200736,0.07767798949155798,0.0
1690209701180483976,682295,0.4201327827401776,0.07772194832079249,0.0
1690209701180711336,682295,0.42021889739406015,0.07760792187705945,0.0
1690209701180731146,682295,0.42015089500065034,0.07769777908940542,0.0
1690209701180750784,682295,0.4201924869833378,0.07768824931498612,0.0
1690209701185213564,682296,0.4202034117778666,0.07760289893728008,0.0
1690209701185749186,682296,0.42023041900557556,0.0776040016296038,0.0
1690209701186182949,682296,0.4202608905572996,0.0776376066231265,0.0
1690209701186840936,682296,0.42030634456914934,0.07755756744109579,0.0
1690209701186986444,682296,0.42030091309607254,0.07753369630745563,0.0
1690209701187111222,682296,0.42028159035799084,0.07758477831587117,0.0
1690209701187268546,682296,0.4204098970601653,0.07742029989018942,0.0
1690209701187284211,682296,0.42039199667965804,0.07743174385579511,0.0
1690209701187293182,682296,0.4203795794805525,0.07741335305761408,0.0
1690209701187299136,682296,0.42041515602572277,0.0773406036320205,0.0
1690209701193651701,682297,0.4204628617321064,0.07725915565451999,0.0
1690209701193968513,682297,0.4204136999621683,0.07728390398466464,0.0
1690209701194073314,682297,0.4204987535367617,0.07715878132118519,0.0
1690209701194588641,682297,0.42048049905305884,0.0771131745666039,0.0
1690209701194812277,682297,0.42057265845462166,0.07701846934956862,0.0
1690209701195038349,682297,0.4206324313539256,0.07693283841643134,0.0
1690209701195054722,682297,0.4206568205683536,0.07698999362483297,0.0
1690209701195061332,682297,0.4206798659667539,0.07694015602887806,0.0
1690209701195081875,682297,0.420687375491287,0.07694812933574866,0.0
1690209701195094218,682297,0.4207549937861075,0.07693985257225135,0.0
1690209701201927801,682298,0.42075997333707743,0.07698004385704889,0.0
1690209701202142967,682298,0.42074394501194523,0.07698978580599597,0.0
1690209701203233772,682298,0.42053807632457063,0.07722634663491175,0.0
1690209701203497744,682298,0.4205529649036053,0.07725834710971838,0.0
1690209701203719423,682298,0.42046240140418734,0.0772987463034802,0.0
1690209701203913471,682298,0.4203173242506915,0.07747664606541026,0.0
1690209701203927955,682298,0.42025557281870696,0.07747936917399847,0.0
1690209701203934924,682298,0.4202305422223417,0.0774519214614855,0.0
1690209701203944401,682298,0.4202521162469906,0.07746339824538022,0.0
1690209701203955733,682298,0.4201987664665547,0.07751569087627429,0.0
1690209701211057412,682299,0.4203129866968475,0.07738842761109056,0.0
1690209701211381147,682299,0.42028487738757636,0.07740219284401469,0.0
1690209701212674787,682299,0.42042346348288967,0.07729143328098176,0.0
1690209701212693136,682299,0.4205139397985303,0.07720584719681371,0.0
1690209701212729907,682299,0.42050992297516754,0.07725359191061536,0.0
1690209701212746315,682299,0.4205622330203246,0.07719514508147826,0.0
1690209701212780378,682299,0.42056753632151855,0.07716723658493523,0.0
1690209701212793000,682299,0.42060407637407915,0.07714802400217748,0.0
1690209701212806032,682299,0.4206064502685839,0.07712988937539915,0.0
1690209701212813808,682299,0.4206134630084951,0.07709079794262036,0.0
1690209701221443178,682300,0.4205983597499881,0.07711004751527765,0.0
1690209701221703576,682300,0.4206699087686032,0.07696959483928394,0.0
1690209701221917093,682300,0.4206792196960034,0.07692874690399047,0.0
1690209701222040419,682300,0.4206625816662945,0.07688664154035257,0.0
1690209701222873451,682300,0.42065796993254656,0.07682483749175537,0.0
1690209701223103397,682300,0.42070832300125677,0.07672580286597902,0.0
1690209701223334584,682300,0.4206957174776221,0.07671164303320861,0.0
1690209701223348940,682300,0.4208156539877903,0.07655621068263356,0.0
1690209701223372387,682300,0.42082767058348114,0.07650504453407217,0.0
1690209701223383725,682300,0.4209049747598789,0.07647591286216339,0.0
1690209701229850160,682301,0.42100750217800764,0.07636945272360554,0.0
1690209701230015671,682301,0.42098606906185326,0.07646172000771674,0.0
1690209701230377734,682301,0.42102109273772986,0.0764606248859734,0.0
1690209701230396655,682301,0.4210190038959397,0.07649263623905109,0.0
1690209701230409730,682301,0.42103413896093683,0.07651641225717966,0.0
1690209701230421287,682301,0.42090766795619,0.07670610042557588,0.0
1690209701230430914,682301,0.42087206658303766,0.07676585661048592,0.0
1690209701230439211,682301,0.4207466184604647,0.07689376766944107,0.0
1690209701230495534,682301,0.42064762367152764,0.0770392277570815,0.0
1690209701230504705,682301,0.42059838615894196,0.07708336365876489,0.0
1690209701237293492,682302,0.4205282669299672,0.07717935010317077,0.0
1690209701238485110,682302,0.42044310693047854,0.07723202818083873,0.0
1690209701238597624,682302,0.42042655432294335,0.07727847941722052,0.0
1690209701239007492,682302,0.4204643883546942,0.07725303612187964,0.0
1690209701239025012,682302,0.4204183896431781,0.07730321387111543,0.0
1690209701239038353,682302,0.4204112122873406,0.07732031269029606,0.0
1690209701239049672,682302,0.4203735480510859,0.07735462401993361,0.0
1690209701239060943,682302,0.4204940025373969,0.07722621171360415,0.0
1690209701239070894,682302,0.4204830124636648,0.07716702993780934,0.0
1690209701239080614,682302,0.42049500943636864,0.07717064244194541,0.0
1690209701245293495,682303,0.42050970364769186,0.07709235259162074,0.0
1690209701246457018,682303,0.4205255273952808,0.07703270984910192,0.0
1690209701246682574,682303,0.42056994391294145,0.07697318071252952,0.0
1690209701247086508,682303,0.42058724348284854,0.07692490230642111,0.0
1690209701247115610,682303,0.42074216719199403,0.07673819296203459,0.0
1690209701247126576,682303,0.4207299163105162,0.07672697585775987,0.0
1690209701247134439,682303,0.420863972380145,0.0765943703479111,0.0
1690209701247144156,682303,0.4209458301901242,0.07649339797487172,0.0
1690209701247158104,682303,0.42095313744948265,0.0765213220940526,0.0
1690209701247167207,682303,0.4209867570746069,0.07646468469040936,0.0
1690209701253463081,682304,0.4210010074870349,0.07641942983280006,0.0
1690209701253763966,682304,0.42102625026496293,0.07640474519019647,0.0
1690209701253972304,682304,0.4209753515717126,0.076422514799517,0.0
1690209701255068574,682304,0.42097963032490304,0.07641428130959822,0.0
1690209701255107173,682304,0.42087368657775903,0.07654445460686729,0.0
1690209701255492116,682304,0.4208469136516344,0.07660000538318164,0.0
1690209701255504793,682304,0.4207951750017649,0.07667731181460798,0.0
1690209701255511827,682304,0.4207191209583832,0.07681163700574631,0.0
1690209701255529192,682304,0.42068797247987494,0.07686136180411161,0.0
1690209701255546044,682304,0.4206300283539193,0.07692521295671559,0.0
1690209701261585415,682305,0.42062511827011173,0.07699685275394474,0.0
1690209701261831247,682305,0.42060540095859633,0.07705246669816833,0.0
1690209701262889822,682305,0.4205465507264188,0.07711694143340962,0.0
1690209701263071318,682305,0.4204897312989169,0.07720807088447901,0.0
1690209701263536950,682305,0.4205133496190541,0.07715755743222996,0.0
1690209701263545530,682305,0.4205102439964599,0.07716431519062054,0.0
1690209701263567672,682305,0.4204457290604314,0.07719554386467259,0.0
1690209701263584937,682305,0.4204532548581439,0.07717229752702896,0.0
1690209701263605006,682305,0.4204734909475385,0.07714631308935241,0.0
1690209701263619321,682305,0.42046939657897875,0.0771487496405676,0.0
1690209701271276031,682306,0.42056277417766696,0.07705778362138148,0.0
1690209701272386797,682306,0.42055281922013826,0.07704202556389927,0.0
1690209701272478714,682306,0.42061840804687783,0.07696500548542597,0.0
1690209701272772727,682306,0.4207060753700014,0.07679783206954338,0.0
1690209701273047224,682306,0.4207314812146248,0.07676013356661364,0.0
1690209701273195095,682306,0.42069508205784245,0.07677844630344463,0.0
1690209701273211119,682306,0.4206834275201602,0.07671783541284617,0.0
1690209701273223180,682306,0.4207263440016153,0.07664928299162463,0.0
1690209701273231115,682306,0.4207402492831385,0.07663215675694772,0.0
1690209701273268078,682306,0.42079919544530475,0.07656818575023716,0.0
1690209701279029376,682307,0.4208123536541054,0.07654030458046818,0.0
1690209701279303254,682307,0.420818287633875,0.07659317110551989,0.0
1690209701279537635,682307,0.4208671508705837,0.07655881013597424,0.0
1690209701280214550,682307,0.42087586820306977,0.07664133268411,0.0
1690209701280624127,682307,0.420831422605685,0.07673297783428752,0.0
1690209701280734902,682307,0.4207799076145617,0.0767903819015256,0.0
1690209701281026485,682307,0.42078371408661186,0.07681101980818417,0.0
1690209701281035055,682307,0.4206968789563141,0.07692867896130846,0.0
1690209701281048196,682307,0.4206404500554893,0.0770090571089789,0.0
1690209701281065634,682307,0.4205415929002582,0.07708199634354787,0.0
1690209701287196780,682308,0.4204401607608994,0.07719159158882405,0.0
1690209701288266704,682308,0.4203789690892335,0.07723508722079542,0.0
1690209701288471083,682308,0.4203442985302187,0.0772935855184206,0.0
1690209701288817077,682308,0.42036283194916074,0.07730410832963097,0.0
1690209701288843834,682308,0.4203407855483819,0.0772656740038165,0.0
1690209701288850951,682308,0.42035415544301447,0.07725529271164919,0.0
1690209701288859343,682308,0.42038975571990395,0.07729676576174803,0.0
1690209701288913977,682308,0.4204186290144837,0.07726057998581164,0.0
1690209701288919001,682308,0.42038228793261045,0.07726285244430273,0.0
1690209701288942969,682308,0.4203630850705275,0.07731084493118816,0.0
1690209701294627194,682309,0.4204606275165811,0.07714673010945611,0.0
1690209701295920433,682309,0.4204648465910385,0.07712319149852839,0.0
1690209701295995194,682309,0.4203777644860438,0.07715892384724839,0.0
1690209701296003964,682309,0.42039271375285236,0.07708863907436792,0.0
1690209701296132287,682309,0.4204531826414071,0.07695469897628088,0.0
1690209701296313124,682309,0.42046206804757036,0.0769503929244418,0.0
1690209701296321318,682309,0.4205946334765668,0.07681164626718585,0.0
1690209701296325142,682309,0.42058321573665586,0.07675737096675743,0.0
1690209701296342567,682309,0.4206631661441256,0.0767127400140291,0.0
1690209701296372777,682309,0.4207331638415483,0.07665590158578664,0.0
1690209701303598712,682310,0.4207652346435318,0.076729250497959,0.0
1690209701303786987,682310,0.4207558916878842,0.07677898426552225,0.0
1690209701303976368,682310,0.420704098960649,0.07682283866806057,0.0
1690209701304936467,682310,0.4207256008331095,0.076857749078306,0.0
1690209701305114726,682310,0.42061829333833334,0.07698770980157715,0.0
1690209701305293671,682310,0.4205597723725363,0.07706998798964813,0.0
1690209701305553107,682310,0.4203871116789186,0.077227086006908,0.0
1690209701305564647,682310,0.42031242303281324,0.07733097238062339,0.0
1690209701305569475,682310,0.4203111993117356,0.077263592027822,0.0
1690209701305610603,682310,0.4202102653207591,0.07739398644421892,0.0
1690209701311829688,682311,0.4201847908747874,0.07740616077986308,0.0
1690209701312138850,682311,0.42015212087395587,0.07735719564653426,0.0
1690209701312286152,682311,0.4201938706677969,0.07734985687167156,0.0
1690209701312680344,682311,0.420162868212361,0.07740665202882666,0.0
1690209701312764619,682311,0.42025483028402133,0.07728736610128539,0.0
1690209701313275028,682311,0.42024188141416974,0.07728244584088093,0.0
1690209701313465996,682311,0.420282768892505,0.0772790935919972,0.0
1690209701313481950,682311,0.4204277075815451,0.0771085252866136,0.0
1690209701313494006,682311,0.42041723805708614,0.07713404982243544,0.0
1690209701313503104,682311,0.4203913860907178,0.07714265945249822,0.0
1690209701318860316,682312,0.4204062029016854,0.07709424891210834,0.0
1690209701319036314,682312,0.4204487433349646,0.07704144450913646,0.0
1690209701319415678,682312,0.4204143902011205,0.07706143113199751,0.0
1690209701319933369,682312,0.4203933667883243,0.07703070211311126,0.0
1690209701320054327,682312,0.4203667908051399,0.07703735102384346,0.0
1690209701320318374,682312,0.42042200586307543,0.0769221479714196,0.0
1690209701320333169,682312,0.4204479306667873,0.0768583755172195,0.0
1690209701320346986,682312,0.4204316269967854,0.07689642989314993,0.0
1690209701320354601,682312,0.4204563255215661,0.0768219734521804,0.0
1690209701320368836,682312,0.42048290801103394,0.07679805603912611,0.0
1690209701327593273,682313,0.42051114951056817,0.07679712680805677,0.0
1690209701328727760,682313,0.42056694686368923,0.07676745978942563,0.0
1690209701329106724,682313,0.4205685847589904,0.07674162069580015,0.0
1690209701329280389,682313,0.42043550842542265,0.07693835100303235,0.0
1690209701329483210,682313,0.42050386143558993,0.07689908671988716,0.0
1690209701329770058,682313,0.4204615870413014,0.07696636935150791,0.0
1690209701329780829,682313,0.4203809879425777,0.07710364403923776,0.0
1690209701329786201,682313,0.42028869795161045,0.077129466202819,0.0
1690209701329817203,682313,0.42031591783082545,0.07710915965387655,0.0
1690209701329827213,682313,0.42023417533561,0.07719047621853678,0.0
1690209701335658171,682314,0.4201597470199848,0.07726394101783987,0.0
1690209701336694502,682314,0.4201191576491734,0.07728879966740528,0.0
1690209701336964896,682314,0.4200399775666021,0.07735611114259176,0.0
1690209701336976175,682314,0.420132038087656,0.0772458777656602,0.0
1690209701336984996,682314,0.42013347365164405,0.07726321303599452,0.0
1690209701337247632,682314,0.42017607490351744,0.07729092856295773,0.0
1690209701337257585,682314,0.4201955430724248,0.07720583684285193,0.0
1690209701337271460,682314,0.42021222817164183,0.0772003963604273,0.0
1690209701337280521,682314,0.42024404495805073,0.07724301249911963,0.0
1690209701337292155,682314,0.42029186440482746,0.07717190643042954,0.0
1690209701345639032,682315,0.4202662702103481,0.07718725785817813,0.0
1690209701345934036,682315,0.42019820934978935,0.07726310241617632,0.0
1690209701346423691,682315,0.4203404341905915,0.07713464294772396,0.0
1690209701346439682,682315,0.42029562859195824,0.07717376801667172,0.0
1690209701346448292,682315,0.42019693468349556,0.07730726220065322,0.0
1690209701346471622,682315,0.42026585430944347,0.077243853412476,0.0
1690209701346485084,682315,0.4202995641114887,0.07721143841743644,0.0
1690209701346506256,682315,0.4203071414924515,0.07725717894453371,0.0
1690209701346556192,682315,0.42023939855006875,0.07734581927402114,0.0
1690209701346568681,682315,0.4202505288215006,0.07731687167565224,0.0
1690209701352637415,682316,0.420221080052186,0.0772939803357469,0.0
1690209701352897102,682316,0.42018796165497746,0.07734458230545145,0.0
1690209701353114429,682316,0.42012371767013523,0.07741887347503658,0.0
1690209701353745647,682316,0.420074739760544,0.07743203687662016,0.0
1690209701353927512,682316,0.42000592724425667,0.07739870087121793,0.0
1690209701354200738,682316,0.41998740286493175,0.07742706073348497,0.0
1690209701354213585,682316,0.42008260895910576,0.07731972887551034,0.0
1690209701354220834,682316,0.42006315911351044,0.0772924685580067,0.0
1690209701354227866,682316,0.420102321337328,0.07726466108928884,0.0
1690209701354282292,682316,0.4201756659387057,0.07717955547577976,0.0
1690209701362061417,682317,0.4203577835673651,0.0770382938311913,0.0
1690209701362081787,682317,0.4203051399249284,0.07707059860021506,0.0
1690209701362091214,682317,0.4203325864431619,0.07706393779012047,0.0
1690209701362357246,682317,0.4204141793007429,0.07696073627024017,0.0
1690209701362369610,682317,0.4204044637399565,0.07698268272603488,0.0
1690209701362383682,682317,0.4204257176786378,0.0770252790777975,0.0
1690209701362389215,682317,0.42031173447013326,0.07711816432058972,0.0
1690209701362395515,682317,0.4203418549023138,0.07708592904319733,0.0
1690209701362401606,682317,0.42026826887686003,0.07714252085813783,0.0
1690209701362636351,682317,0.4202752646714791,0.07715542354090808,0.0
1690209701368730862,682318,0.4202769137680354,0.07714840561451097,0.0
1690209701369050514,682318,0.42020667096122033,0.07713798440169944,0.0
1690209701369687188,682318,0.4201922354162688,0.07715815446505926,0.0
1690209701369781744,682318,0.4201840103828872,0.07717067758946695,0.0
1690209701370044474,682318,0.4201715405928068,0.07714141227272096,0.0
1690209701370055612,682318,0.4200743219156107,0.07722043003480138,0.0
1690209701370067284,682318,0.4200587955758536,0.07723668888045794,0.0
1690209701370074065,682318,0.4201523251517302,0.07717367035038548,0.0
1690209701370081520,682318,0.42010432031720646,0.07722171393888182,0.0
1690209701370107607,682318,0.42007248667154884,0.07732059752392773,0.0
1690209701378669228,682319,0.4201080571418295,0.07729390423990835,0.0
1690209701378829597,682319,0.4201332576109094,0.07732849690694779,0.0
1690209701379743787,682319,0.420149189210217,0.0773778835151721,0.0
1690209701379909642,682319,0.4200966887780394,0.0774726702180784,0.0
1690209701380391432,682319,0.4200762606972574,0.07750445562196592,0.0
1690209701380408235,682319,0.41996903480191505,0.07757497196281585,0.0
1690209701380419233,682319,0.4199386527730932,0.07764433542528584,0.0
1690209701380427803,682319,0.4199047617273882,0.07761852774433943,0.0
1690209701380453025,682319,0.4198249776708617,0.07766182493187478,0.0
1690209701380474425,682319,0.41980740028245866,0.077576389919466,0.0
1690209701387651325,682320,0.41981997125009857,0.07753739392062518,0.0
1690209701388274919,682320,0.4199548375277644,0.07738394888222096,0.0
1690209701388608633,682320,0.41994240011247563,0.07732443980881988,0.0
1690209701388764119,682320,0.4200702414479759,0.07718733072510559,0.0
1690209701388924343,682320,0.42014506123009265,0.07707039896850004,0.0
1690209701389144491,682320,0.42028101936812934,0.07701323888130562,0.0
1690209701389159563,682320,0.42035708854774717,0.07689778413965336,0.0
1690209701389166817,682320,0.4203764243187583,0.0769012266259321,0.0
1690209701389173252,682320,0.42046154352016446,0.07681213698194275,0.0
1690209701389191856,682320,0.4204605857282452,0.07678886529417758,0.0
1690209701393600064,682321,0.4205231626523944,0.07677485462432862,0.0
1690209701394582600,682321,0.42038610801384046,0.0768931721237715,0.0
1690209701394746743,682321,0.42042259090460216,0.07684059898138766,0.0
1690209701395110506,682321,0.420359773008292,0.07688504870682099,0.0
1690209701395176550,682321,0.4203550718700685,0.07691799036620275,0.0
1690209701395435158,682321,0.42035831402139057,0.07690282811361382,0.0
1690209701395445064,682321,0.42029577203471724,0.07696313704563576,0.0
1690209701395457126,682321,0.42025375381725544,0.0770211133418965,0.0
1690209701395466389,682321,0.42023341793195645,0.07705384039067241,0.0
1690209701395472234,682321,0.4201897335943803,0.07710655962045822,0.0
1690209701403980250,682322,0.4200646792769046,0.07725488097910224,0.0
1690209701404875205,682322,0.4200490555754785,0.07723325045471076,0.0
1690209701405118040,682322,0.42002046282838734,0.07730596398633115,0.0
1690209701405262415,682322,0.4199985776532491,0.07737956978086002,0.0
1690209701405276345,682322,0.4199188313252189,0.07746168651182801,0.0
1690209701405539548,682322,0.41990162581397317,0.07751561476981966,0.0
1690209701405545644,682322,0.4198334497225146,0.07758131745612776,0.0
1690209701405551982,682322,0.4198725430951774,0.07758631849432457,0.0
1690209701405562591,682322,0.41980157079996083,0.07765483111283908,0.0
1690209701405572021,682322,0.4197884371631342,0.07767604980427494,0.0
1690209701411617154,682323,0.41979177108238397,0.07769951414137571,0.0
1690209701412111912,682323,0.41976941373549737,0.07773413979337278,0.0
1690209701412358927,682323,0.4197362297577287,0.07776463034446002,0.0
1690209701412371173,682323,0.4196786186689168,0.07780999337644623,0.0
1690209701412394773,682323,0.4197021814977237,0.07775617199869214,0.0
1690209701412415879,682323,0.4197236970517071,0.07770283936099044,0.0
1690209701412426394,682323,0.41967822466134413,0.07772535225114123,0.0
1690209701412435820,682323,0.41971291465912747,0.07770300619571094,0.0
1690209701412442356,682323,0.41976092469293047,0.07756267917709035,0.0
1690209701412481439,682323,0.419777657408064,0.0775153054365262,0.0
1690209701419720359,682324,0.4197875608735576,0.07747926818350137,0.0
1690209701420730530,682324,0.4198653871349133,0.07733576454990619,0.0
1690209701420940624,682324,0.4199000673471158,0.07726285211709912,0.0
1690209701420988053,682324,0.41984583738258746,0.07727421081305919,0.0
1690209701421272610,682324,0.4199526713282483,0.07714188136475636,0.0
1690209701421282130,682324,0.4199763202226891,0.07706171952159982,0.0
1690209701421304550,682324,0.4200169526482177,0.0770077314477977,0.0
1690209701421315702,682324,0.4200731570967226,0.07691622293422497,0.0
1690209701421324794,682324,0.4201030546692673,0.0769268054034383,0.0
1690209701421336750,682324,0.4201468704674296,0.0768695187912594,0.0
1690209701430347215,682325,0.4201601455246743,0.0768488479626363,0.0
1690209701431756389,682325,0.42017094974529645,0.07689926985084221,0.0
1690209701432152728,682325,0.42021350151438014,0.07687779423715861,0.0
1690209701432163483,682325,0.4202279533223595,0.07689401306945556,0.0
1690209701432173450,682325,0.4201129317637291,0.07705937302166144,0.0
1690209701432187025,682325,0.42011813662939096,0.07710368325590797,0.0
1690209701432218594,682325,0.4200730025053443,0.07709625287126737,0.0
1690209701432233539,682325,0.4199457508868171,0.0772654850446218,0.0
1690209701432243212,682325,0.419929623717235,0.07732181673955522,0.0
1690209701432260836,682325,0.41985835588018744,0.0773733872599098,0.0
1690209701438523111,682326,0.41976855699236026,0.07749213048473914,0.0
1690209701438653460,682326,0.419688299178906,0.07755656095952494,0.0
1690209701438891462,682326,0.41971354200411615,0.0775440414959192,0.0
1690209701438901750,682326,0.41963893830799087,0.07762172420692233,0.0
1690209701438930737,682326,0.419577988967018,0.07767609022913244,0.0
1690209701438942251,682326,0.4195877130310466,0.07769482143457737,0.0
1690209701438950641,682326,0.41956999364498465,0.07770957630101454,0.0
1690209701438956848,682326,0.4196922967573618,0.07759721596853578,0.0
1690209701438965365,682326,0.41970620292260963,0.07759558635181403,0.0
1690209701438974779,682326,0.4197429309381468,0.07762536821688015,0.0
1690209701444833657,682327,0.4197984321486232,0.07753420377298786,0.0
1690209701445438577,682327,0.41974972102157304,0.07757120434913198,0.0
1690209701445573415,682327,0.4198041771133908,0.07754330177678195,0.0
1690209701445918741,682327,0.41983082143529793,0.07741768671851434,0.0
1690209701445937416,682327,0.4198446113606646,0.0773709804342165,0.0
1690209701445949913,682327,0.4197974830931166,0.0773882423540913,0.0
1690209701445959352,682327,0.41985455712236786,0.07727443118687098,0.0
1690209701445969175,682327,0.41988331280370383,0.0771874385763376,0.0
1690209701445980516,682327,0.41984904378326937,0.07720270802400143,0.0
1690209701446006745,682327,0.4199952176454258,0.07704144397400563,0.0
1690209701453990472,682328,0.42001544366241894,0.07695612795937504,0.0
1690209701455765612,682328,0.4200486598684472,0.07694511511839289,0.0
1690209701455863182,682328,0.42011011355028516,0.07686561536194322,0.0
1690209701456283219,682328,0.42019089320938247,0.07684090726194623,0.0
1690209701456309533,682328,0.42023777115163197,0.07680820282849321,0.0
1690209701456342740,682328,0.42019468728627735,0.07686627497711034,0.0
1690209701456384477,682328,0.420261648414471,0.07690756583718378,0.0
1690209701456408600,682328,0.4202100155950204,0.0769681934551859,0.0
1690209701456426344,682328,0.4201800325057194,0.07702806415447262,0.0
1690209701456462665,682328,0.4200629037063851,0.07719457446693091,0.0
1690209701461034811,682329,0.4200228197717649,0.07728431544566816,0.0
1690209701461442920,682329,0.41996429137641156,0.07732612197682201,0.0
1690209701461600602,682329,0.4197792198181078,0.07754826564491793,0.0
1690209701461715250,682329,0.41978776490384107,0.07756505109479969,0.0
1690209701461828723,682329,0.41979819811145386,0.0774694915488974,0.0
1690209701461906833,682329,0.4197297058960179,0.07756450561040822,0.0
1690209701462367723,682329,0.4196793213896897,0.07759319497537272,0.0
1690209701462470797,682329,0.4197469725722146,0.0774720551888111,0.0
1690209701462589651,682329,0.41971765427220364,0.07750276500159377,0.0
1690209701462596560,682329,0.4197189935535084,0.07754214966579735,0.0
1690209701469499954,682330,0.41987261718467134,0.07737471220397388,0.0
1690209701470363726,682330,0.41985542931416403,0.07737106175463021,0.0
1690209701470552277,682330,0.41989295291711076,0.07738254222649894,0.0
1690209701470715843,682330,0.41998892172157926,0.07726361454996801,0.0
1690209701471024396,682330,0.4200362351262955,0.07722947221991863,0.0
1690209701471033640,682330,0.4200069966835853,0.07725097059166976,0.0
1690209701471039458,682330,0.4199941098804046,0.07723669930723309,0.0
1690209701471058782,682330,0.42004478235653625,0.07715425751211051,0.0
1690209701471078405,682330,0.4200368370981201,0.07709640710832966,0.0
1690209701471103636,682330,0.42005030705070295,0.07705413194271281,0.0
1690209701477958358,682331,0.4200930251495066,0.07701030857573361,0.0
1690209701479437754,682331,0.42015028459550496,0.07692302157918934,0.0
1690209701479531802,682331,0.42016605804405655,0.07687716324779031,0.0
1690209701479545208,682331,0.4201934101252405,0.07691400548954568,0.0
1690209701479551405,682331,0.4203319467989062,0.07678170112403518,0.0
1690209701479558779,682331,0.42033045778473876,0.07679284249490097,0.0
1690209701479603205,682331,0.42037350684099956,0.07684251723348748,0.0
1690209701479615759,682331,0.4204241893054922,0.07681613535206529,0.0
1690209701479625193,682331,0.4204411972135956,0.07685899216280859,0.0
1690209701479635086,682331,0.420352915129131,0.07697229984679373,0.0
1690209701485475125,682332,0.42034101156597153,0.07701563041276792,0.0
1690209701485811177,682332,0.4204028302669329,0.07693254049304774,0.0
1690209701486233346,682332,0.420267534332901,0.07705785230331427,0.0
1690209701486543463,682332,0.42023947337200834,0.07708720050644471,0.0
1690209701487359503,682332,0.42013853052653544,0.07713151684046275,0.0
1690209701487420374,682332,0.42011654992540415,0.07716553674258263,0.0
1690209701487648949,682332,0.4200936156236579,0.07717455811011964,0.0
1690209701487658035,682332,0.42007032054795895,0.07721234922768916,0.0
1690209701487662543,682332,0.42010280523319676,0.0771566628865931,0.0
1690209701487706608,682332,0.42004333592903376,0.07718799142755245,0.0
1690209701493928226,682333,0.4201105865178329,0.07712910555006404,0.0
1690209701494876132,682333,0.4201062071669081,0.0771558806999324,0.0
1690209701494947342,682333,0.4201182346442797,0.07709871213713797,0.0
1690209701495332600,682333,0.4200843170439644,0.07711865480258115,0.0
1690209701495347738,682333,0.4201129337572186,0.07710438943685971,0.0
1690209701495374773,682333,0.42016030708632013,0.0770739796060247,0.0
1690209701495387768,682333,0.4201167891774855,0.07710709255340445,0.0
1690209701495400170,682333,0.4200816797636078,0.0771596904353689,0.0
1690209701495410311,682333,0.42014251143595344,0.0771000560022711,0.0
1690209701495438975,682333,0.42013355757938875,0.0770981193798247,0.0
1690209701503897280,682334,0.42011087718317947,0.07719600693926278,0.0
1690209701504909297,682334,0.42009136164417404,0.07722737644121616,0.0
1690209701505079882,682334,0.4201081912454899,0.07724042410573717,0.0
1690209701505211832,682334,0.42011581176725366,0.07721117907694862,0.0
1690209701505651062,682334,0.42005928864595893,0.0772921235019688,0.0
1690209701505664480,682334,0.42004479893997104,0.07728421605267578,0.0
1690209701505672237,682334,0.41989896014346084,0.07739754715944544,0.0
1690209701505721193,682334,0.4199175198954984,0.07737224293787169,0.0
1690209701505735056,682334,0.4199219017709998,0.07732569960429879,0.0
1690209701505748789,682334,0.41995391784659736,0.07728618529608887,0.0
1690209701511273473,682335,0.41989998739011547,0.07723170377399063,0.0
1690209701512180055,682335,0.4199686115372729,0.07715034824127417,0.0
1690209701512228732,682335,0.4200555692692164,0.07704100738521376,0.0
1690209701512393673,682335,0.4200649101276255,0.0770715740808174,0.0
1690209701512566119,682335,0.42013479469660275,0.0769906865882189,0.0
1690209701512580875,682335,0.42014979904736216,0.07696180086875715,0.0
1690209701512594823,682335,0.4203064978585677,0.07683195967800407,0.0
1690209701512602177,682335,0.4203229543168001,0.07679775611566234,0.0
1690209701512610192,682335,0.4203421065401235,0.07682259393901228,0.0
1690209701512615129,682335,0.4202657806492408,0.07687536268877862,0.0
1690209701519791076,682336,0.42027643115897406,0.07686442419630207,0.0
1690209701520146773,682336,0.42026709045144806,0.07688785050345102,0.0
1690209701520551686,682336,0.4202083697470548,0.07696122381739089,0.0
1690209701520675202,682336,0.42022369118292396,0.07692706830787434,0.0
1690209701520838990,682336,0.4201246697979111,0.07697790913777901,0.0
1690209701520850075,682336,0.4201557622180853,0.07697530717067592,0.0
1690209701520859928,682336,0.4201442105951152,0.07699287630088598,0.0
1690209701520868661,682336,0.42009032034960614,0.07701599866558388,0.0
1690209701520882953,682336,0.4200557399774478,0.07705364280604905,0.0
1690209701520885603,682336,0.420060892125613,0.07703342274138297,0.0
1690209701528773365,682337,0.42009320016143653,0.07703040567240352,0.0
1690209701528914432,682337,0.42006043364049306,0.0770758234200166,0.0
1690209701529274873,682337,0.4200392113805371,0.077096463535504,0.0
1690209701529289661,682337,0.42007470013723386,0.07707275307229536,0.0
1690209701529295130,682337,0.42006106867203175,0.07710683041750312,0.0
1690209701529303919,682337,0.4200518662103959,0.07718814861917331,0.0
1690209701529311017,682337,0.4199736589837572,0.077271687684442,0.0
1690209701529316323,682337,0.41994662136253963,0.07727637441820652,0.0
1690209701529348198,682337,0.4199861030912208,0.07722973870684299,0.0
1690209701529367872,682337,0.41995341371088935,0.07727583783235607,0.0
1690209701536698648,682338,0.41991661670885455,0.07729076723395246,0.0
1690209701537268362,682338,0.41983122167493825,0.0773397068751291,0.0
1690209701537308988,682338,0.41985323342574243,0.07728043269372313,0.0
1690209701537463398,682338,0.41993233761957427,0.07716381825569771,0.0
1690209701537468206,682338,0.4199818213327158,0.07709924340491651,0.0
1690209701537471099,682338,0.41999907994135666,0.07703780895104935,0.0
1690209701537475650,682338,0.42010800693306516,0.07691355875056699,0.0
1690209701537490024,682338,0.42019075064482386,0.07682371946636808,0.0
1690209701537493962,682338,0.42026378445735957,0.07682972358203576,0.0
1690209701537505833,682338,0.42027320285410485,0.07679265938882468,0.0
1690209701544176485,682339,0.4202738126803787,0.07676845034619388,0.0
1690209701544401512,682339,0.4203143370196575,0.0767534815991967,0.0
1690209701544480345,682339,0.42034115213551,0.07672365067333553,0.0
1690209701544485581,682339,0.4203314433190037,0.07672517093343231,0.0
1690209701544489977,682339,0.4201036991471476,0.07691929729675326,0.0
1690209701544492499,682339,0.42014152321268194,0.07687935406253399,0.0
1690209701544520922,682339,0.4201150800856619,0.07684019588259366,0.0
1690209701544528046,682339,0.42003928246832267,0.07693630803777471,0.0
1690209701544532967,682339,0.42002073780495874,0.07695637900248975,0.0
1690209701544539645,682339,0.41998052414415427,0.07692098902581017,0.0
1690209701553572004,682340,0.4200368727907266,0.07690038287558278,0.0
1690209701553747832,682340,0.42000005451205696,0.07696913578273204,0.0
1690209701554309698,682340,0.42003820326230645,0.07700008734435428,0.0
1690209701554552621,682340,0.41999189944955945,0.07706693087830165,0.0
1690209701555169465,682340,0.4199713609101088,0.07713060088752932,0.0
1690209701555189993,682340,0.42006701650929656,0.07709370811312705,0.0
1690209701555200978,682340,0.42001713164746957,0.07718533810858785,0.0
1690209701555219962,682340,0.41997315247614087,0.0772621921436081,0.0
1690209701555235609,682340,0.4198628626944711,0.07736940597395986,0.0
1690209701555245522,682340,0.41986625952782974,0.07735215937931997,0.0
1690209701563564675,682341,0.4198149821218945,0.07736483389712914,0.0
1690209701563894342,682341,0.4196719844337998,0.07749082035742692,0.0
1690209701564115016,682341,0.4196682506305454,0.0774313956856982,0.0
1690209701564343428,682341,0.4196626127961898,0.07732763893334818,0.0
1690209701564511500,682341,0.41967987840091475,0.07729598561210663,0.0
1690209701564527575,682341,0.41968056020328903,0.07726096814366727,0.0
1690209701564556635,682341,0.4197639083653222,0.07711305902046985,0.0
1690209701564573725,682341,0.4197998304938534,0.07701319235846595,0.0
1690209701564589095,682341,0.4198958482406815,0.07692746834239725,0.0
1690209701564610753,682341,0.42011573312394446,0.07668562893678006,0.0
1690209701570181806,682342,0.4201613995560681,0.0766257071047281,0.0
1690209701570569329,682342,0.4202568349689923,0.07653425598683222,0.0
1690209701571416392,682342,0.42033396731528044,0.0764257183518242,0.0
1690209701571500330,682342,0.4204402114129504,0.07641662036334038,0.0
1690209701571747732,682342,0.42039627106031224,0.07643385392315466,0.0
1690209701571759472,682342,0.42038699189551154,0.07642811318943511,0.0
1690209701571765618,682342,0.42042852160711286,0.07640916708089399,0.0
1690209701571784338,682342,0.4204371089393799,0.07639999761294249,0.0
1690209701571796560,682342,0.42042977507634866,0.07642716351041942,0.0
1690209701571807667,682342,0.4202663297321473,0.07663751840420853,0.0
1690209701577989945,682343,0.42031404251618343,0.07660102442187681,0.0
1690209701579256104,682343,0.42031044947715246,0.07659691452143616,0.0
1690209701579613410,682343,0.42024310850013197,0.07672661650647135,0.0
1690209701579816611,682343,0.4201890134255585,0.0768217094796267,0.0
1690209701579835189,682343,0.4201553167785647,0.07680626436067081,0.0
1690209701579857662,682343,0.4200014143827767,0.07700045855177141,0.0
1690209701579865703,682343,0.4199708538486733,0.0770824070939098,0.0
1690209701579875578,682343,0.4199424814627326,0.07707086801475577,0.0
1690209701579883494,682343,0.4197872373582158,0.0772286664924365,0.0
1690209701579915190,682343,0.4196984693824044,0.07726443742593306,0.0
1690209701586084818,682344,0.41969807001848003,0.07731371715635033,0.0
1690209701586651626,682344,0.4196846602920393,0.07733231062884277,0.0
1690209701587321628,682344,0.41961673614276984,0.07737560307609267,0.0
1690209701587428632,682344,0.4196441038269779,0.07736831509278508,0.0
1690209701587725737,682344,0.41967262758935153,0.07735047452120168,0.0
1690209701587743524,682344,0.41978729507872337,0.07723611239159836,0.0
1690209701587769088,682344,0.4197438504376606,0.07728241288926266,0.0
1690209701587778515,682344,0.41979274891223767,0.07727819575794648,0.0
1690209701587788483,682344,0.4198872927109716,0.07709724046953303,0.0
1690209701587798991,682344,0.4198654277127395,0.07711095018077452,0.0
1690209701594324642,682345,0.4198998898758446,0.0770929031932972,0.0
1690209701594739460,682345,0.4199273307682919,0.07697891607766201,0.0
1690209701595319577,682345,0.419979462499941,0.07685951858260888,0.0
1690209701595494322,682345,0.41993542438502585,0.07690099261347391,0.0
1690209701595771362,682345,0.4200923370550558,0.07672241325810825,0.0
1690209701595786677,682345,0.4201209949684907,0.07665779437754422,0.0
1690209701595814610,682345,0.420101765101244,0.07666545134911051,0.0
1690209701595823114,682345,0.42022034951277204,0.07652704133871438,0.0
1690209701595830988,682345,0.42031056616737716,0.0764827807471412,0.0
1690209701595915130,682345,0.4202927573384637,0.07650182135875412,0.0
1690209701602238688,682346,0.42027731974112126,0.07650117687604192,0.0
1690209701603236316,682346,0.4203133010089518,0.07647844136472952,0.0
1690209701603592944,682346,0.42028972993322367,0.07652158630423317,0.0
1690209701603690377,682346,0.42025743941663307,0.0765749558408247,0.0
1690209701604032633,682346,0.4201700720765855,0.07671733392703955,0.0
1690209701604046600,682346,0.4201088902827901,0.07679602883080697,0.0
1690209701604058618,682346,0.42005867047721446,0.0768442457621626,0.0
1690209701604070478,682346,0.42002154699179417,0.07695825446108408,0.0
1690209701604100480,682346,0.4200161599701321,0.07702998918663546,0.0
1690209701604113215,682346,0.41997375167004075,0.07705650394382521,0.0
1690209701611001484,682347,0.41986282115968787,0.07719236501857543,0.0
1690209701611007884,682347,0.4198608658330753,0.07724769530694509,0.0
1690209701611559549,682347,0.4198942337750496,0.0771722001678909,0.0
1690209701612415373,682347,0.4197537308759724,0.07731061416860283,0.0
1690209701612656412,682347,0.4197090977172176,0.07731043373526637,0.0
1690209701612933769,682347,0.41974368091584946,0.0772025604390394,0.0
1690209701612978436,682347,0.4197305829913137,0.077191207042859,0.0
1690209701612993053,682347,0.41969088214042605,0.07718362341980954,0.0
1690209701613003962,682347,0.4197997527728393,0.07702283958339633,0.0
1690209701613044001,682347,0.4198360153035626,0.07691296073201569,0.0
1690209701620976059,682348,0.4198979995748048,0.07684215106163703,0.0
1690209701621242805,682348,0.4200858622876211,0.07661655540839299,0.0
1690209701621341108,682348,0.42012599876457435,0.07655648209452406,0.0
1690209701622012325,682348,0.42020212623720676,0.07648703461173331,0.0
1690209701622161463,682348,0.42029872733711365,0.07637727517129538,0.0
1690209701622329144,682348,0.42039683248753895,0.07636267634313747,0.0
1690209701622473143,682348,0.42035346860621914,0.07640895975938923,0.0
1690209701622683236,682348,0.4203328958783292,0.07640708239633241,0.0
1690209701622696627,682348,0.420320828895569,0.07643919970156514,0.0
1690209701622704548,682348,0.4202594119845736,0.07649201552488503,0.0
1690209701629032367,682349,0.4202359882628352,0.07651772133712716,0.0
1690209701629481509,682349,0.42006594957615373,0.07669362265299778,0.0
1690209701630224946,682349,0.42001987531284557,0.07674392914478342,0.0
1690209701630339729,682349,0.4199905708951017,0.07673864492582613,0.0
1690209701630663382,682349,0.41990517133306404,0.07688103447727404,0.0
1690209701630683176,682349,0.41988393631151866,0.07694938504890933,0.0
1690209701630694021,682349,0.4198397000142321,0.07694115019857155,0.0
1690209701630705615,682349,0.4197702162203607,0.07705169566854439,0.0
1690209701630752579,682349,0.41973893696380044,0.07714591900564499,0.0
1690209701630758478,682349,0.41974216241040896,0.07714372325937967,0.0
1690209701635326193,682350,0.41962725104044335,0.07726279737253051,0.0
1690209701636583563,682350,0.41956567626281555,0.07730838337609938,0.0
1690209701636824416,682350,0.41963561777750075,0.07726976419692233,0.0
1690209701637058642,682350,0.41961125515337505,0.07728085651422828,0.0
1690209701637066969,682350,0.419550764507486,0.07735538203037758,0.0
1690209701637070126,682350,0.4195856046093242,0.07731584003043035,0.0
1690209701637095325,682350,0.4196150612287389,0.07725490697084256,0.0
1690209701637107293,682350,0.4197334235953982,0.07714377451368301,0.0
1690209701637114843,682350,0.41972455750038085,0.07710631113178502,0.0
1690209701637123171,682350,0.4197894791076341,0.07705676602939207,0.0
1690209701644807118,682351,0.4198573589710123,0.07688524574723272,0.0
1690209701645154559,682351,0.41987811808465514,0.07683224224361668,0.0
1690209701646030831,682351,0.4199699537144579,0.07680140101416924,0.0
1690209701646435954,682351,0.4199355250264138,0.07675060209132163,0.0
1690209701646465372,682351,0.4199807451861643,0.07665861707573508,0.0
1690209701646894678,682351,0.4199435480703724,0.07669522024489829,0.0
1690209701646903842,682351,0.4200829609797302,0.07655487715256733,0.0
1690209701646910030,682351,0.42010101598293836,0.07649767480461313,0.0
1690209701646931710,682351,0.4199581449396657,0.07666939431588571,0.0
1690209701646970991,682351,0.420060972478601,0.07656628489555567,0.0
1690209701652679385,682352,0.42008266527631666,0.0765403655320173,0.0
1690209701653465763,682352,0.4200542850089242,0.0766177357776781,0.0
1690209701653621494,682352,0.4200142488722124,0.0766610629096112,0.0
1690209701653935520,682352,0.42003350623977914,0.07661838889784961,0.0
1690209701653948568,682352,0.4199858641596421,0.07669864763406012,0.0
1690209701653957416,682352,0.4199537800758902,0.07675330877536977,0.0
1690209701653977843,682352,0.4198925810641134,0.07685438920886473,0.0
1690209701653987278,682352,0.4198083872057631,0.07696541042180902,0.0
1690209701653998085,682352,0.4197456878294161,0.07701150621731394,0.0
1690209701654012180,682352,0.419688702959771,0.07712652947018693,0.0
1690209701661390103,682353,0.4196580710423957,0.07720234872746128,0.0
1690209701662566736,682353,0.4195807479068849,0.07725975016578977,0.0
1690209701662669613,682353,0.41949059452636295,0.07738436705497136,0.0
1690209701663053273,682353,0.41947150827526547,0.07744420931610824,0.0
1690209701663069923,682353,0.4195309145662977,0.07735436361554976,0.0
1690209701663079199,682353,0.41939352668729,0.07748198653411294,0.0
1690209701663094537,682353,0.41934197705510057,0.07749497174996868,0.0
1690209701663110338,682353,0.41941734864906927,0.07736105636955885,0.0
1690209701663121797,682353,0.41939290872483603,0.07738156416307394,0.0
1690209701663130833,682353,0.41936083766251575,0.0774094809946517,0.0
1690209701670190028,682354,0.419425187164794,0.0772838566197255,0.0
1690209701671625798,682354,0.41947794289432283,0.0771645119054643,0.0
1690209701671784767,682354,0.4195501805587074,0.07711232920410308,0.0
1690209701671795084,682354,0.41967204013253956,0.07695937447672033,0.0
1690209701672121014,682354,0.419680079922732,0.07691470181753238,0.0
1690209701672132954,682354,0.41969960486714086,0.07681169306491471,0.0
1690209701672147609,682354,0.41975415734695753,0.07672675311999638,0.0
1690209701672156082,682354,0.4198173667054864,0.07668210662960506,0.0
1690209701672168510,682354,0.41978620510938647,0.07664146209940043,0.0
1690209701672196001,682354,0.41978245460744257,0.07659630000136834,0.0
1690209701678470802,682355,0.41978847258251867,0.07657762799761147,0.0
1690209701679141548,682355,0.41986937929774987,0.07648606034271953,0.0
1690209701679331047,682355,0.4198800375793159,0.07646383930868864,0.0
1690209701679552285,682355,0.41972768080407324,0.07665037460341592,0.0
1690209701679696372,682355,0.41981715103016953,0.07656394202201913,0.0
1690209701679708455,682355,0.4197945103146329,0.07656872313094451,0.0
1690209701679720946,682355,0.4197278737239152,0.07669172306631379,0.0
1690209701679727612,682355,0.419716036736599,0.07674781848368482,0.0
1690209701679757644,682355,0.41969605942537064,0.0767174841787729,0.0
1690209701679774909,682355,0.41959428926065917,0.07685054882474263,0.0
1690209701685740729,682356,0.41955776850310195,0.07694273164205036,0.0
1690209701686525793,682356,0.4195574483803158,0.07694908999365359,0.0
1690209701686662229,682356,0.4194508212262348,0.07707933468485074,0.0
1690209701686772034,682356,0.4193910217412069,0.07710990674209231,0.0
1690209701687044425,682356,0.4194827261498056,0.0770532924729588,0.0
1690209701687162664,682356,0.4194623018336896,0.0770852032939538,0.0
1690209701687412273,682356,0.41939581813547216,0.07716753368934054,0.0
1690209701687434317,682356,0.4194097202121553,0.07715881806027945,0.0
1690209701687451319,682356,0.4194300747205867,0.07712136884776745,0.0
1690209701687466075,682356,0.41954558463432956,0.07701873329609635,0.0
1690209701694879609,682357,0.41950099897890525,0.07704298683408582,0.0
1690209701696070480,682357,0.41954327499420285,0.07700740935823548,0.0
1690209701696273092,682357,0.4195984624400521,0.07683861153926894,0.0
1690209701696581588,682357,0.4195743716965617,0.07684070635234141,0.0
1690209701696760408,682357,0.4196215299205962,0.07682113038216025,0.0
1690209701697138435,682357,0.41960902405129674,0.07675436851257414,0.0
1690209701697155213,682357,0.41965105375150846,0.07666792519424426,0.0
1690209701697170214,682357,0.4196170183297193,0.07670362333604118,0.0
1690209701697188307,682357,0.41978316316837383,0.07652754091704887,0.0
1690209701697218631,682357,0.4197933540904841,0.07647649790258304,0.0
1690209701703786574,682358,0.4197237870551056,0.07657585847664909,0.0
1690209701704234954,682358,0.419825370866012,0.07646392433725796,0.0
1690209701705151482,682358,0.41984086725561415,0.07643961460011613,0.0
1690209701705232159,682358,0.41981746575626566,0.07651491301422388,0.0
1690209701705325849,682358,0.4197837233231649,0.07654641402741298,0.0
1690209701705483970,682358,0.41977791167260453,0.07651811593944782,0.0
1690209701705622451,682358,0.4197484651630017,0.07658662132321632,0.0
1690209701705637491,682358,0.41969959260392126,0.07667046625962587,0.0
1690209701705645906,682358,0.4196395244998127,0.07677054693321958,0.0
1690209701705652311,682358,0.41956496000663873,0.07686703097347866,0.0
1690209701713285621,682359,0.4195311160189848,0.07690996449823116,0.0
1690209701713529965,682359,0.4195341096536418,0.07698858434155259,0.0
1690209701713711055,682359,0.41947795120159703,0.07708447457866004,0.0
1690209701714781733,682359,0.41944292434100494,0.07711659266856521,0.0
1690209701714799717,682359,0.41931858994870524,0.07725873817669611,0.0
1690209701714934998,682359,0.41931117921115135,0.07731840145031427,0.0
1690209701715140996,682359,0.4193033679482362,0.07729715626990682,0.0
1690209701715150280,682359,0.4191579422541724,0.07743319095008613,0.0
1690209701715156910,682359,0.41912202754285693,0.07740730781796872,0.0
1690209701715202125,682359,0.4191350097210914,0.07730395844973474,0.0
1690209701721245575,682360,0.4191263521209492,0.07729052180460333,0.0
1690209701722316391,682360,0.41909845798399203,0.0772752924549383,0.0
1690209701722471203,682360,0.4191762418595809,0.07714439303464982,0.0
1690209701722739342,682360,0.41921502594731275,0.07702626667149515,0.0
1690209701722746398,682360,0.4193476925771121,0.07689201563985776,0.0
1690209701722756289,682360,0.4195172827572561,0.07668609506124632,0.0
1690209701722769121,682360,0.41957055775077473,0.07663018650302247,0.0
1690209701722775749,682360,0.4196628619027679,0.07652171508284049,0.0
1690209701722793089,682360,0.41973739891561707,0.07642766229706215,0.0
1690209701722824179,682360,0.41983189961527956,0.0764405300762943,0.0
1690209701729572940,682361,0.4198005596368515,0.07643611068381029,0.0
1690209701729844871,682361,0.41979488255868463,0.0764207849274282,0.0
1690209701730246562,682361,0.41979636013774696,0.07645029607084752,0.0
1690209701730273023,682361,0.419778300729458,0.07644894287658001,0.0
1690209701730293243,682361,0.41976687794409207,0.07644704547575217,0.0
1690209701730301404,682361,0.4195503712232497,0.07665078434664252,0.0
1690209701730333797,682361,0.41956414992115804,0.07663756043462734,0.0
1690209701730343068,682361,0.419528313965745,0.07660918874507586,0.0
1690209701730350185,682361,0.41944579525059167,0.07673123566872397,0.0
1690209701730386935,682361,0.41944624122248064,0.07674814541240939,0.0
1690209701737984589,682362,0.41940969166338954,0.0767072447331722,0.0
1690209701738854892,682362,0.41942137676926,0.07675191401942388,0.0
1690209701739151600,682362,0.41938126235704476,0.07681841328487866,0.0
1690209701739609148,682362,0.41941896668055023,0.07682727904795067,0.0
1690209701739635640,682362,0.4193534921385456,0.07691179463858877,0.0
1690209701739656429,682362,0.41933132290908126,0.07698532610990835,0.0
1690209701739667443,682362,0.4194362275359991,0.07695120869243044,0.0
1690209701739679204,682362,0.4193764827037688,0.07704233808175436,0.0
1690209701739750035,682362,0.4193239717323516,0.07711981510723655,0.0
1690209701739763916,682362,0.4191993375336282,0.07725252185152814,0.0
1690209701745714411,682363,0.4191940091620223,0.07729835663515915,0.0
1690209701745974259,682363,0.4191841763553557,0.07728910588695893,0.0
1690209701746875799,682363,0.41903932413444867,0.07742544245234953,0.0
1690209701747094176,682363,0.4190211831017412,0.07738905283335352,0.0
1690209701747345762,682363,0.4190159539150755,0.07729756185854443,0.0
1690209701747354131,682363,0.41900543155382414,0.0772819933835296,0.0
1690209701747359090,682363,0.4190011565942213,0.07725336305889356,0.0
1690209701747413446,682363,0.41907774747489784,0.0771158585567207,0.0
1690209701747426845,682363,0.41911404454932943,0.07700405442838774,0.0
1690209701747432698,682363,0.41921991966801964,0.07691109356760463,0.0
1690209701754808922,682364,0.41942654708914645,0.07667258848037597,0.0
1690209701755177908,682364,0.4194517996720012,0.07663408646466299,0.0
1690209701756056575,682364,0.41952671096806704,0.07656847792683442,0.0
1690209701756289606,682364,0.41962099506331085,0.0764709924989482,0.0
1690209701756486477,682364,0.41970860953485273,0.07648153345726631,0.0
1690209701756493514,682364,0.4196535546573749,0.07653412092121689,0.0
1690209701756498493,682364,0.41965653548897863,0.07651079414186199,0.0
1690209701756576694,682364,0.4196558549599958,0.07654668486153286,0.0
1690209701756598435,682364,0.4196323919186165,0.07656592193827381,0.0
1690209701756606694,682364,0.4196326529651811,0.07657001217339462,0.0
1690209701762249179,682365,0.41941730527033305,0.07676907213989584,0.0
1690209701762596635,682365,0.41943753878956413,0.07674663825325236,0.0
1690209701762784949,682365,0.4194177975815289,0.07670651498846293,0.0
1690209701763579093,682365,0.4193336597451052,0.07682779002960598,0.0
1690209701763752571,682365,0.4193029877382755,0.07687995979130613,0.0
1690209701763774276,682365,0.4192692150613317,0.07683845265004238,0.0
1690209701763954649,682365,0.4192410847678847,0.07689950522465916,0.0
1690209701764110629,682365,0.4191875807988822,0.07698561974271687,0.0
1690209701764128365,682365,0.4192127606944691,0.07700152569563294,0.0
1690209701764138964,682365,0.4191330032486649,0.07709851202121029,0.0
1690209701771419080,682366,0.4190730027777346,0.07716326419388389,0.0
1690209701771784650,682366,0.41913779011394087,0.0771740322657971,0.0
1690209701772013754,682366,0.41910384286360225,0.07723486171178962,0.0
1690209701772179767,682366,0.41903744360793527,0.07732711431755573,0.0
1690209701772342707,682366,0.41898087327255323,0.0773853643340062,0.0
1690209701772560417,682366,0.41898435582817606,0.07738869935111554,0.0
1690209701772990532,682366,0.41901756058541884,0.07730975994505956,0.0
1690209701773095894,682366,0.41890418772073323,0.07740591555198241,0.0
1690209701773247806,682366,0.4189089210178787,0.07736489716384229,0.0
1690209701773256338,682366,0.41893634949450176,0.07721834925279929,0.0
1690209701777962132,682367,0.41892624886491947,0.07721321585721207,0.0
1690209701778386824,682367,0.4189252166845198,0.07718466951038665,0.0
1690209701778555133,682367,0.4189939314981997,0.0770462686367571,0.0
1690209701778656682,682367,0.4190466008490861,0.07693513514780338,0.0
1690209701779273859,682367,0.41912242955271717,0.07685605942135433,0.0
1690209701779387295,682367,0.4193233347063758,0.07662605389025211,0.0
1690209701779676225,682367,0.4193525943523983,0.07658724378164283,0.0
1690209701779686668,682367,0.4193962850003238,0.07655525254908767,0.0
1690209701779696578,682367,0.41948227943552985,0.07645276611642556,0.0
1690209701779704079,682367,0.41954945060667787,0.07644401254697847,0.0
1690209701787457475,682368,0.41950870251494393,0.07649654885184753,0.0
1690209701787520952,682368,0.41950647672355423,0.07647313024763074,0.0
1690209701788641070,682368,0.41947463156907105,0.07649784351871802,0.0
1690209701788889882,682368,0.41941902643715356,0.07656379857988668,0.0
1690209701789081123,682368,0.4193990699640294,0.0766008352974288,0.0
1690209701789105048,682368,0.4193468714225044,0.07664395485726927,0.0
1690209701789119396,682368,0.419317571598632,0.07669411168536693,0.0
1690209701789131201,682368,0.41931919402714746,0.07670097364832848,0.0
1690209701789143377,682368,0.4193654623980976,0.076705359573401,0.0
1690209701789153728,682368,0.41932975586267457,0.07679128214921212,0.0
1690209701796207093,682369,0.41929739864173904,0.07682336840115657,0.0
1690209701796311964,682369,0.41930444580815474,0.07684448604595673,0.0
1690209701796658945,682369,0.4192538094011693,0.07692552279304764,0.0
1690209701796768317,682369,0.4192373426950985,0.07699745712151762,0.0
1690209701796968350,682369,0.4191651905325392,0.0770743951900011,0.0
1690209701796983874,682369,0.4191492363522689,0.07709021189315822,0.0
1690209701796996929,682369,0.4191492144120334,0.07706845246189692,0.0
1690209701797008257,682369,0.4191017674269342,0.07711437613602219,0.0
1690209701797018723,682369,0.41907463477552415,0.0771124724790868,0.0
1690209701797025659,682369,0.4190310219074985,0.07710905261627414,0.0
1690209701802809987,682370,0.419057558516456,0.07704083635121474,0.0
1690209701802963471,682370,0.4191175034447908,0.07694114719260402,0.0
1690209701803510758,682370,0.41919046921894604,0.07684551939379111,0.0
1690209701803538647,682370,0.41923409264883926,0.07677953362137717,0.0
1690209701803840463,682370,0.4193264090113365,0.07667620165349816,0.0
1690209701803859277,682370,0.4194258204628518,0.07657393516740912,0.0
1690209701803871510,682370,0.41950651912661624,0.07659564077423765,0.0
1690209701803890129,682370,0.419536436745818,0.07654299897921484,0.0
1690209701803918895,682370,0.41954520182005556,0.0765133178087024,0.0
1690209701803928650,682370,0.4195298355139496,0.07655710616517465,0.0
1690209701810413915,682371,0.41951750054894976,0.07654959447792875,0.0
1690209701810532011,682371,0.4195088533591123,0.07655694783330502,0.0
1690209701810829030,682371,0.4192807860139986,0.07674201885055464,0.0
1690209701810949792,682371,0.4192746781802379,0.07674234202679545,0.0
1690209701811190854,682371,0.4192489773372179,0.07670810650519781,0.0
1690209701811385325,682371,0.41916266813536834,0.07682264637495632,0.0
1690209701811604566,682371,0.41914317410023577,0.07686582124890329,0.0
1690209701811613191,682371,0.41909368489482696,0.07684265135133478,0.0
1690209701811616864,682371,0.4191331659792956,0.0768713204690734,0.0
1690209701811658536,682371,0.4191051562455771,0.07694666281613718,0.0
1690209701820026146,682372,0.4191596646119953,0.07695171196286289,0.0
1690209701820422268,682372,0.4191022577711051,0.07704464812485909,0.0
1690209701821185515,682372,0.419103387510693,0.077094931279042,0.0
1690209701821410394,682372,0.41918129074168964,0.07707891054743056,0.0
1690209701821728191,682372,0.41913730960017415,0.07717168067744345,0.0
1690209701821737272,682372,0.4191080066756512,0.077230111787278,0.0
1690209701821761558,682372,0.4190069890099684,0.07735276534069165,0.0
1690209701821768304,682372,0.41900610487749046,0.07738894222433981,0.0
1690209701821824211,682372,0.41892888570697095,0.07743474552888778,0.0
1690209701821829343,682372,0.41877951546923325,0.07757689755802856,0.0
1690209701827273526,682373,0.4187348161365624,0.07756408837740861,0.0
1690209701828400164,682373,0.41872943226351905,0.07750056755293305,0.0
1690209701828622244,682373,0.41872560968972883,0.07748014168831474,0.0
1690209701828641125,682373,0.4186714726268474,0.07748076090415662,0.0
1690209701828964292,682373,0.41874500165348594,0.07736374583025209,0.0
1690209701828981392,682373,0.41878552191249724,0.07724842912727928,0.0
1690209701828989105,682373,0.4189111417611368,0.0771147180302323,0.0
1690209701828997544,682373,0.4190388148050328,0.07696299525404814,0.0
1690209701829013218,682373,0.4190866604593346,0.07691109886706582,0.0
1690209701829026632,682373,0.41920427598161203,0.0767681621577888,0.0
1690209701836875979,682374,0.4192833102250473,0.07667915042474881,0.0
1690209701837417880,682374,0.4193527380228301,0.07669773974583068,0.0
1690209701837514476,682374,0.4193832075386116,0.0766382995019345,0.0
1690209701837751887,682374,0.41938501540419026,0.07662193814725483,0.0
1690209701838017586,682374,0.4193935810544668,0.07664682502230119,0.0
1690209701838413822,682374,0.41944329868229974,0.07658515854042437,0.0
1690209701838531176,682374,0.4194354078261375,0.07659391471354274,0.0
1690209701838771506,682374,0.41926041442745066,0.07673371537205209,0.0
1690209701838779833,682374,0.41926558895428473,0.07671153129697308,0.0
1690209701838786857,682374,0.4192417066407964,0.07670070590087956,0.0
1690209701844230073,682375,0.4191387837326117,0.07680197176235748,0.0
1690209701844616885,682375,0.41912495685757656,0.07678387858602083,0.0
1690209701845312363,682375,0.4190559472763066,0.07679358657228465,0.0
1690209701845506766,682375,0.41911355896957886,0.0767746365189942,0.0
1690209701845764351,682375,0.4190683079921024,0.07681517968330527,0.0
1690209701845929564,682375,0.4190783761034877,0.07683896793202968,0.0
1690209701845944491,682375,0.41904095969194366,0.07687738637640164,0.0
1690209701845954775,682375,0.41904613506080435,0.07690447177753436,0.0
1690209701845965720,682375,0.41913555636572325,0.07685720311715082,0.0
1690209701846000839,682375,0.4190921149551318,0.07694855973303667,0.0
1690209701852702894,682376,0.4190710606030836,0.07698594601598192,0.0
1690209701853068818,682376,0.41902791842733267,0.07704272210084345,0.0
1690209701854081240,682376,0.41902098547515665,0.07706085454884963,0.0
1690209701854374724,682376,0.41897469836763224,0.07714882379149152,0.0
1690209701854857995,682376,0.41891433129760813,0.07720918481158384,0.0
1690209701854883099,682376,0.4188650329108935,0.07718771619719195,0.0
1690209701854891891,682376,0.41887607776640173,0.07714649506991184,0.0
1690209701854914857,682376,0.41888528155251725,0.07711562090488075,0.0
1690209701854936450,682376,0.41887028009518557,0.07710563769907898,0.0
1690209701854950011,682376,0.4188301249053691,0.07709787470545605,0.0
1690209701861288844,682377,0.41884024754165994,0.07708539557443783,0.0
1690209701861472179,682377,0.41893214157303255,0.07696539095844435,0.0
1690209701862515583,682377,0.41888836185939493,0.07699552145462846,0.0
1690209701862703231,682377,0.4189073508293375,0.07697829200229468,0.0
1690209701863034139,682377,0.41884806831145316,0.07701238012906209,0.0
1690209701863053398,682377,0.41892685248083444,0.07694940478611297,0.0
1690209701863076387,682377,0.418927568095243,0.07696161521437632,0.0
1690209701863093391,682377,0.41891052094053227,0.07699108771418416,0.0
1690209701863142643,682377,0.4189420496242292,0.07694389422202746,0.0
1690209701863154490,682377,0.4188931195640089,0.07698122841778042,0.0
1690209701869845437,682378,0.41891324939400143,0.07697076955558116,0.0
1690209701870131829,682378,0.4189051005342258,0.07700586396167004,0.0
1690209701870461150,682378,0.4188723314231805,0.07699639060508527,0.0
1690209701871608679,682378,0.4187972869964246,0.07705963858976543,0.0
1690209701871980128,682378,0.4188326926163997,0.07701681239300591,0.0
1690209701872106095,682378,0.41880907954576685,0.07704918572117295,0.0
1690209701872124480,682378,0.41878589079620543,0.07707453917944171,0.0
1690209701872136588,682378,0.4187456682459866,0.07710141704813489,0.0
1690209701872147531,682378,0.41879601080435735,0.07706308897715189,0.0
1690209701872183940,682378,0.41877533678096135,0.07710098798856806,0.0
1690209701877612064,682379,0.4187711944907458,0.07718569431287675,0.0
1690209701878508012,682379,0.418726357274264,0.07722893648278904,0.0
1690209701878581587,682379,0.41872736463872234,0.07725228251220742,0.0
1690209701878913848,682379,0.41874177205582946,0.07722853380332921,0.0
1690209701878927860,682379,0.41868740279295064,0.07733440417182416,0.0
1690209701878948313,682379,0.41868042377400083,0.07732333104027314,0.0
1690209701878955666,682379,0.41853343591590964,0.07743791391223838,0.0
1690209701878964811,682379,0.41854233376768213,0.07741354857062972,0.0
1690209701878975348,682379,0.4185294855917747,0.07738782953090426,0.0
1690209701878982455,682379,0.4185428245724918,0.07735859888535666,0.0
1690209701887627776,682380,0.4184913090338199,0.07729825684473038,0.0
1690209701887756746,682380,0.4185363553437613,0.07724341569590518,0.0
1690209701888151449,682380,0.41861458991745293,0.07715298924210419,0.0
1690209701888291638,682380,0.41865126118715124,0.0771590420001656,0.0
1690209701888694330,682380,0.4187299937734572,0.0770859767970271,0.0
1690209701888713342,682380,0.4187400289579257,0.07704983156796423,0.0
1690209701888725984,682380,0.4189250776278246,0.076886197787641,0.0
1690209701888739578,682380,0.41893078057008204,0.07686618652384349,0.0
1690209701888755703,682380,0.4189551042492762,0.07689756525453365,0.0
1690209701888772853,682380,0.4188884883880215,0.07694055473129573,0.0
1690209701894286884,682381,0.4188949827716475,0.07693291688726246,0.0
1690209701895230373,682381,0.4189275952488184,0.07695149795169473,0.0
1690209701895420521,682381,0.4188521422834687,0.07702572342851903,0.0
1690209701895637060,682381,0.418873486572477,0.0769892945977669,0.0
1690209701895650263,682381,0.41879393184513386,0.07702723798760372,0.0
1690209701895666093,682381,0.4188293884919501,0.07702006137975413,0.0
1690209701895681108,682381,0.418827865460913,0.07704109695888847,0.0
1690209701895691450,682381,0.41876657172250037,0.07706307431209188,0.0
1690209701895706874,682381,0.41871769235221745,0.07710705386310115,0.0
1690209701895741418,682381,0.41872686864967423,0.07706645656301037,0.0
1690209701903548631,682382,0.41872115443371405,0.07709163398245834,0.0
1690209701903907053,682382,0.41868702863043317,0.07712457301557545,0.0
1690209701904311151,682382,0.4186585068765421,0.07713842126405106,0.0
1690209701904326825,682382,0.41873188804687045,0.07709280942934621,0.0
1690209701904335305,682382,0.418728335505494,0.07711446148393104,0.0
1690209701904374225,682382,0.41873362695927674,0.07717746536708164,0.0
1690209701904383289,682382,0.4187161825222597,0.07719488384467146,0.0
1690209701904390388,682382,0.4187161397193238,0.07723290385639149,0.0
1690209701904401343,682382,0.41874865698891717,0.0772020864743275,0.0
1690209701904411259,682382,0.41868438905042193,0.07731296808037463,0.0
1690209701910329027,682383,0.4186357064227097,0.07734881728699976,0.0
1690209701910584349,682383,0.4185206869610318,0.07744561456856086,0.0
1690209701911029224,682383,0.4185124538896392,0.07744988736847777,0.0
1690209701911114674,682383,0.4184713893538703,0.07747091162825066,0.0
1690209701911259420,682383,0.41845816559387583,0.07747144903391173,0.0
1690209701911275740,682383,0.4184190615785862,0.07742581408788632,0.0
1690209701911373079,682383,0.4184396499562695,0.07736558150182819,0.0
1690209701911938801,682383,0.41850824750751797,0.07728091729109661,0.0
1690209701912041373,682383,0.41852703997739893,0.077271816392495,0.0
1690209701912055328,682383,0.4185904867319316,0.07717752487080293,0.0
1690209701919748501,682384,0.41860427718008375,0.07712482389444045,0.0
1690209701920021845,682384,0.41865261269025983,0.07709623493689895,0.0
1690209701921307837,682384,0.41876051485375065,0.07695886122289879,0.0
1690209701921438767,682384,0.4187970356333614,0.07695974359890685,0.0
1690209701921822316,682384,0.41880171094827173,0.0769658430692792,0.0
1690209701921832433,682384,0.41885155211574643,0.07689167574935285,0.0
1690209701921837211,682384,0.41890069475542746,0.07690102891656303,0.0
1690209701921846429,682384,0.41883872307650555,0.07698196774248582,0.0
1690209701921880197,682384,0.418829588876972,0.07696286350414863,0.0
1690209701921893625,682384,0.4187832051421607,0.07700979897118314,0.0
1690209701927681223,682385,0.41874031448790006,0.0770542375001443,0.0
1690209701928282796,682385,0.4187276708531904,0.07707090526966678,0.0
1690209701928801328,682385,0.4186264289430366,0.07715774715536546,0.0
1690209701928910988,682385,0.4185759387851972,0.07721446077345717,0.0
1690209701929201369,682385,0.4185745977820586,0.07717170539586131,0.0
1690209701929208410,682385,0.4185625716940652,0.07721825065426972,0.0
1690209701929261217,682385,0.4185407577748928,0.07726538976219496,0.0
1690209701929272273,682385,0.4185053200440694,0.07726267528443631,0.0
1690209701929283186,682385,0.41854847640580845,0.0772495484311489,0.0
1690209701929291608,682385,0.41852293465560664,0.07731087391888852,0.0
1690209701936547119,682386,0.4185187566841111,0.07737387612759043,0.0
1690209701937695305,682386,0.41846207130862567,0.07743818736343475,0.0
1690209701937703807,682386,0.4184320970128363,0.07748359202042616,0.0
1690209701938161806,682386,0.41847661775186507,0.07745301041612525,0.0
1690209701938181490,682386,0.4184119643640301,0.07753722958823907,0.0
1690209701938200218,682386,0.4183632748721831,0.07757518074667696,0.0
1690209701938227700,682386,0.418254682881445,0.07766955091987236,0.0
1690209701938242477,682386,0.41826645483504443,0.07764899186681391,0.0
1690209701938253352,682386,0.4183116722693337,0.07757872718888895,0.0
1690209701938326440,682386,0.4182643936377025,0.07760689007003496,0.0
1690209701944732081,682387,0.4182668687069482,0.07755626515915168,0.0
1690209701945542428,682387,0.4183272624991149,0.07739866280274542,0.0
1690209701946081405,682387,0.4183708170259357,0.07734332849963262,0.0
1690209701946222111,682387,0.41842549411087665,0.07733916312016273,0.0
1690209701946574794,682387,0.41845916063316146,0.0772455468472545,0.0
1690209701946587932,682387,0.41848292834141443,0.07720520187263792,0.0
1690209701946596785,682387,0.4185124948632224,0.07719606024303473,0.0
1690209701946602807,682387,0.4186343950182745,0.07706056297186709,0.0
1690209701946625026,682387,0.4186424589438424,0.07706131086066179,0.0
1690209701946633473,682387,0.41863074603964445,0.07706246804712849,0.0
1690209701952354959,682388,0.41867139289657274,0.07701990318376745,0.0
1690209701952886342,682388,0.4186699441540707,0.07699144030628156,0.0
1690209701953036522,682388,0.4185965107000873,0.07709235286789717,0.0
1690209701953214262,682388,0.41855785111732197,0.07709795257294201,0.0
1690209701953232121,682388,0.41855598465232036,0.07707424136367638,0.0
1690209701953561972,682388,0.4185747610839972,0.07708368635752078,0.0
1690209701953745937,682388,0.41852382897267876,0.07714849688232565,0.0
1690209701953885552,682388,0.4185408325123984,0.0771852337834251,0.0
1690209701954070586,682388,0.4184858614740328,0.07726803118234857,0.0
1690209701954078132,682388,0.41847856346509027,0.07730972153753929,0.0
1690209701962219050,682389,0.4185092575683081,0.0773453883041374,0.0
1690209701963944989,682389,0.4184742889602883,0.07744773647433716,0.0
1690209701964332528,682389,0.41843944905365027,0.07750193467587677,0.0
1690209701964598869,682389,0.41832921853715677,0.07763471366820258,0.0
1690209701964612297,682389,0.41834977652387284,0.07767125829616048,0.0
1690209701964631334,682389,0.418302362486603,0.07768013278591575,0.0
1690209701964643790,682389,0.418153507162283,0.07781622502727135,0.0
1690209701964688757,682389,0.41812325039479104,0.0777991867682902,0.0
1690209701964710254,682389,0.4181515143820501,0.0776897144492077,0.0
1690209701964728536,682389,0.4181469186784039,0.07767312019263392,0.0
1690209701969480146,682390,0.4181071263767469,0.0776667189300265,0.0
1690209701969756623,682390,0.4182145898945123,0.07750912758995261,0.0
1690209701970133342,682390,0.4182398051796187,0.07740818771407258,0.0
1690209701970757942,682390,0.4183157147657236,0.07734185320343363,0.0
1690209701970801973,682390,0.41847526121966383,0.07716205421127247,0.0
1690209701971079814,682390,0.418524004538738,0.07709627148957524,0.0
1690209701971095049,682390,0.4186150273327441,0.07697357758605688,0.0
1690209701971106250,682390,0.4186686726470987,0.07688490491809365,0.0
1690209701971115926,682390,0.41878606879134184,0.07684489406063186,0.0
1690209701971122045,682390,0.41876177820742666,0.07682757687090709,0.0
1690209701977601710,682391,0.4187462370994547,0.07679722468077958,0.0
1690209701978374078,682391,0.4187326390567636,0.0768059729922316,0.0
1690209701978557270,682391,0.4187657793859457,0.07677452839032127,0.0
1690209701979021195,682391,0.41877123319255144,0.07676348542588263,0.0
1690209701979042892,682391,0.41859038898598233,0.07697446129477327,0.0
1690209701979060720,682391,0.4186663149254579,0.07689437988693915,0.0
1690209701979071963,682391,0.4186606645377965,0.07687393048070751,0.0
1690209701979100413,682391,0.4185988085799562,0.07698150551064696,0.0
1690209701979118899,682391,0.41857341189985675,0.07703993065889042,0.0
1690209701979151578,682391,0.4185901609201641,0.07700599233513597,0.0
1690209701985895247,682392,0.4184942834223185,0.07713272305935126,0.0
1690209701986366647,682392,0.41844446271990343,0.07722876759373383,0.0
1690209701986506127,682392,0.41838929723419066,0.07731950778513387,0.0
1690209701987405102,682392,0.4182905223027514,0.07743531084006003,0.0
1690209701987615901,682392,0.41821321173628195,0.07746971282613581,0.0
1690209701987890053,682392,0.41821384137158957,0.0775415399092715,0.0
1690209701987909027,682392,0.41819776243663537,0.0775945402197955,0.0
1690209701987916538,682392,0.4181238002880989,0.07763169147261795,0.0
1690209701987970276,682392,0.41807978524902484,0.07771168985518102,0.0
1690209701987985618,682392,0.4180778728439688,0.07776208801793334,0.0
1690209701995108779,682393,0.41814903992015334,0.07764937134358628,0.0
1690209701995387583,682393,0.4180121727275818,0.07777523590029166,0.0
1690209701995734465,682393,0.4180031280704657,0.07777462452124799,0.0
1690209701995929375,682393,0.41809334663059344,0.07763703404712556,0.0
1690209701996124685,682393,0.4180468986952648,0.07768154801165901,0.0
1690209701996437701,682393,0.4179835235329805,0.07773915982189217,0.0
1690209701996513620,682393,0.41807394631923167,0.07763326139516391,0.0
1690209701996606405,682393,0.4181116519615948,0.07756987572764489,0.0
1690209701996828841,682393,0.4181898067790678,0.07750510307889141,0.0
1690209701996842124,682393,0.4182236509388211,0.07743735178879274,0.0
1690209702002329825,682394,0.41827211663716085,0.07740082289854099,0.0
1690209702002651594,682394,0.4183320662557566,0.0772576052054536,0.0
1690209702003231687,682394,0.41829432746427886,0.07725344398578177,0.0
1690209702003599532,682394,0.418317034029958,0.07724000495046213,0.0
1690209702003819452,682394,0.4183025226344711,0.07718877333987721,0.0
1690209702003992699,682394,0.41835775977968576,0.07707123568331209,0.0
1690209702004002971,682394,0.4183082096351122,0.07712259025874627,0.0
1690209702004009228,682394,0.41843407390803666,0.07696158360756362,0.0
1690209702004040340,682394,0.4184549261198839,0.07688805905086672,0.0
1690209702004050456,682394,0.418418154483064,0.0769180649356702,0.0
1690209702011690863,682395,0.4185130606660823,0.0768093284815236,0.0
1690209702011793320,682395,0.418591429312237,0.0767677009956156,0.0
1690209702011887489,682395,0.4185754705306563,0.07677698744838773,0.0
1690209702012387293,682395,0.41855735662375704,0.07681605297116514,0.0
1690209702012567052,682395,0.4185947297370125,0.07677299699773359,0.0
1690209702012778188,682395,0.41859769837748695,0.07678665972239926,0.0
1690209702012792444,682395,0.41857249119349593,0.07683837590143999,0.0
1690209702012802905,682395,0.4184465447878938,0.07703435467140865,0.0
1690209702012811186,682395,0.4184513528229404,0.07704482173378495,0.0
1690209702012831866,682395,0.4183960158661754,0.07709684465651882,0.0
1690209702018530865,682396,0.4183329395557972,0.07723773371315158,0.0
1690209702018748524,682396,0.4183087501097253,0.0773125147703868,0.0
1690209702019429635,682396,0.41827854191065705,0.07731563192236417,0.0
1690209702019561131,682396,0.418113025036696,0.07752449990114202,0.0
1690209702019697286,682396,0.4180913429028139,0.07761272963289616,0.0
1690209702019874144,682396,0.418112652605185,0.07752934580604193,0.0
1690209702019884357,682396,0.4179526383232738,0.07770741614246371,0.0
1690209702019903888,682396,0.4178904067522425,0.07770472915055926,0.0
1690209702019912684,682396,0.41787893557294664,0.07769348409981876,0.0
1690209702019919709,682396,0.41787508769451354,0.07769617450396751,0.0
1690209702026870045,682397,0.4178104900926962,0.07772897480751766,0.0
1690209702027779938,682397,0.41793606336118083,0.07761752235294263,0.0
1690209702027784837,682397,0.41792966407423626,0.0776271439877854,0.0
1690209702027921068,682397,0.4180518094984712,0.07753087460966561,0.0
1690209702028090261,682397,0.4180721236440467,0.07749522662014255,0.0
1690209702028095387,682397,0.4181157869084056,0.07749742736405513,0.0
1690209702028097751,682397,0.4182335729647381,0.07732530603893081,0.0
1690209702028107525,682397,0.4182137028987845,0.07734102662110898,0.0
1690209702028112658,682397,0.4182265387006017,0.07734498188122485,0.0
1690209702028128950,682397,0.4181957968570077,0.07729690943356339,0.0
1690209702035843408,682398,0.4182232096292826,0.07719944285806295,0.0
1690209702036590249,682398,0.4181834017273407,0.07725039701908192,0.0
1690209702036846302,682398,0.41833311590048466,0.07707733724103209,0.0
1690209702036862051,682398,0.4183430516962852,0.07701117234383965,0.0
1690209702036871043,682398,0.41832624503597116,0.07703806598523005,0.0
1690209702036874486,682398,0.4184321609231894,0.07691518022106429,0.0
1690209702036892692,682398,0.4185173552128175,0.07688252578502994,0.0
1690209702036900869,682398,0.41849679755287816,0.07691782986340534,0.0
1690209702036906303,682398,0.4184787097789864,0.07697805839445088,0.0
1690209702036911408,682398,0.41854188879682647,0.07694385868031065,0.0
1690209702045492934,682399,0.4184852301544319,0.0770346671210826,0.0
1690209702045713174,682399,0.41845460962154984,0.07711417421028562,0.0
1690209702045715930,682399,0.4182866802659591,0.07732731643564625,0.0
1690209702045804200,682399,0.41824010437080944,0.07739377516611633,0.0
1690209702045961518,682399,0.4181531398557975,0.0774117046011048,0.0
1690209702045970977,682399,0.4180743806281553,0.07754767857146581,0.0
1690209702045974349,682399,0.41806129303875483,0.0775605563347814,0.0
1690209702045980360,682399,0.4179712913544665,0.07758360348507362,0.0
1690209702045984343,682399,0.41793946447171704,0.07764613637244612,0.0
1690209702045994099,682399,0.4179116729577794,0.07767945122321514,0.0
1690209702052898366,682400,0.4180631012708011,0.07749709132501244,0.0
1690209702053388815,682400,0.41797385564592887,0.07757241466076845,0.0
1690209702053442835,682400,0.4179874385473545,0.0775901538155476,0.0
1690209702053623512,682400,0.4180682918581327,0.07749339222434165,0.0
1690209702053627740,682400,0.41806698824326416,0.07750859088657903,0.0
1690209702053630190,682400,0.41805723733619854,0.07755905093694242,0.0
1690209702053639088,682400,0.4180927171296598,0.07750603785270192,0.0
1690209702053646295,682400,0.41811580003064364,0.07748274055412072,0.0
1690209702053652903,682400,0.4180559394026459,0.07756207306244302,0.0
1690209702053656489,682400,0.4180544191551435,0.07754718172516403,0.0
1690209702062101301,682401,0.4180669301226265,0.0775266913650577,0.0
1690209702063184351,682401,0.41802754521604424,0.077499078185829,0.0
1690209702063479011,682401,0.4180248578488135,0.07748666357084985,0.0
1690209702063962509,682401,0.4180267413639698,0.07742664491140061,0.0
1690209702063991960,682401,0.4180089844615837,0.0773978723543155,0.0
1690209702064038214,682401,0.41803449363178835,0.07732291468137115,0.0
1690209702064066423,682401,0.41803748204584723,0.07729880353584136,0.0
1690209702064083676,682401,0.41819579676887697,0.07714422075901052,0.0
1690209702064096045,682401,0.4181976650529994,0.07712933269648163,0.0
1690209702064110879,682401,0.4182500765247486,0.07715609205552192,0.0
1690209702070810172,682402,0.4183101423993623,0.07709197497203603,0.0
1690209702072051639,682402,0.41835842120286926,0.07711525469771072,0.0
1690209702072270503,682402,0.41835618372535077,0.07713752160578695,0.0
1690209702072752462,682402,0.41834510338185404,0.07718244654951471,0.0
1690209702072774505,682402,0.4183422364274531,0.07719771529759441,0.0
1690209702072801602,682402,0.418257609935883,0.07729624897782178,0.0
1690209702072810434,682402,0.4182492003492984,0.07733262830215176,0.0
1690209702072821283,682402,0.41818030075055884,0.07737839309959499,0.0
1690209702072849690,682402,0.41812326867463545,0.07745241349576082,0.0
1690209702072875774,682402,0.41807233481533096,0.07745266832288468,0.0
1690209702078043422,682403,0.4180594029942091,0.07746769915633028,0.0
1690209702078363895,682403,0.4180438636228547,0.07747658410088182,0.0
1690209702078589360,682403,0.418040178753319,0.07746041432880382,0.0
1690209702079281889,682403,0.41809663303678746,0.07740906459197518,0.0
1690209702079380443,682403,0.4180775295903244,0.077419300861644,0.0
1690209702079687349,682403,0.41816040355795137,0.07733386874608827,0.0
1690209702079702402,682403,0.41818106435063407,0.07730998879457016,0.0
1690209702079716088,682403,0.41820129826353614,0.0773101778667943,0.0
1690209702079729560,682403,0.4182229325658367,0.07727931036980867,0.0
1690209702079736969,682403,0.41819643651447047,0.07729248885745835,0.0
1690209702086046938,682404,0.41820523287862144,0.07731175854686441,0.0
1690209702086857077,682404,0.4181926049204142,0.07730318179551907,0.0
1690209702087065322,682404,0.41821053873981984,0.07727331101614046,0.0
1690209702087188287,682404,0.41816514513814784,0.07732460170493607,0.0
1690209702087313500,682404,0.4181671628082032,0.07730588708652174,0.0
1690209702087545997,682404,0.41816078135168666,0.07728245083246495,0.0
1690209702087558160,682404,0.41811520829374577,0.07729687542433374,0.0
1690209702087573759,682404,0.41815655217877534,0.07723218623993737,0.0
1690209702087582479,682404,0.4181852575774455,0.07722249980507877,0.0
1690209702087588668,682404,0.4181761418231764,0.07722045031212445,0.0
1690209702094726681,682405,0.4181701239774337,0.0772391650244879,0.0
1690209702095202685,682405,0.41817838359767934,0.07721333041823994,0.0
1690209702095597294,682405,0.41818281155009257,0.0772092573984732,0.0
1690209702096524241,682405,0.4181800685587768,0.07721890849971536,0.0
1690209702096716696,682405,0.41811118518588714,0.07733689013760228,0.0
1690209702096955008,682405,0.4181286176270367,0.07732585516460416,0.0
1690209702097043388,682405,0.4180837760830781,0.07734599979901562,0.0
1690209702097285028,682405,0.41806150311741996,0.07742988154297892,0.0
1690209702097297185,682405,0.4180394350976127,0.0774411987019152,0.0
1690209702097304803,682405,0.4180078751183278,0.07744621249279264,0.0
1690209702103076604,682406,0.41791086579163683,0.07755541726825932,0.0
1690209702103227363,682406,0.4178803683001253,0.07758826463963528,0.0
1690209702103489346,682406,0.4179387960476518,0.07750770030212102,0.0
1690209702103633550,682406,0.41785091535898006,0.07759339644902981,0.0
1690209702104407443,682406,0.41786566450239077,0.07759170820193322,0.0
1690209702104594837,682406,0.4179703290252696,0.07747951918195727,0.0
1690209702104767142,682406,0.41795074775525365,0.07752186418042725,0.0
1690209702105038128,682406,0.4179608332142314,0.07756947671985036,0.0
1690209702105049481,682406,0.4179575323294522,0.07754247948664833,0.0
1690209702105056315,682406,0.41797530391744775,0.07750278844493892,0.0
1690209702111474472,682407,0.41791977649050843,0.07758309624601761,0.0
1690209702111553189,682407,0.41792241938134866,0.07755197511376129,0.0
1690209702111691124,682407,0.4179531049855761,0.07749477619084989,0.0
1690209702112360722,682407,0.41786816233341617,0.07749195114938516,0.0
1690209702112484735,682407,0.41790117020351625,0.07742860954304254,0.0
1690209702112640664,682407,0.4179552243763838,0.07733829877911201,0.0
1690209702112868304,682407,0.41794846057704205,0.07730342792539725,0.0
1690209702112874939,682407,0.4179432045793112,0.07729362574177927,0.0
1690209702112887749,682407,0.4179700168020918,0.07724981619754272,0.0
1690209702112905748,682407,0.41806349161505896,0.07716137107864988,0.0
1690209702119294612,682408,0.4180482169233959,0.07717503578744557,0.0
1690209702119543956,682408,0.4180878045732228,0.07722685022634772,0.0
1690209702120490245,682408,0.41813933588560775,0.07719305021678385,0.0
1690209702120659743,682408,0.4180838882819634,0.07724318579423745,0.0
1690209702121061390,682408,0.4180608461587873,0.07736736972298464,0.0
1690209702121072631,682408,0.41804109906931836,0.07740872892125512,0.0
1690209702121078001,682408,0.41799670409993916,0.07741223307252591,0.0
1690209702121144645,682408,0.41786122204769205,0.07757679156105639,0.0
1690209702121161740,682408,0.417823423028491,0.07766653608796713,0.0
1690209702121176153,682408,0.41784922656095635,0.07758057448238834,0.0
1690209702128376384,682409,0.417690902154962,0.07775345035434308,0.0
1690209702129821362,682409,0.41763690612958676,0.07777667975106813,0.0
1690209702130075585,682409,0.41772638574864057,0.07766747542395873,0.0
1690209702130273515,682409,0.4177000075461734,0.07770215224494544,0.0
1690209702130702168,682409,0.41762962716317525,0.07778164285119618,0.0
1690209702130715421,682409,0.41773221209189954,0.07766276727452562,0.0
1690209702130733401,682409,0.41774028256447837,0.07762280303212968,0.0
1690209702130747611,682409,0.4178077184964746,0.07759021467296437,0.0
1690209702130783985,682409,0.41782419263937487,0.07753333510938656,0.0
1690209702130793998,682409,0.41784448606933466,0.0774992347289477,0.0
1690209702136176894,682410,0.4178770515200716,0.07738267449251726,0.0
1690209702137147096,682410,0.4178934139893174,0.07733553147627086,0.0
1690209702137390909,682410,0.41796491178125295,0.07729411411766472,0.0
1690209702137510233,682410,0.4179389042849564,0.07725524681887089,0.0
1690209702137523929,682410,0.41794231312670543,0.07720048809125439,0.0
1690209702137542835,682410,0.41796216865392133,0.07716661872256673,0.0
1690209702137546931,682410,0.4180946436554015,0.07703521954381766,0.0
1690209702137561337,682410,0.4180723141089886,0.07703782297000349,0.0
1690209702137565321,682410,0.4180233591692905,0.07718377079823951,0.0
1690209702137593525,682410,0.4181263793260918,0.0770884569822858,0.0
1690209702145009858,682411,0.41816327627165545,0.0771091218624033,0.0
1690209702145305824,682411,0.41814584018782897,0.07721348592580558,0.0
1690209702146437858,682411,0.41810960612001175,0.0772962213351459,0.0
1690209702146666240,682411,0.4181339829034161,0.07728253294558989,0.0
1690209702146931039,682411,0.4179679048083844,0.07747904377598594,0.0
1690209702146957854,682411,0.41792514872413744,0.07757374447074801,0.0
1690209702146968575,682411,0.41783214567747584,0.07763031489151019,0.0
1690209702147010147,682411,0.417669427592528,0.07780534677929447,0.0
1690209702147019780,682411,0.4175920102762272,0.07780828176379961,0.0
1690209702147099963,682411,0.41758075294885766,0.07782758204825602,0.0
1690209702153029371,682412,0.41757279020738003,0.07782625822212824,0.0
1690209702153806947,682412,0.41749062738514975,0.07786075066419287,0.0
1690209702154115863,682412,0.41757832425226193,0.07779194216927907,0.0
1690209702154324116,682412,0.41760715529126585,0.0777734753484551,0.0
1690209702154636463,682412,0.417745399724143,0.07763339624152002,0.0
1690209702154877504,682412,0.41772718645275786,0.07763667334119918,0.0
1690209702155191545,682412,0.41777543866890304,0.07763819636690017,0.0
1690209702155216267,682412,0.4179099744078664,0.07743867058493607,0.0
1690209702155232362,682412,0.41788198728812015,0.07745856226724963,0.0
1690209702155244613,682412,0.4179022841290063,0.07747012907304676,0.0
1690209702160502023,682413,0.4178927166965223,0.07741030017092813,0.0
1690209702160979315,682413,0.41795797002343393,0.07728150210078595,0.0
1690209702161097171,682413,0.41790684144799906,0.0773479537464959,0.0
1690209702161311390,682413,0.41804341682661317,0.07718466741765262,0.0
1690209702161321366,682413,0.4180640609123571,0.07711783291015893,0.0
1690209702161536595,682413,0.4180256520372412,0.07714489366535719,0.0
1690209702161916609,682413,0.4181390250012172,0.0770173292078076,0.0
1690209702162011679,682413,0.41821373535201,0.07697607220642116,0.0
1690209702162153393,682413,0.4181776374830139,0.07701370847198338,0.0
1690209702162162268,682413,0.41816188373649166,0.07705764135783529,0.0
1690209702169274921,682414,0.4182018300979876,0.0770109086629265,0.0
1690209702170377662,682414,0.4181672630836384,0.07705808325662163,0.0
1690209702170647050,682414,0.41814441031416116,0.0771105084535314,0.0
1690209702170661456,682414,0.41801231421683427,0.07730544595050605,0.0
1690209702171044084,682414,0.4179700391003198,0.0773639877659076,0.0
1690209702171064792,682414,0.4179223241761826,0.0773836910347421,0.0
1690209702171077398,682414,0.41786735454582585,0.07751196981400298,0.0
1690209702171088774,682414,0.4178431850023331,0.07758714190934789,0.0
1690209702171101894,682414,0.41779784139501097,0.07759852345898807,0.0
1690209702171170273,682414,0.4176792397737337,0.07774928449429898,0.0
1690209702177208958,682415,0.4176853498453039,0.07780384035596198,0.0
1690209702177521305,682415,0.41770930072372947,0.07773056294283057,0.0
1690209702178014672,682415,0.41757745620300635,0.07787121043267094,0.0
1690209702178852259,682415,0.41754595694363067,0.07786423503523339,0.0
1690209702178972894,682415,0.41763031140135265,0.07772380477703449,0.0
1690209702179254484,682415,0.4175925423701082,0.07774947568153488,0.0
1690209702179279187,682415,0.4175461026743238,0.07777637644618009,0.0
1690209702179290525,682415,0.41761950927120867,0.07766424245236421,0.0
1690209702179295991,682415,0.4176322082572986,0.07759023690448719,0.0
1690209702179305701,682415,0.41772872558481916,0.07751913439472027,0.0
1690209702186033846,682416,0.41780954447589164,0.07740521256024581,0.0
1690209702189632842,682416,0.41786158547177427,0.07734730648190029,0.0
1690209702189781120,682416,0.4179658381238914,0.07717701736043524,0.0
1690209702189941121,682416,0.41801537892811946,0.07710030458039888,0.0
1690209702190107327,682416,0.41812706951767364,0.07707337426416036,0.0
1690209702190323847,682416,0.4180917132444753,0.0770537982467707,0.0
1690209702190713504,682416,0.41810540622698755,0.07700660300189234,0.0
1690209702190887677,682416,0.4180955448008365,0.07702862446321111,0.0
1690209702191181312,682416,0.4181385986508521,0.0769728615571281,0.0
1690209702191207015,682416,0.41812178525135124,0.07697406467631927,0.0
1690209702195664770,682417,0.4179389973465722,0.07719049513500931,0.0
1690209702196442741,682417,0.418024571571928,0.07711558109180522,0.0
1690209702196569279,682417,0.41800404838124366,0.07710593768191162,0.0
1690209702196798193,682417,0.41795362940075137,0.07722369457830251,0.0
1690209702196805664,682417,0.41792600097096877,0.07728596932472316,0.0
1690209702196810762,682417,0.4179091959721379,0.07725811365858021,0.0
1690209702196817892,682417,0.4178327176411855,0.07738074233012551,0.0
1690209702196825717,682417,0.4177859560472749,0.07747764248632044,0.0
1690209702196840483,682417,0.41780217713494605,0.07747846365201139,0.0
1690209702196845191,682417,0.41769029023464777,0.0776105718992681,0.0
1690209702203121601,682418,0.417639862592183,0.0776555324225982,0.0
1690209702203495063,682418,0.41768734092387844,0.07768969286982909,0.0
1690209702204495699,682418,0.41765805129036143,0.07775114658001442,0.0
1690209702204655076,682418,0.4176169589710086,0.07780325681345265,0.0
1690209702205010452,682418,0.4175582454361219,0.07788561439645234,0.0
1690209702205034040,682418,0.4175837149244742,0.07789587433318115,0.0
1690209702205058431,682418,0.41766476608116887,0.07778944551449561,0.0
1690209702205068915,682418,0.4175723068810073,0.07786939020626721,0.0
1690209702205083554,682418,0.4176121325777795,0.07783372728522117,0.0
1690209702205091445,682418,0.41766419539956723,0.07768269806474844,0.0
1690209702210922295,682419,0.41766005598516154,0.07768555531833546,0.0
1690209702211472539,682419,0.41765005568434754,0.07767966286278122,0.0
1690209702211606509,682419,0.41769350449339965,0.07756073164065586,0.0
1690209702211615610,682419,0.4177283287937631,0.07745553563839816,0.0
1690209702211912026,682419,0.4177112530584316,0.07748252108745231,0.0
1690209702211925066,682419,0.4178873335114852,0.07727075889560879,0.0
1690209702211932979,682419,0.41790755748470015,0.0772093646979039,0.0
1690209702211939377,682419,0.41788033592082524,0.077246438886565,0.0
1690209702211984807,682419,0.4179680667658238,0.07713937503924057,0.0
1690209702211991368,682419,0.418022060332887,0.07712011656483184,0.0
1690209702220247277,682420,0.4179925994087842,0.07716466268306256,0.0
1690209702220669767,682420,0.4179603628462565,0.07718072437623635,0.0
1690209702221988773,682420,0.4179786952204511,0.07717049259731204,0.0
1690209702221995879,682420,0.41793553315772747,0.07724524884203822,0.0
1690209702222560980,682420,0.4179208777494817,0.07729753494158344,0.0
1690209702222677002,682420,0.4178506421413456,0.07741786435767119,0.0
1690209702222700219,682420,0.41778223917286705,0.07751946770118107,0.0
1690209702222717516,682420,0.4177550970272293,0.07756533679598149,0.0
1690209702222741007,682420,0.41771782731294327,0.07767791547886854,0.0
1690209702222792600,682420,0.4176880582104794,0.07777269577723969,0.0
1690209702229992689,682421,0.4176217336881586,0.07780633198243192,0.0
1690209702230290782,682421,0.41752779993506145,0.07793986117263606,0.0
1690209702231095864,682421,0.41750243901522543,0.07801819913147741,0.0
1690209702231253094,682421,0.4175103075946519,0.07797520901650576,0.0
1690209702231501758,682421,0.4173764538234678,0.0781130671369442,0.0
1690209702231517953,682421,0.41731298947736284,0.07812354525718043,0.0
1690209702231538240,682421,0.4173703790507328,0.07803362860800178,0.0
1690209702231545462,682421,0.41734386450959987,0.07806111113738608,0.0
1690209702231552020,682421,0.41731354467905707,0.07809084354971914,0.0
1690209702231561108,682421,0.4174092992215528,0.07795996543301091,0.0
1690209702238708116,682422,0.4174569185240547,0.07787139230453821,0.0
1690209702239017237,682422,0.41745851712553206,0.07788610278611319,0.0
1690209702239893953,682422,0.41750691093046033,0.07779962710777319,0.0
1690209702240036737,682422,0.4175432307760906,0.07776165205675459,0.0
1690209702240329954,682422,0.41764330412005907,0.07760621637106664,0.0
1690209702240344964,682422,0.4176986036052206,0.07753719999392891,0.0
1690209702240356313,682422,0.41779021088377216,0.07752272700858064,0.0
1690209702240372668,682422,0.4177541603285797,0.07748091881191685,0.0
1690209702240386300,682422,0.4177784010799079,0.07741510452295751,0.0
1690209702240474517,682422,0.417761592969265,0.07743337780266639,0.0
1690209702246539592,682423,0.417875604214795,0.07730000644447982,0.0
1690209702246732760,682423,0.4178605909447255,0.07728511989726884,0.0
1690209702247519247,682423,0.41780602128216854,0.07736447454598148,0.0
1690209702247855757,682423,0.4179026331683252,0.07726365550738006,0.0
1690209702248016147,682423,0.4179002355624778,0.0772493975756145,0.0
1690209702248383797,682423,0.41786613310423515,0.07734519799516987,0.0
1690209702248403520,682423,0.417852936554141,0.07737724456267951,0.0
1690209702248414714,682423,0.41783038047602705,0.07734907887646622,0.0
1690209702248422559,682423,0.41779708188419495,0.07743555465793239,0.0
1690209702248430904,682423,0.417746748263335,0.07754092913866423,0.0
1690209702255298884,682424,0.41770762448119014,0.07761686221924625,0.0
1690209702255512484,682424,0.41760081196748816,0.07774606126125436,0.0
1690209702255524780,682424,0.4175442041873773,0.07777617508066595,0.0
1690209702255545533,682424,0.4176011514008601,0.07779975295767069,0.0
1690209702255776539,682424,0.4175651397176757,0.07785970852860026,0.0
1690209702255853234,682424,0.4174961209732461,0.0779294698108027,0.0
1690209702256080672,682424,0.4174432455346775,0.07800138730249968,0.0
1690209702256089061,682424,0.4174432666283938,0.07803715774360591,0.0
1690209702256095674,682424,0.4175174196061908,0.07793589340384548,0.0
1690209702256118775,682424,0.4173898816148016,0.07805020212452482,0.0
1690209702262412852,682425,0.41736336074641733,0.0780565853490359,0.0
1690209702263014316,682425,0.4174147029638444,0.07791512054744189,0.0
1690209702263648873,682425,0.4173811755290315,0.077925196232436,0.0
1690209702263849693,682425,0.41736131584433045,0.07793819510023973,0.0
1690209702264076507,682425,0.4174192120272086,0.07781232277665369,0.0
1690209702264091447,682425,0.41744751637277444,0.07771930341622364,0.0
1690209702264101605,682425,0.41745332625883574,0.07774210846215406,0.0
1690209702264119800,682425,0.4176021355850492,0.07755839219380124,0.0
1690209702264132422,682425,0.41762095941757804,0.07750067957644731,0.0
1690209702264140222,682425,0.41763122652368756,0.07745389254803349,0.0
1690209702271397515,682426,0.4177089552200626,0.07734852304676339,0.0
1690209702271673933,682426,0.4177921013444345,0.07726663082321442,0.0
1690209702272658744,682426,0.4177840956879654,0.07724014308983025,0.0
1690209702272895389,682426,0.41776466699627524,0.07724983804105062,0.0
1690209702273152075,682426,0.41781706869336155,0.07719850129768999,0.0
1690209702273170046,682426,0.41787920677266843,0.07714122862477725,0.0
1690209702273180467,682426,0.41785766051663364,0.07718172142173349,0.0
1690209702273185970,682426,0.41772201202230463,0.07739303517582659,0.0
1690209702273206952,682426,0.41773817995161766,0.07739548153925986,0.0
1690209702273323736,682426,0.4177049656519736,0.0774205170581121,0.0
1690209702279849493,682427,0.4176589720849748,0.07755897541789122,0.0
1690209702280348844,682427,0.41762265356959793,0.07764391554671046,0.0
1690209702280671297,682427,0.4175747424506624,0.07766293100003104,0.0
1690209702280942495,682427,0.41742623692888103,0.07785209799317358,0.0
1690209702280955132,682427,0.41736971919149596,0.07796044309532629,0.0
1690209702280962113,682427,0.41735639416175824,0.0779244956144188,0.0
1690209702281209986,682427,0.41719750199297156,0.07809047773860647,0.0
1690209702281346776,682427,0.4171344638113938,0.07810359854446354,0.0
1690209702281533073,682427,0.41718804640933554,0.07804840768374186,0.0
1690209702281664370,682427,0.41718249636576954,0.07806081940254296,0.0
1690209702287292194,682428,0.41713860680104686,0.07811989065160097,0.0
1690209702287959348,682428,0.4172244384966125,0.07803686368541579,0.0
1690209702288689839,682428,0.41726157913296913,0.07799088149532281,0.0
1690209702288694427,682428,0.4172709231882875,0.07800423771100617,0.0
1690209702288713794,682428,0.41726435282178376,0.07798334467725264,0.0
1690209702288722095,682428,0.41732295004468484,0.07794291007891781,0.0
1690209702288956672,682428,0.41736483542086855,0.07778880620690436,0.0
1690209702288971967,682428,0.41735757412820945,0.07777583429199253,0.0
1690209702288980075,682428,0.41742212381746474,0.07774344532191253,0.0
1690209702289001024,682428,0.4173850234584703,0.07770907050661266,0.0
1690209702294791007,682429,0.41741714999613777,0.0775940004319971,0.0
1690209702294940981,682429,0.4173894292561506,0.0776077379401681,0.0
1690209702295029595,682429,0.41753767602420055,0.07745196526723179,0.0
1690209702295281818,682429,0.41753287920810034,0.07742563174211425,0.0
1690209702295597863,682429,0.41743681994505594,0.07757537399889711,0.0
1690209702295608269,682429,0.4175448320014169,0.07746081156050014,0.0
1690209702295758838,682429,0.41759196723552616,0.07746218162256892,0.0
1690209702295831397,682429,0.4175789835880975,0.07755171263133914,0.0
1690209702295836679,682429,0.417553052881853,0.07763007165339104,0.0
1690209702295848384,682429,0.4175660921922616,0.07760244305223854,0.0
1690209702302952138,682430,0.41745455603756315,0.07776152679983092,0.0
1690209702302973585,682430,0.4174286205649719,0.07784534042344014,0.0
1690209702303703553,682430,0.4173290129680827,0.07793313712544278,0.0
1690209702304297887,682430,0.4172074774012649,0.0780767143920806,0.0
1690209702304487203,682430,0.4171176401173149,0.07810249098493474,0.0
1690209702304694472,682430,0.417136826544067,0.07812072583728927,0.0
1690209702304984330,682430,0.417120683084497,0.07814545313649132,0.0
1690209702305007497,682430,0.4170505540645374,0.07819848346865496,0.0
1690209702305017935,682430,0.41706151188851665,0.07818690093344423,0.0
1690209702305030304,682430,0.41706541751016135,0.0781935194844528,0.0
1690209702310187004,682431,0.4171689476737824,0.07807053605667139,0.0
1690209702310551441,682431,0.417062605912721,0.07815173124855937,0.0
1690209702311410286,682431,0.4170794071215184,0.07813854820803919,0.0
1690209702311554077,682431,0.41711610061640375,0.07798714795801058,0.0
1690209702311917808,682431,0.41710508648341477,0.07798458714800652,0.0
1690209702311934376,682431,0.41712031974602537,0.0779642969249712,0.0
1690209702311946158,682431,0.4171407641627516,0.07785921254170143,0.0
1690209702311958991,682431,0.4171915781124904,0.07775647517175881,0.0
1690209702311966333,682431,0.4172288801819689,0.07772568323103507,0.0
1690209702311974046,682431,0.4174047901981405,0.07752133078248132,0.0
1690209702319136519,682432,0.4174439398013991,0.07745806108192112,0.0
1690209702319248293,682432,0.41742778847032863,0.07749320357012753,0.0
1690209702319658820,682432,0.41749736302492746,0.077405551773997,0.0
1690209702319760586,682432,0.41754182290608055,0.07737972105126295,0.0
1690209702320311098,682432,0.41748937363458427,0.07745539118321712,0.0
1690209702320447992,682432,0.4174759007594007,0.07743802332021939,0.0
1690209702320768378,682432,0.4174637073121884,0.07742066011564758,0.0
1690209702320786076,682432,0.4174531801758306,0.07745023370072329,0.0
1690209702320801328,682432,0.41740131004759495,0.07751419223194521,0.0
1690209702320828441,682432,0.417411167200929,0.07754534306870764,0.0
1690209702327399176,682433,0.4173586085771494,0.07761840393250846,0.0
1690209702327768851,682433,0.4173570480639987,0.07765006054725879,0.0
1690209702328587008,682433,0.417383393579408,0.07768791622250427,0.0
1690209702328816893,682433,0.41734216342894614,0.07780153371334421,0.0
1690209702329197040,682433,0.4173033238293123,0.07784869822219476,0.0
1690209702329218662,682433,0.4172306647997177,0.07793906460570652,0.0
1690209702329250887,682433,0.41722998554490853,0.07799890713256417,0.0
1690209702329266897,682433,0.41719219348992453,0.07805819454394083,0.0
1690209702329274773,682433,0.417068697088654,0.07819639310221098,0.0
1690209702329280867,682433,0.41702236632171474,0.07820711284251432,0.0
1690209702337255989,682434,0.4170294575050805,0.07815790135908017,0.0
1690209702337274530,682434,0.4170138250191025,0.07815901192281074,0.0
1690209702337585027,682434,0.4169630036401064,0.07816485120784641,0.0
1690209702337920641,682434,0.4169610899697002,0.07812798552975411,0.0
1690209702337931862,682434,0.417000992338733,0.07803277084926973,0.0
1690209702337943554,682434,0.4171188998489884,0.07788481680676794,0.0
1690209702337950751,682434,0.4172623718068644,0.07772472165670481,0.0
1690209702337956546,682434,0.4173024581549572,0.07767540227810174,0.0
1690209702337973448,682434,0.4173768774028149,0.07759509548512414,0.0
1690209702338271572,682434,0.41746011964528296,0.07748986612354371,0.0
1690209702344412729,682435,0.4175373328682296,0.07751107659125765,0.0
1690209702344669850,682435,0.41753525142495657,0.07750101802701559,0.0
1690209702345370004,682435,0.4175271284235327,0.07747818611060936,0.0
1690209702345468076,682435,0.4175321263575902,0.07750627538567988,0.0
1690209702345861281,682435,0.4175131904734072,0.07753114341891211,0.0
1690209702345883778,682435,0.4175018368100749,0.07756528756287599,0.0
1690209702345900061,682435,0.4173039020130407,0.07774103257195265,0.0
1690209702345913487,682435,0.4172754862928756,0.07777062444659365,0.0
1690209702345922455,682435,0.41725635928980287,0.07772672603739943,0.0
1690209702345933005,682435,0.41718101599268187,0.07783256388891319,0.0
1690209702353949215,682436,0.41717015762250376,0.0778374518836236,0.0
1690209702355080144,682436,0.4171546208737449,0.07779771943878042,0.0
1690209702355253287,682436,0.41719318017542734,0.0777973232519247,0.0
1690209702355572824,682436,0.4171625925935975,0.07786416892839872,0.0
1690209702355584502,682436,0.4172149080378416,0.07787193857695802,0.0
1690209702355595866,682436,0.41717155514022936,0.07793316881205396,0.0
1690209702355604139,682436,0.41717015512422284,0.07798296904243823,0.0
1690209702355620350,682436,0.41725287497202346,0.07795571516381232,0.0
1690209702355632095,682436,0.4171981608772656,0.07802806672840823,0.0
1690209702355638499,682436,0.41715989673564696,0.07809206514384656,0.0
1690209702361162226,682437,0.4170466507135716,0.07820886307643654,0.0
1690209702361701726,682437,0.4170460811594318,0.07821873812892535,0.0
1690209702362490607,682437,0.4170109821459008,0.07821570482230761,0.0
1690209702362632170,682437,0.416899866635107,0.0783236219345072,0.0
1690209702362768393,682437,0.4169028045286959,0.07828217277711728,0.0
1690209702362844101,682437,0.41692362721543197,0.07816119002874877,0.0
1690209702363035308,682437,0.41694883453301884,0.0781206202021974,0.0
1690209702363049988,682437,0.416978823431418,0.07811627188628896,0.0
1690209702363054356,682437,0.4170261294213625,0.07800164156889461,0.0
1690209702363062137,682437,0.41706572865341884,0.0779135538251107,0.0
1690209702369138852,682438,0.41710096159499105,0.07788716953234727,0.0
1690209702369218605,682438,0.4172555856054079,0.07770806323032481,0.0
1690209702369337699,682438,0.4172777341270631,0.07767844765994518,0.0
1690209702369458176,682438,0.41717943864895457,0.07777871487121807,0.0
1690209702369686864,682438,0.41725405330304965,0.07769409896984636,0.0
1690209702369698392,682438,0.41726978217789257,0.07767606521247264,0.0
1690209702369705071,682438,0.41719508648901305,0.0777774802753362,0.0
1690209702369710589,682438,0.41717416967295984,0.07776984950465014,0.0
1690209702369721226,682438,0.41715404801449607,0.07776073712776395,0.0
1690209702369740912,682438,0.41718941613019395,0.0777633972397239,0.0
1690209702378485810,682439,0.41715210562400273,0.07781841894277128,0.0
1690209702379642659,682439,0.4171626597993401,0.0778736832868136,0.0
1690209702379972404,682439,0.4171033451895706,0.07794702408342147,0.0
1690209702380028447,682439,0.417101790313953,0.07799278086792377,0.0
1690209702380371225,682439,0.41717729586666624,0.07799340078447924,0.0
1690209702380383093,682439,0.4171151631106461,0.0781045712041831,0.0
1690209702380388656,682439,0.41708807557245664,0.07816880244997094,0.0
1690209702380405208,682439,0.4169584849321293,0.07831772385575075,0.0
1690209702380432254,682439,0.41695230256021776,0.07834610828446102,0.0
1690209702380439310,682439,0.4168967444735631,0.07838613532530386,0.0
1690209702385071497,682440,0.41676975845155784,0.07850170733405913,0.0
1690209702385457194,682440,0.41675526028190407,0.07846401530298103,0.0
1690209702386376022,682440,0.41674529812783107,0.0783702576482334,0.0
1690209702386383698,682440,0.41677712992926835,0.07831343595663973,0.0
1690209702386554680,682440,0.416778101927865,0.07828945193534961,0.0
1690209702386783498,682440,0.4168566158838896,0.07815414435320968,0.0
1690209702386795881,682440,0.4168960548032662,0.07803933168553778,0.0
1690209702386806476,682440,0.41696303201832563,0.07797435061152645,0.0
1690209702386815421,682440,0.41715946725971415,0.0777648194137613,0.0
1690209702386834823,682440,0.4171934249778212,0.0777352786762717,0.0
1690209702394779712,682441,0.41723689668355635,0.07771703995735481,0.0
1690209702395471060,682441,0.4173538265137793,0.07758714552590992,0.0
1690209702395602986,682441,0.41739940799419395,0.07758959317911619,0.0
1690209702396008547,682441,0.41738090158552316,0.07763273460129973,0.0
1690209702396237816,682441,0.4173542544084456,0.07764034944924256,0.0
1690209702396441598,682441,0.41736979528147267,0.07763227269559186,0.0
1690209702396614334,682441,0.41733665614233256,0.07768007652456299,0.0
1690209702396632829,682441,0.41730668635272705,0.0777162641363618,0.0
1690209702396646674,682441,0.4172076083706803,0.07784626648827563,0.0
1690209702396656542,682441,0.4171647286637327,0.07789533491369557,0.0
1690209702403793373,682442,0.4171361082287397,0.07792352499791122,0.0
1690209702404006855,682442,0.4170992318305895,0.07802311302047665,0.0
1690209702404196811,682442,0.4170947831195996,0.07808864756123526,0.0
1690209702404486648,682442,0.4170507452228424,0.07809868433786218,0.0
1690209702404493499,682442,0.4170054905227696,0.07817055760466551,0.0
1690209702404518479,682442,0.4169874567281431,0.07824043253419585,0.0
1690209702404525846,682442,0.4169324568203964,0.07830762600113951,0.0
1690209702404551965,682442,0.4168259989272505,0.07842481472562741,0.0
1690209702404558169,682442,0.4167583652047708,0.07844444933965332,0.0
1690209702404579303,682442,0.4167928449488621,0.07838788082190615,0.0
1690209702411181707,682443,0.4167583002830576,0.07841804066833452,0.0
1690209702412280332,682443,0.41669050198229163,0.07846071502722078,0.0
1690209702412358198,682443,0.41672036257288314,0.07840458836301754,0.0
1690209702412772361,682443,0.41675872125624497,0.07831510207923724,0.0
1690209702412780597,682443,0.416892759673472,0.07818785831563276,0.0
1690209702412784845,682443,0.4169472535939354,0.07809813590149618,0.0
1690209702412825126,682443,0.4169687737006902,0.07805518259325044,0.0
1690209702412838061,682443,0.4170736246209057,0.07793591235491844,0.0
1690209702412846245,682443,0.41715725212789645,0.07785046572600157,0.0
1690209702412878109,682443,0.4172346423221792,0.0778481547465007,0.0
1690209702418612883,682444,0.4172862010973989,0.07774846979071609,0.0
1690209702418970272,682444,0.4172983426412224,0.0777197334135683,0.0
1690209702419886096,682444,0.41735409371385224,0.07769961667379233,0.0
1690209702420152611,682444,0.4174252101066251,0.07759982470977381,0.0
1690209702420445345,682444,0.4174268033410387,0.07762276955728294,0.0
1690209702420463109,682444,0.4173055897968446,0.07772423851266898,0.0
1690209702420488192,682444,0.4173007463298109,0.07770011226031354,0.0
1690209702420496998,682444,0.4172976569247544,0.07766825084640368,0.0
1690209702420511922,682444,0.4172219367439647,0.07776510230444457,0.0
1690209702420525634,682444,0.41721737819866284,0.07775466490972721,0.0
1690209702429338144,682445,0.4171658006164804,0.07776530578966744,0.0
1690209702429677949,682445,0.41718848784449486,0.0777809024653776,0.0
1690209702430049524,682445,0.41715926502702005,0.07781455526191501,0.0
1690209702430789741,682445,0.4171345432820879,0.07784829488096787,0.0
1690209702431052801,682445,0.4171206276834547,0.07788077850473166,0.0
1690209702431062527,682445,0.4171245140093449,0.07788159139222484,0.0
1690209702431104073,682445,0.4171632539245592,0.07788353305130113,0.0
1690209702431395970,682445,0.4170957705476637,0.07799341263116019,0.0
1690209702431407564,682445,0.41705939404178377,0.07802216308549667,0.0
1690209702431415629,682445,0.41707719784860586,0.07802680891653987,0.0
1690209702436999061,682446,0.4170427530899121,0.07810410989557859,0.0
1690209702437171826,682446,0.41698975184527814,0.07820988180361793,0.0
1690209702437350172,682446,0.41689589566286883,0.07829407743329288,0.0
1690209702437359954,682446,0.416850908777836,0.07830661064094199,0.0
1690209702437367981,682446,0.41685626642332485,0.07826144403431769,0.0
1690209702437378110,682446,0.41684361252125773,0.07827072167400936,0.0
1690209702437391173,682446,0.41682063174659045,0.07826252917692222,0.0
1690209702437399813,682446,0.41674047399928876,0.07830746362265914,0.0
1690209702437408626,682446,0.4167520461483807,0.078259522132116,0.0
1690209702437414411,682446,0.41676326510275397,0.078194537693516,0.0
1690209702444524155,682447,0.4168289785085885,0.07811605609622273,0.0
1690209702445568200,682447,0.4168427305289801,0.07808031173931293,0.0
1690209702445721519,682447,0.41688679047663796,0.07803759290127424,0.0
1690209702446214773,682447,0.4169934361554355,0.0779214551058727,0.0
1690209702446238338,682447,0.417034770048764,0.07794888426554236,0.0
1690209702446293809,682447,0.4170872475766814,0.07790238846751615,0.0
1690209702446307221,682447,0.4171016513391549,0.07787259841243419,0.0
1690209702446317905,682447,0.41707668920154495,0.07791557165844828,0.0
1690209702446337384,682447,0.41704289415773166,0.07794577507812542,0.0
1690209702446373695,682447,0.4170327397521102,0.07796917038219901,0.0
1690209702452295825,682448,0.41691685586853217,0.07804394473264357,0.0
1690209702453654433,682448,0.41686789293155446,0.07810507831116054,0.0
1690209702453693696,682448,0.4168656129901265,0.07807200600345215,0.0
1690209702453975866,682448,0.4168300045859994,0.07812922590662012,0.0
1690209702453997218,682448,0.41680302433827254,0.07814912187464364,0.0
1690209702454009125,682448,0.4167591182468532,0.07816138767805104,0.0
1690209702454016741,682448,0.416846965790879,0.07810288772860799,0.0
1690209702454030888,682448,0.4168177466480147,0.07814537143644575,0.0
1690209702454038448,682448,0.4168247755298722,0.0781818260072572,0.0
1690209702454042673,682448,0.41679188994426847,0.07822176688550071,0.0
1690209702460277673,682449,0.4167826676286237,0.07826385674791367,0.0
1690209702461266270,682449,0.41683095782365764,0.07822302011522746,0.0
1690209702461438715,682449,0.41678070496709,0.07832568484613049,0.0
1690209702461728324,682449,0.41677501001933,0.0783350184532336,0.0
1690209702461739187,682449,0.41668040962811137,0.07840596601423509,0.0
1690209702461743888,682449,0.41667667964437716,0.07840026985857254,0.0
1690209702461749070,682449,0.416630887507395,0.07844774702698763,0.0
1690209702461763338,682449,0.41664621524113266,0.07843118922500422,0.0
1690209702461772169,682449,0.41660300571619474,0.07838015396505195,0.0
1690209702461822946,682449,0.41666200053845465,0.07832954945982563,0.0
1690209702468350033,682450,0.41671991078080256,0.07826607159385167,0.0
1690209702469026837,682450,0.41672899262425667,0.07827007397371383,0.0
1690209702469470098,682450,0.41671303290817996,0.07825561088489005,0.0
1690209702469864611,682450,0.4167121388052766,0.07825893050517838,0.0
1690209702470022913,682450,0.4168594361403131,0.07810693814481234,0.0
1690209702470288837,682450,0.41682741587622785,0.07812604643178811,0.0
1690209702470302739,682450,0.41685607941538627,0.07814347748338847,0.0
1690209702470309169,682450,0.41677869160308134,0.07819661483227061,0.0
1690209702470325284,682450,0.4167663193980058,0.07821387352261598,0.0
1690209702470339314,682450,0.41676636999628247,0.07822550376941974,0.0
1690209702477046827,682451,0.41670514818440496,0.07828907701716274,0.0
1690209702477336604,682451,0.4167202315965413,0.07825982940470802,0.0
1690209702477966582,682451,0.41662469741036284,0.07830926846571698,0.0
1690209702478882371,682451,0.4167066387090998,0.07825890184097452,0.0
1690209702478905580,682451,0.41670403916932436,0.07827736130969794,0.0
1690209702479073096,682451,0.4166671958987553,0.07829432090256302,0.0
1690209702479084044,682451,0.41666000626910726,0.07830321921995743,0.0
1690209702479094649,682451,0.41668067314935775,0.07829327874836826,0.0
1690209702479116051,682451,0.4167529104613261,0.07824068380177648,0.0
1690209702479131198,682451,0.4167007859270157,0.078306777012141,0.0
1690209702486101861,682452,0.4167004192843856,0.07832054227590576,0.0
1690209702486117921,682452,0.41672117118826957,0.07830648566234641,0.0
1690209702486130780,682452,0.41670177264257846,0.0783300102533464,0.0
1690209702486421257,682452,0.4166921800955769,0.07841048673674322,0.0
1690209702486433400,682452,0.41666074292569183,0.0784383351786565,0.0
1690209702486466186,682452,0.4166462720232597,0.07846383377412255,0.0
1690209702486472270,682452,0.41666960787173557,0.07843269194533418,0.0
1690209702486492477,682452,0.41665734390451337,0.07844830332617211,0.0
1690209702486497027,682452,0.4166710302981803,0.07843447986172745,0.0
1690209702486563840,682452,0.416578700614104,0.0784929113165793,0.0
1690209702494765600,682453,0.4166002485854215,0.07846280967982545,0.0
1690209702496222325,682453,0.41663934688802085,0.0783789375997748,0.0
1690209702496233417,682453,0.4166464464023726,0.07834725392708568,0.0
1690209702496609590,682453,0.41660906005930726,0.07832627581804485,0.0
1690209702496717757,682453,0.41658442439715365,0.07836730499779912,0.0
1690209702496738353,682453,0.41667358358524514,0.07826666007251663,0.0
1690209702496758285,682453,0.4166856962679968,0.07828530269745422,0.0
1690209702496768142,682453,0.4167530176725679,0.07825017631778178,0.0
1690209702496775855,682453,0.4167419263221895,0.07822582664588242,0.0
1690209702496802244,682453,0.4168518198326315,0.0781182134773654,0.0
1690209702503327478,682454,0.41682685726473034,0.07814903553830914,0.0
1690209702503475297,682454,0.4168358779982104,0.07820236038862735,0.0
1690209702503673238,682454,0.41681307031999737,0.07817842642553874,0.0
1690209702503788339,682454,0.41673102376168203,0.07825255998277958,0.0
1690209702504281902,682454,0.4167739126812009,0.07825558007577489,0.0
1690209702504383571,682454,0.416741542087952,0.07830115283617833,0.0
1690209702504674904,682454,0.4167387752861702,0.07829311185994318,0.0
1690209702504691830,682454,0.4166709282996923,0.07835859326115704,0.0
1690209702504705471,682454,0.41674282623744613,0.07830562144747949,0.0
1690209702504711564,682454,0.4167511616013031,0.07832349060933223,0.0
1690209702511788382,682455,0.4166879818107403,0.07838858471223889,0.0
1690209702512902330,682455,0.4166735549076232,0.07841090334165393,0.0
1690209702512960061,682455,0.4166909094764501,0.07839810589505763,0.0
1690209702513227905,682455,0.4167319430218702,0.07834919961980091,0.0
1690209702513235420,682455,0.4166926469949852,0.07841096084569907,0.0
1690209702513242279,682455,0.4166906087467192,0.07838668493720154,0.0
1690209702513263936,682455,0.4166970899835154,0.07837752386441152,0.0
1690209702513270431,682455,0.41669065916084524,0.07837429101206515,0.0
1690209702513279214,682455,0.4166684121234469,0.07846798996672065,0.0
1690209702513286353,682455,0.41671198704711665,0.07842521166172982,0.0
1690209702517781021,682456,0.4167093007444694,0.07841858189372397,0.0
1690209702517957631,682456,0.41674690697744554,0.07840754896427522,0.0
1690209702518842475,682456,0.41676691093165763,0.07839656869997633,0.0
1690209702518975912,682456,0.41680346454183487,0.07841256157338403,0.0
1690209702519218091,682456,0.4166801830957422,0.0785180973594506,0.0
1690209702519231908,682456,0.41668077771382395,0.07853650073878551,0.0
1690209702519252901,682456,0.4167714632326999,0.0784273104403047,0.0
1690209702519266195,682456,0.41667598780494114,0.07850717920153219,0.0
1690209702519274490,682456,0.4166437863855267,0.07852043232121507,0.0
1690209702519284688,682456,0.41653887624916325,0.07859675393017754,0.0
1690209702526685430,682457,0.4165584496062526,0.07858390103340364,0.0
1690209702527070102,682457,0.41651565630111026,0.07860368643614483,0.0
1690209702527519988,682457,0.41653674155574827,0.07860652198099441,0.0
1690209702527624860,682457,0.4165704998457928,0.07855806051472594,0.0
1690209702527901684,682457,0.41662908525221676,0.07847616141910367,0.0
1690209702527913676,682457,0.4167292551737678,0.07840305381956496,0.0
1690209702527932699,682457,0.4167405314278949,0.0784258739696265,0.0
1690209702527938223,682457,0.4167960808679149,0.07832878903893474,0.0
1690209702527942457,682457,0.41676114294697597,0.0783521520775166,0.0
1690209702527953871,682457,0.41679058388359186,0.07835926706015876,0.0
1690209702534558409,682458,0.4168428564992105,0.07829701829563576,0.0
1690209702534817199,682458,0.4168170293174569,0.07830014383713362,0.0
1690209702535147757,682458,0.41679218643114563,0.07834740377020272,0.0
1690209702535210559,682458,0.41682737308421836,0.07830048183753027,0.0
1690209702535346900,682458,0.4168359855283548,0.07828881215718624,0.0
1690209702535353030,682458,0.41678622813034016,0.07837591106577714,0.0
1690209702535363992,682458,0.4167910575822912,0.0783536508121679,0.0
1690209702535367876,682458,0.41682853747636384,0.07832356651120014,0.0
1690209702535374224,682458,0.41681948393360674,0.07830939859022847,0.0
1690209702535393033,682458,0.41678595446086614,0.07837871940492888,0.0
1690209702543422404,682459,0.4168144401063767,0.07833892491715473,0.0
1690209702543471656,682459,0.41670776542168575,0.07840909813140863,0.0
1690209702543605255,682459,0.41673375315229894,0.07838243022411451,0.0
1690209702543615470,682459,0.416712490315511,0.07842151363848678,0.0
1690209702543622940,682459,0.4167880265822232,0.07834549884961306,0.0
1690209702543797624,682459,0.4167306275685187,0.078322729441473,0.0
1690209702543855069,682459,0.4167669966238494,0.07837178724111277,0.0
1690209702543961106,682459,0.416865427081837,0.07827658758477718,0.0
1690209702543965734,682459,0.41688708998698676,0.07830037335742356,0.0
1690209702543972970,682459,0.4168621063313247,0.07835526156297797,0.0
1690209702551886498,682460,0.41685256828473316,0.07836064610817853,0.0
1690209702552126943,682460,0.4169775201355028,0.07823114793074383,0.0
1690209702552645788,682460,0.4168856230064705,0.0783342183604156,0.0
1690209702552716692,682460,0.4169000811814818,0.07836985145925934,0.0
1690209702552926195,682460,0.41683129861448753,0.07840604881419115,0.0
1690209702552930782,682460,0.416772956605878,0.07846701925058565,0.0
1690209702552941341,682460,0.41677775107216536,0.07847331648866517,0.0
1690209702552948758,682460,0.41673164827583464,0.07851664878613043,0.0
1690209702552951821,682460,0.4167515776981727,0.07848645660117554,0.0
1690209702552967108,682460,0.4166721009385068,0.07852302843071605,0.0
1690209702560687956,682461,0.41673854209433614,0.07848216868276417,0.0
1690209702561729114,682461,0.41674569542980855,0.07849247258727009,0.0
1690209702562041064,682461,0.41671300293885105,0.0784947459573267,0.0
1690209702562314889,682461,0.41671465835032945,0.07849973155423683,0.0
1690209702562572089,682461,0.41672205193605183,0.07848710390384647,0.0
1690209702562811468,682461,0.4167972171583334,0.07842759982992499,0.0
1690209702563175098,682461,0.41673914815169316,0.07850325274368207,0.0
1690209702563206594,682461,0.41673483356311875,0.07851738874276243,0.0
1690209702563221549,682461,0.4167267529684156,0.07853394445078828,0.0
1690209702563229654,682461,0.41671869844779674,0.07856596135788844,0.0
1690209702569974096,682462,0.4166878935405274,0.07866545732412131,0.0
1690209702570447637,682462,0.4166488039766278,0.07869413843012137,0.0
1690209702570613386,682462,0.41660866037116195,0.07869285511261163,0.0
1690209702570811413,682462,0.41662512154098447,0.07863896487638034,0.0
1690209702571462726,682462,0.4166387010849169,0.07863293792262609,0.0
1690209702571714868,682462,0.41661062303833796,0.07861600228292037,0.0
1690209702571733148,682462,0.41661587772952635,0.07856357935865027,0.0
1690209702571743397,682462,0.4166428436141605,0.07849459827860147,0.0
1690209702571759359,682462,0.41678892426981395,0.07833816080932612,0.0
1690209702571769162,682462,0.41691962857140374,0.07819525483837675,0.0
1690209702577658294,682463,0.416964792222966,0.07814800214744586,0.0
1690209702578280845,682463,0.41706901920521977,0.07805230009148705,0.0
1690209702578448361,682463,0.41716302570429437,0.07795169451526707,0.0
1690209702579126156,682463,0.4172520846762249,0.07797910374262869,0.0
1690209702579380328,682463,0.417243757164812,0.07798525592657406,0.0
1690209702579392115,682463,0.41725083385067796,0.07797213184114576,0.0
1690209702579399271,682463,0.41721841972151374,0.07802569994881389,0.0
1690209702579406583,682463,0.41717462879846945,0.0780676807252684,0.0
1690209702579420674,682463,0.4171610211776572,0.07808958020956486,0.0
1690209702579430151,682463,0.4169927031251886,0.07825176612242096,0.0
1690209702586321089,682464,0.4169666209002182,0.07829359221206286,0.0
1690209702587061767,682464,0.41694984175069305,0.07826375175334231,0.0
1690209702587194838,682464,0.4168891218968978,0.078372616372944,0.0
1690209702588018591,682464,0.4168612575740335,0.07844522177289574,0.0
1690209702588157552,682464,0.4168284391628155,0.0784236309600635,0.0
1690209702588462360,682464,0.41681298245367904,0.07846878383514592,0.0
1690209702588483692,682464,0.41679514677699614,0.07855702825805462,0.0
1690209702588508888,682464,0.41678343726759726,0.07858440783443293,0.0
1690209702588523112,682464,0.41667312553923086,0.07870922750404045,0.0
1690209702588538807,682464,0.41658704190191154,0.07876146977312613,0.0
1690209702592988738,682465,0.4166765937238701,0.07871727512027654,0.0
1690209702593456016,682465,0.4166193900881718,0.07879392644722852,0.0
1690209702593957373,682465,0.4165661703313618,0.0788649126471939,0.0
1690209702594402076,682465,0.41656185734338935,0.07887121995235045,0.0
1690209702594507201,682465,0.4165952938943871,0.07880556219791789,0.0
1690209702594752651,682465,0.41666977037958447,0.07872526646062562,0.0
1690209702594759109,682465,0.4166485169928859,0.07873931074828705,0.0
1690209702594765399,682465,0.41668277751927146,0.07869510664173285,0.0
1690209702594770084,682465,0.41673722865670143,0.07853146781593617,0.0
1690209702594791700,682465,0.4167574319298929,0.07850246888137835,0.0
1690209702601484462,682466,0.41680716711445215,0.07847510176909404,0.0
1690209702602365761,682466,0.41683075463768815,0.07837363324723517,0.0
1690209702602426816,682466,0.4168568368706681,0.07830018233011177,0.0
1690209702602898710,682466,0.41687091076328475,0.07831244059250662,0.0
1690209702602916708,682466,0.41701118091235057,0.07816296802215238,0.0
1690209702602932478,682466,0.41703849861017317,0.07812668861191079,0.0
1690209702602950861,682466,0.416908304549363,0.07827657545566233,0.0
1690209702602961522,682466,0.41700999639445235,0.07816977321009994,0.0
1690209702602990857,682466,0.4170423150701946,0.07813498901999014,0.0
1690209702603000536,682466,0.4170004758466605,0.07823401428895436,0.0
1690209702611312994,682467,0.41698532303655844,0.07824374228755772,0.0
1690209702611606964,682467,0.4170056524393129,0.07819557307888139,0.0
1690209702611998953,682467,0.41698812724391915,0.07825706781322332,0.0
1690209702612007933,682467,0.4169404405489948,0.07833735254796002,0.0
1690209702612012309,682467,0.4168690113733408,0.07847686886772466,0.0
1690209702612086175,682467,0.41679667124211883,0.07857345372188093,0.0
1690209702612103037,682467,0.41674398756075215,0.07862785962070817,0.0
1690209702612115120,682467,0.4167292717328704,0.07870515554216562,0.0
1690209702612135514,682467,0.4167070303099536,0.07877689626633565,0.0
1690209702612158588,682467,0.41664805454777454,0.07881254474647847,0.0
1690209702618924965,682468,0.41654538622383697,0.07895232000410198,0.0
1690209702620232635,682468,0.4165181927799256,0.07903883994497529,0.0
1690209702620445937,682468,0.4165522223346138,0.07896044660532844,0.0
1690209702620830080,682468,0.4164197357412496,0.07909294582920738,0.0
1690209702620840001,682468,0.4163982423950947,0.07907800810838639,0.0
1690209702620845058,682468,0.41646057062070935,0.07895511672159201,0.0
1690209702620860165,682468,0.41643711302862824,0.07896831646973305,0.0
1690209702620906708,682468,0.41639235844454714,0.07898791020284077,0.0
1690209702620921420,682468,0.41648718407741947,0.07885168500812559,0.0
1690209702620932350,682468,0.41652738783733656,0.07875616378761753,0.0
1690209702627877572,682469,0.4166086908443276,0.07869420495014498,0.0
1690209702628887397,682469,0.4166992798191734,0.07857337477506302,0.0
1690209702629461742,682469,0.41675687936764605,0.07850554301393309,0.0
1690209702629747144,682469,0.4168009574487423,0.07839452493147936,0.0
1690209702629756225,682469,0.41683697571341,0.07832661230305658,0.0
1690209702629769810,682469,0.4168983609224586,0.07828051866879167,0.0
1690209702629798570,682469,0.41688103079273886,0.0782517809572248,0.0
1690209702629806766,682469,0.4168872707970265,0.07820002265072862,0.0
1690209702629819228,682469,0.4169050762469971,0.078179259521517,0.0
1690209702629831704,682469,0.4169931299810018,0.07809598227980241,0.0
1690209702636127970,682470,0.41697543666770875,0.07809987213939762,0.0
1690209702636459825,682470,0.4168939219795908,0.07826367483220692,0.0
1690209702636748908,682470,0.4169664843955608,0.07820755763717258,0.0
1690209702637452271,682470,0.4169603997708251,0.07824006236832619,0.0
1690209702637538366,682470,0.4169306077189764,0.0783585725167894,0.0
1690209702637792102,682470,0.41690183079096316,0.07843280743411737,0.0
1690209702637883301,682470,0.41687346317544544,0.07843428269679584,0.0
1690209702637891041,682470,0.416751678146454,0.07860141455219888,0.0
1690209702637895289,682470,0.4167209720904193,0.07869564905997775,0.0
1690209702637931954,682470,0.4167127599349742,0.07868058032519148,0.0
1690209702643103695,682471,0.4165757247207906,0.07883783170649342,0.0
1690209702643474249,682471,0.41652722784325935,0.07885253604611484,0.0
1690209702644478817,682471,0.41661361831587584,0.07878623975046958,0.0
1690209702644810075,682471,0.4166031828964955,0.07880789965259408,0.0
1690209702644825068,682471,0.4165579116919924,0.07885555033171669,0.0
1690209702644841800,682471,0.41666690400729,0.0787348467028508,0.0
1690209702644854220,682471,0.4167136615026622,0.07865544404634554,0.0
1690209702644872411,682471,0.4167979853244624,0.07860106547223059,0.0
1690209702644880588,682471,0.41683373204891533,0.07852698337742638,0.0
1690209702644923900,682471,0.41688984530795453,0.07848254623386836,0.0
1690209702653419338,682472,0.4169205107823064,0.07834736733475038,0.0
1690209702653795545,682472,0.41691091367401617,0.0783198060823512,0.0
1690209702653806330,682472,0.4169626926771801,0.07827826819806963,0.0
1690209702653826906,682472,0.41693875759730503,0.07823507766503449,0.0
1690209702653833889,682472,0.41695028611299606,0.07815030741773744,0.0
1690209702654106522,682472,0.4169136639996076,0.07817837223984445,0.0
1690209702654117332,682472,0.417063535367736,0.07801853808223475,0.0
1690209702654132953,682472,0.41707922474575726,0.0779595710374188,0.0
1690209702654145660,682472,0.417051346916286,0.07803194814979508,0.0
1690209702654164278,682472,0.41717291985919924,0.07789949333043039,0.0
1690209702659922470,682473,0.4172470437734952,0.07786415246864838,0.0
1690209702660390392,682473,0.417244832120859,0.0778988745091742,0.0
1690209702661769328,682473,0.41722924088882557,0.0779639443403967,0.0
1690209702661816439,682473,0.4172942524215608,0.07791081720029724,0.0
1690209702662040274,682473,0.4172073994202528,0.0780192510717856,0.0
1690209702662049997,682473,0.41717024624227983,0.07811416385824012,0.0
1690209702662055193,682473,0.4169994738022804,0.07831579949089912,0.0
1690209702662073922,682473,0.41693868267329237,0.07840563214571923,0.0
1690209702662083049,682473,0.41685997648361406,0.07843562429869289,0.0
1690209702662090999,682473,0.41683133783769605,0.07855943734608911,0.0
1690209702669166436,682474,0.41682297141732727,0.07858272922263064,0.0
1690209702669833190,682474,0.41677549173690204,0.078612325796688,0.0
1690209702670514672,682474,0.41667409560309954,0.07874279680213021,0.0
1690209702670564645,682474,0.41666494642765134,0.07878757010227756,0.0
1690209702670834289,682474,0.4167657589100573,0.0786524839349921,0.0
1690209702671102843,682474,0.4166402171051101,0.07878741591181039,0.0
1690209702671111386,682474,0.4166614763929036,0.07878751566363315,0.0
1690209702671154201,682474,0.4167254283948792,0.0787065578167031,0.0
1690209702671168196,682474,0.4167313036703951,0.07872250815861734,0.0
1690209702671177372,682474,0.4167133421913633,0.07876071824095368,0.0
1690209702677979768,682475,0.41682209085735955,0.0786515845739064,0.0
1690209702678369076,682475,0.41685496041905673,0.07862879258188026,0.0
1690209702678497649,682475,0.4169045024264833,0.07860779437114586,0.0
1690209702679587131,682475,0.41693814369902316,0.07855849967835074,0.0
1690209702679926506,682475,0.41699055306174915,0.07854016574066967,0.0
1690209702679938343,682475,0.4170523327331599,0.07841048579859443,0.0
1690209702679949802,682475,0.4170362926214065,0.07840767827197975,0.0
1690209702679960449,682475,0.4170612072851248,0.07838104916127263,0.0
1690209702679979286,682475,0.4170258515337142,0.07836314823879684,0.0
1690209702680045449,682475,0.4170224858709865,0.07828542413234732,0.0
1690209702685168074,682476,0.41697698169406683,0.07833685728555383,0.0
1690209702685994383,682476,0.4170491863405439,0.07824333120366238,0.0
1690209702686421669,682476,0.4170663984568901,0.07818379863818295,0.0
1690209702686495054,682476,0.41703872821981375,0.07820802475037679,0.0
1690209702686787334,682476,0.4171245846430194,0.07811685984709496,0.0
1690209702686932591,682476,0.4172110336453717,0.07807534623705403,0.0
1690209702686949342,682476,0.41720617324708104,0.07809014006304275,0.0
1690209702686967685,682476,0.417190748607936,0.0781596101786206,0.0
1690209702686974944,682476,0.4172247139360849,0.07812268906088679,0.0
1690209702686986614,682476,0.4172207276474508,0.07813720504738293,0.0
1690209702694427920,682477,0.4171892340601224,0.07818913011556947,0.0
1690209702694433386,682477,0.4170959640258376,0.07834794511025307,0.0
1690209702694505244,682477,0.41710171170649457,0.07836299969308473,0.0
1690209702694955899,682477,0.417050402594405,0.0783961674532283,0.0
1690209702694965850,682477,0.41702671978095285,0.07849655939020085,0.0
1690209702694977063,682477,0.41699004625228503,0.07853104459332429,0.0
1690209702694998302,682477,0.41690910100203443,0.07856928554314065,0.0
1690209702695004433,682477,0.416812871747395,0.07869505992021564,0.0
1690209702695020128,682477,0.4167810243984466,0.07875468185701996,0.0
1690209702695050106,682477,0.4169031296703281,0.07859158199582497,0.0
1690209702701880492,682478,0.41676759280699616,0.07872723021834221,0.0
1690209702702087446,682478,0.41676332498717794,0.0787288220941151,0.0
1690209702703177500,682478,0.41684143270448126,0.07863827430853237,0.0
1690209702703311953,682478,0.41683797510503773,0.07866646501595893,0.0
1690209702703533502,682478,0.41682465114760986,0.07871912156081913,0.0
1690209702703547569,682478,0.4169080170989973,0.07862472855940993,0.0
1690209702703568371,682478,0.41693998869548926,0.07858583486742435,0.0
1690209702703584361,682478,0.4169191509463568,0.07863619643380473,0.0
1690209702703598908,682478,0.41694868441652877,0.0785970687200337,0.0
1690209702703610980,682478,0.41698125263002994,0.07855789218368757,0.0
1690209702711367794,682479,0.4169605912660481,0.07849649878133429,0.0
1690209702711581258,682479,0.4169750816824637,0.07846012387821157,0.0
1690209702711955544,682479,0.41700887916120594,0.07838071154523724,0.0
1690209702711964794,682479,0.41697768663387774,0.07835204762248411,0.0
1690209702712009671,682479,0.4170116860406513,0.07824587395359962,0.0
1690209702712023168,682479,0.4170206176762268,0.07822526691861183,0.0
1690209702712030866,682479,0.41719158744235885,0.07804630332102772,0.0
1690209702712038589,682479,0.41717942684138215,0.0779971062592691,0.0
1690209702712060296,682479,0.4171614854898492,0.0780835935619531,0.0
1690209702712082335,682479,0.417291481220874,0.07795523976740872,0.0
1690209702719587757,682480,0.41736374533462406,0.07795869569398141,0.0
1690209702719893608,682480,0.4173609263777605,0.07800896783448767,0.0
1690209702720445432,682480,0.4173228782001333,0.078097987121937,0.0
1690209702721078743,682480,0.41735912521779145,0.07807458873140308,0.0
1690209702721252085,682480,0.4172376002115446,0.07821284266887273,0.0
1690209702721269245,682480,0.41719602248698684,0.07832271064270402,0.0
1690209702721486908,682480,0.4170085255787822,0.07852800693782008,0.0
1690209702721505506,682480,0.4169332582548547,0.07862855787217439,0.0
1690209702721529559,682480,0.41683958770333285,0.07865402710962745,0.0
1690209702721541071,682480,0.4167951873878568,0.07875886120778042,0.0
1690209702728260396,682481,0.41678567213949236,0.07877440023844728,0.0
1690209702728434798,682481,0.41669989949117975,0.07878126485950145,0.0
1690209702728746551,682481,0.4167299868295199,0.07879229688232128,0.0
1690209702729378985,682481,0.4167210044292744,0.07880084073609278,0.0
1690209702729536916,682481,0.4168848853304128,0.07861185715489065,0.0
1690209702729758553,682481,0.41682994584470995,0.07866126430432561,0.0
1690209702729770485,682481,0.4168425503739341,0.07868450884177221,0.0
1690209702729778587,682481,0.41698666468082174,0.07852849123164926,0.0
1690209702729786049,682481,0.416973698338621,0.07855086245259076,0.0
1690209702729815417,682481,0.4169990170970478,0.07860465513593765,0.0
1690209702736041857,682482,0.41701985151951154,0.07855855443699417,0.0
1690209702736222245,682482,0.4170593816044846,0.07850597087674127,0.0
1690209702737193703,682482,0.4170115796431061,0.07858054320570851,0.0
1690209702737208222,682482,0.4170304407145614,0.07854243176355852,0.0
1690209702737544847,682482,0.4170712802439981,0.07849250239223128,0.0
1690209702737557256,682482,0.4169987636819646,0.07848678243973184,0.0
1690209702737568590,682482,0.41699739150149895,0.07847328543785505,0.0
1690209702737575356,682482,0.41700646277783976,0.07840962371168418,0.0
1690209702737591724,682482,0.4169943615153695,0.07838628701710808,0.0
1690209702737596525,682482,0.4170204402170367,0.07831073899531572,0.0
1690209702743369809,682483,0.41704400859114477,0.07827309387578793,0.0
1690209702743576443,682483,0.417214304455785,0.07810823135498059,0.0
1690209702744529464,682483,0.41722709341534725,0.07806816499099624,0.0
1690209702744599744,682483,0.4172696203241901,0.07811725862404514,0.0
1690209702744728356,682483,0.41737699841492937,0.07800395014267587,0.0
1690209702744912217,682483,0.41744210363330964,0.07802697183065166,0.0
1690209702744919748,682483,0.41743144264901577,0.07809552608930481,0.0
1690209702744926146,682483,0.4173884005015267,0.07819461920771453,0.0
1690209702744938071,682483,0.41740428783626904,0.07818969232749352,0.0
1690209702744944684,682483,0.4172058791505206,0.07839243804163402,0.0
1690209702752048313,682484,0.41716791051152724,0.07848873590867027,0.0
1690209702753184818,682484,0.4171020206635071,0.07852182010565319,0.0
1690209702753408038,682484,0.4169861005432123,0.07866548701153221,0.0
1690209702753721149,682484,0.4168922391821936,0.07866390722801662,0.0
1690209702753746170,682484,0.41683633074394644,0.07875112588953079,0.0
1690209702753758752,682484,0.41686945202082903,0.07873078889151479,0.0
1690209702753776332,682484,0.4167847883770126,0.07875710139347276,0.0
1690209702753791633,682484,0.41688188590033903,0.07868834343251864,0.0
1690209702753800777,682484,0.41689307139240245,0.07867775510190539,0.0
1690209702753812286,682484,0.41706292184506,0.07850359066990997,0.0
1690209702760090105,682485,0.4170454464803383,0.0785206041527715,0.0
1690209702760493600,682485,0.4170842652059078,0.07854006021128705,0.0
1690209702761412476,682485,0.4172213698417243,0.07838172522403465,0.0
1690209702761640069,682485,0.41719245323740384,0.07840436724581168,0.0
1690209702761852053,682485,0.41720958744869463,0.07845717742781913,0.0
1690209702762056157,682485,0.4172031500824934,0.07841294579210314,0.0
1690209702762069092,682485,0.4172162691208311,0.07836751417848627,0.0
1690209702762079360,682485,0.41715164215484374,0.07846051526587483,0.0
1690209702762088995,682485,0.4171753448066438,0.07840046524441491,0.0
1690209702762094901,682485,0.4172132499786492,0.07833986099998387,0.0
1690209702768128872,682486,0.41715534397120135,0.07831386369941502,0.0
1690209702769429887,682486,0.4171890075536475,0.07825991840554708,0.0
1690209702769537712,682486,0.4172275939206156,0.07818647581968231,0.0
1690209702769843456,682486,0.4172189876343725,0.07815041905707974,0.0
1690209702769858476,682486,0.4172383234668963,0.07809619671426811,0.0
1690209702769870351,682486,0.41729227318217477,0.07803079738132629,0.0
1690209702769878239,682486,0.41744896764695566,0.07788472014159062,0.0
1690209702769924176,682486,0.4174492343554328,0.07787800282952431,0.0
1690209702769930626,682486,0.4174212980756867,0.07803254385707074,0.0
1690209702769943633,682486,0.4174898246732275,0.07797784970404469,0.0
1690209702779194449,682487,0.41748812441370553,0.07802566284172403,0.0
1690209702780922666,682487,0.417450608493225,0.07815344151197466,0.0
1690209702781092952,682487,0.4174130462461039,0.07821426257450964,0.0
1690209702781599316,682487,0.41738541596439005,0.07822242234120834,0.0
1690209702781617243,682487,0.41720438330257203,0.0784328248606876,0.0
1690209702781623974,682487,0.4171583106726114,0.07851903347812272,0.0
1690209702781630429,682487,0.41714178345212666,0.07848237157423808,0.0
1690209702781754206,682487,0.4169787528595091,0.07865458779828309,0.0
1690209702781774846,682487,0.4169212273293391,0.07866728229415025,0.0
1690209702781790017,682487,0.41696651073015817,0.07861485116672043,0.0
1690209702785461523,682488,0.41697287640501013,0.07861978458035374,0.0
1690209702785823415,682488,0.4169388166265655,0.07866932949415774,0.0
1690209702786449615,682488,0.4170547151066283,0.07855823482553353,0.0
1690209702786554602,682488,0.41709644481786556,0.07852230464382616,0.0
1690209702786739691,682488,0.4171808871344679,0.07845487965111347,0.0
1690209702786748269,682488,0.4171936670681071,0.07843025892949519,0.0
1690209702786755247,682488,0.41726470003690325,0.07839476237930677,0.0
1690209702786762686,682488,0.41734802349813305,0.07822867810201767,0.0
1690209702786781371,682488,0.4173418968223289,0.07820207498829448,0.0
1690209702786786615,682488,0.41737386671642385,0.07817605963388212,0.0
1690209702794344333,682489,0.4173420506590513,0.0781282417213304,0.0
1690209702794832528,682489,0.41736486803450557,0.07802366841592662,0.0
1690209702795483402,682489,0.41732019413559013,0.07806968252714049,0.0
1690209702795565345,682489,0.4174845599053092,0.07788659381919276,0.0
1690209702795935854,682489,0.41749738519500346,0.07782574613622717,0.0
1690209702796083503,682489,0.41745484351600504,0.07790349130445899,0.0
1690209702796093968,682489,0.4175790371525023,0.07777222194715976,0.0
1690209702796160906,682489,0.41763344719192064,0.07774029136547186,0.0
1690209702796173816,682489,0.41761964892067194,0.07779138028922779,0.0
1690209702796206499,682489,0.41758090247686963,0.07784556159432485,0.0
1690209702803222810,682490,0.4176255065099599,0.07780946740148367,0.0
1690209702804693334,682490,0.4175377529673535,0.07791899178677952,0.0
1690209702804904510,682490,0.41750385868526374,0.07799908146618671,0.0
1690209702805300358,682490,0.4174343139364532,0.07812809568572737,0.0
1690209702805312379,682490,0.4173534180549474,0.07822495635817615,0.0
1690209702805322429,682490,0.41727742195310347,0.07828411949147364,0.0
1690209702805328664,682490,0.4172619618018101,0.07837378195011342,0.0
1690209702805343037,682490,0.4172577783554506,0.07841616735204046,0.0
1690209702805358774,682490,0.41717372714050066,0.07847255737941737,0.0
1690209702805375309,682490,0.41708804704847946,0.07859508925035254,0.0
1690209702810246259,682491,0.4170775585763555,0.07866073114666403,0.0
1690209702810280155,682491,0.41711975153892406,0.07858764581915918,0.0
1690209702811248549,682491,0.4169834252466076,0.07871428566375939,0.0
1690209702811425580,682491,0.4169622598486815,0.07871834964336859,0.0
1690209702811677419,682491,0.4170529995007531,0.07858720751072897,0.0
1690209702811697444,682491,0.4170276972423915,0.0786036562089687,0.0
1690209702811705606,682491,0.41699337732676905,0.07863057859934434,0.0
1690209702811715482,682491,0.41708979752564856,0.07851001696893257,0.0
1690209702811723116,682491,0.4171280686398119,0.0784200595562081,0.0
1690209702811753574,682491,0.4171844145570675,0.07838374193382061,0.0
1690209702819050237,682492,0.417243652216108,0.07829430379116627,0.0
1690209702819341852,682492,0.4173052994642781,0.07824221898698044,0.0
1690209702820097384,682492,0.4173540198533904,0.07810882393006782,0.0
1690209702820290993,682492,0.4173725553525041,0.07807448364697919,0.0
1690209702820952817,682492,0.4174663472817444,0.07805944313707577,0.0
1690209702821096009,682492,0.41743439833083645,0.07802427812621461,0.0
1690209702821456041,682492,0.41745096371820517,0.0779673562263132,0.0
1690209702821481089,682492,0.4174304644927179,0.07800209206229414,0.0
1690209702821492522,682492,0.41755903696199376,0.0778568748473662,0.0
1690209702821507894,682492,0.41756216120220385,0.07782497501722993,0.0
1690209702827085766,682493,0.4174680203273741,0.07796605282881931,0.0
1690209702827449193,682493,0.4176008133683506,0.07783329479297141,0.0
1690209702828261809,682493,0.41762383117354396,0.07782325727857752,0.0
1690209702828389029,682493,0.4176029676873705,0.07790114347061636,0.0
1690209702828477677,682493,0.41757819026920945,0.07795782463898406,0.0
1690209702828861366,682493,0.4176286313540649,0.07791328448874649,0.0
1690209702828985879,682493,0.4175331433330188,0.07802723775025816,0.0
1690209702829116793,682493,0.4174915478691387,0.0781223928810089,0.0
1690209702829221754,682493,0.4173677542208584,0.07828980533689,0.0
1690209702829236314,682493,0.41729515392866123,0.07839922724415294,0.0
1690209702836755111,682494,0.41722704167818775,0.07843973134027386,0.0
1690209702837101200,682494,0.4171604056092334,0.0785724838960207,0.0
1690209702837461101,682494,0.41716656433358196,0.0786123806093983,0.0
1690209702837725214,682494,0.4171163999137715,0.078622842290643,0.0
1690209702838487575,682494,0.4170099406335306,0.0787661458475214,0.0
1690209702839013017,682494,0.4169859676834946,0.07884010147435973,0.0
1690209702839142594,682494,0.41707678798524245,0.07870166302397502,0.0
1690209702839492268,682494,0.416977571494671,0.07880479147893231,0.0
1690209702839519702,682494,0.41697420572240534,0.07881669686121662,0.0
1690209702839532829,682494,0.4170930673624686,0.07866634168299173,0.0
1690209702845211886,682495,0.4170667301584008,0.07869343355914785,0.0
1690209702845443345,682495,0.4170242610044886,0.07873556675062313,0.0
1690209702845702140,682495,0.4171027968010955,0.07863084593568526,0.0
1690209702845718980,682495,0.4171482109950442,0.07855401228047285,0.0
1690209702845730085,682495,0.41719119397010684,0.07854824685169884,0.0
1690209702845740602,682495,0.4172178654971267,0.07848947677812447,0.0
1690209702845750383,682495,0.4172563991648771,0.07846055704531436,0.0
1690209702845760741,682495,0.41726085051565354,0.0783662841749069,0.0
1690209702845769130,682495,0.4172852837309631,0.07832528134448077,0.0
1690209702845777195,682495,0.41732839545062894,0.07826781415022518,0.0
1690209702851920826,682496,0.417309961366392,0.07823886663779177,0.0
1690209702852032614,682496,0.41732780524956253,0.07814665501903485,0.0
1690209702852313527,682496,0.41732350079593583,0.07813810165558707,0.0
1690209702852322214,682496,0.41752133902948846,0.07793320208531863,0.0
1690209702852334462,682496,0.41750898478276455,0.07790270470865003,0.0
1690209702852341925,682496,0.4174998097547178,0.07802342850316012,0.0
1690209702852348700,682496,0.4176130618835834,0.07791392843956095,0.0
1690209702852366046,682496,0.41765950694955034,0.0779572281000014,0.0
1690209702852379191,682496,0.41764881144361504,0.0780496943604897,0.0
1690209702852383548,682496,0.41759762455299854,0.0781489027115038,0.0
1690209702860402941,682497,0.4176156638607694,0.07814977489443121,0.0
1690209702860840692,682497,0.4174137915077652,0.07836376413859134,0.0
1690209702861782198,682497,0.417388418503019,0.07845842079567643,0.0
1690209702862058441,682497,0.41721529491470805,0.0785955392567931,0.0
1690209702862431794,682497,0.41707376799668233,0.07874479438635439,0.0
1690209702862446433,682497,0.416975625225875,0.07874703496889991,0.0
1690209702862458103,682497,0.4169152961658073,0.07882370959115699,0.0
1690209702862474992,682497,0.41692782862009947,0.07880708052368159,0.0
1690209702862508861,682497,0.4168710140527412,0.07882353343728482,0.0
1690209702862523464,682497,0.4169887338819318,0.07876447032370684,0.0
1690209702868993238,682498,0.4169766390338776,0.0787774258333908,0.0
1690209702869233315,682498,0.4171594558527522,0.07859034531743568,0.0
1690209702869928923,682498,0.4171409035485923,0.07861397013394983,0.0
1690209702870525534,682498,0.4171792257071608,0.0786314459691721,0.0
1690209702870702069,682498,0.41733262489784395,0.07845666298419057,0.0
1690209702870710932,682498,0.4173151385665194,0.07847030458734934,0.0
1690209702870986912,682498,0.4173474136849865,0.07849960390133653,0.0
1690209702871002859,682498,0.4173126030015313,0.07847996045705911,0.0
1690209702871024980,682498,0.4173240069222962,0.07839930746870376,0.0
1690209702871044728,682498,0.41726713521613024,0.07844481937071487,0.0
1690209702877942710,682499,0.4172942268673383,0.07837419459404117,0.0
1690209702878607707,682499,0.4173095247758459,0.07830980388202521,0.0
1690209702878746320,682499,0.4172675664933353,0.07830823270461372,0.0
1690209702879554228,682499,0.41733725349371475,0.07822446723197528,0.0
1690209702879635774,682499,0.4174163637982381,0.07818523077914064,0.0
1690209702879760189,682499,0.4174022543408017,0.07818407762533319,0.0
1690209702880040861,682499,0.4173892704850094,0.07823719372154743,0.0
1690209702880061016,682499,0.4174587878490108,0.07819296234635881,0.0
1690209702880077586,682499,0.4174326032800853,0.0782361492684407,0.0
1690209702880090677,682499,0.41741568550083225,0.07830077375758761,0.0
1690209702885137809,682500,0.41727192859220685,0.07850375372800732,0.0
1690209702885764693,682500,0.4172662505795542,0.07853964578438369,0.0
1690209702886395938,682500,0.417190178808585,0.07856414564699284,0.0
1690209702886477454,682500,0.4171467151622079,0.07869035162986678,0.0
1690209702886761322,682500,0.41711817267563833,0.07872581541503004,0.0
1690209702886777611,682500,0.41705829347555057,0.0787388223725416,0.0
1690209702886803187,682500,0.4169923127031287,0.07883908303967148,0.0
1690209702886814720,682500,0.4169841574052188,0.07886509429508065,0.0
1690209702886822739,682500,0.4171014658833251,0.07871609183027477,0.0
1690209702886833311,682500,0.4169951180230367,0.07882500220261766,0.0
1690209702893920326,682501,0.41698745413121113,0.07882905379812367,0.0
1690209702894115925,682501,0.41709213172913895,0.07870127075894799,0.0
1690209702894702631,682501,0.41706275652935476,0.07874065788502153,0.0
1690209702894803189,682501,0.4170666957798006,0.07879063327002644,0.0
1690209702895106833,682501,0.41713752873903015,0.07870498496688089,0.0
1690209702895240220,682501,0.4171803208344864,0.07864498126398978,0.0
1690209702895618344,682501,0.41715222228673254,0.07870462565400943,0.0
1690209702895633738,682501,0.4171601765571351,0.07866630977975494,0.0
1690209702895642152,682501,0.41716943297734943,0.07861576569908228,0.0
1690209702895676289,682501,0.41711065076179377,0.07857406847199545,0.0
1690209702903242648,682502,0.41714603512958204,0.07851956276202116,0.0
1690209702904535254,682502,0.41718840445581684,0.0784301267472464,0.0
1690209702904652708,682502,0.41716831556065836,0.07840975693769742,0.0
1690209702904964537,682502,0.41717623621635136,0.07836549402039576,0.0
1690209702904976612,682502,0.4172265365048979,0.07829854785341442,0.0
1690209702904991223,682502,0.41737619046052726,0.07814691358103058,0.0
1690209702905031372,682502,0.41736421552988157,0.07814121295400547,0.0
1690209702905046113,682502,0.41730731919754965,0.07829409274270283,0.0
1690209702905060730,682502,0.417388225092516,0.07822383243586556,0.0
1690209702905072159,682502,0.41741126067010886,0.07826601749682824,0.0
1690209702911673921,682503,0.41738211462490393,0.07837339720914457,0.0
1690209702913020344,682503,0.41734475815795286,0.07846406145191936,0.0
1690209702913259689,682503,0.41732094262286507,0.0784745947768153,0.0
1690209702913565105,682503,0.41714193041189956,0.078686967910581,0.0
1690209702913589449,682503,0.4171103510167379,0.07878176442999214,0.0
1690209702913625562,682503,0.4169973200264965,0.07886545099538676,0.0
1690209702913633338,682503,0.4168503784507519,0.07903335636502484,0.0
1690209702913638267,682503,0.4167629983446087,0.0790491725447905,0.0
1690209702913651906,682503,0.4167850629240285,0.07904839569670818,0.0
1690209702913661583,682503,0.4167958673898654,0.07904982861423678,0.0
1690209702918347423,682504,0.416722798580017,0.07910166359663684,0.0
1690209702919022918,682504,0.4167737398570193,0.07908212601499996,0.0
1690209702919148411,682504,0.41676328708796584,0.07910059962027177,0.0
1690209702919391952,682504,0.4169070069356194,0.07894850339780662,0.0
1690209702919530798,682504,0.41683650908440256,0.07899663946989963,0.0
1690209702919547898,682504,0.4168784144718277,0.0789858820031057,0.0
1690209702919559639,682504,0.4169720460966641,0.07881847111029594,0.0
1690209702919807036,682504,0.4169469126123353,0.07884320782000791,0.0
1690209702919940435,682504,0.41696920993861974,0.07883155029047437,0.0
1690209702920077361,682504,0.41700523706865794,0.0787295735236228,0.0
1690209702928614819,682505,0.4170445540007943,0.07861226659036409,0.0
1690209702929065830,682505,0.41704155809157667,0.07864040159869357,0.0
1690209702930691674,682505,0.4172200254011935,0.0784317768523005,0.0
1690209702930920394,682505,0.41725328180516813,0.07837017820138005,0.0
1690209702930931817,682505,0.41729307391096016,0.07829020799641882,0.0
1690209702931307115,682505,0.4173692063212726,0.07819639352837543,0.0
1690209702931329564,682505,0.4174772346051002,0.07815742310301763,0.0
1690209702931384442,682505,0.41745038523153144,0.07815290762932142,0.0
1690209702931404007,682505,0.4174478974639493,0.07812947504344608,0.0
1690209702931420077,682505,0.4174687998796438,0.07811392281952971,0.0
1690209702937599695,682506,0.4175013757603515,0.07808165678608318,0.0
1690209702937807161,682506,0.41749342008051615,0.07809174955624493,0.0
1690209702938098905,682506,0.4173337698488909,0.07828056403637507,0.0
1690209702938426325,682506,0.41736415333185056,0.07826735841614992,0.0
1690209702939191562,682506,0.41735250641006993,0.07826134897379701,0.0
1690209702939200207,682506,0.41730630993770046,0.07837096308543169,0.0
1690209702939445829,682506,0.41730205535457243,0.07842191497665398,0.0
1690209702939464638,682506,0.41727198968704554,0.07840661636242388,0.0
1690209702939474671,682506,0.4172362883373054,0.07849689769880837,0.0
1690209702939503901,682506,0.4172196737105617,0.07856945794610637,0.0
1690209702944469757,682507,0.41723535930463534,0.07856704276218378,0.0
1690209702944599363,682507,0.41713233700424657,0.07869636025982985,0.0
1690209702944818065,682507,0.41705534694911783,0.07874253349230413,0.0
1690209702945276947,682507,0.4171505968316121,0.07868574895107011,0.0
1690209702945434442,682507,0.41713168165659087,0.07871857814453796,0.0
1690209702945709478,682507,0.4170814737890218,0.0787867761896227,0.0
1690209702945723310,682507,0.41710945408290967,0.07876189027224413,0.0
1690209702945746458,682507,0.41712394181625845,0.07873844142963789,0.0
1690209702945775646,682507,0.41722745958938723,0.07863122923989717,0.0
1690209702945783597,682507,0.41718174315143663,0.07865908738353708,0.0
1690209702952366821,682508,0.41722770288488037,0.07862339168312259,0.0
1690209702953458405,682508,0.41726205301501695,0.0784687493820356,0.0
1690209702953700585,682508,0.4172707020415585,0.07844393056691663,0.0
1690209702954038200,682508,0.41730327340364937,0.07842472059697024,0.0
1690209702954053631,682508,0.4173392878210692,0.07831005211947227,0.0
1690209702954060427,682508,0.4173796077168353,0.07823084462562031,0.0
1690209702954073667,682508,0.41735800477339974,0.0782569719944786,0.0
1690209702954098675,682508,0.4175419841163326,0.07805138365059541,0.0
1690209702954104268,682508,0.41759193870912215,0.0779700079612442,0.0
1690209702954119333,682508,0.4175502908823137,0.0780217585647699,0.0
1690209702960948089,682509,0.4176492876824535,0.07789917098156329,0.0
1690209702962362312,682509,0.41769897140423523,0.07787130001941812,0.0
1690209702962490102,682509,0.41768241186616784,0.07792939013336399,0.0
1690209702962710874,682509,0.41767062314928055,0.07792129493401044,0.0
1690209702962965101,682509,0.4177048544040545,0.0778892980568438,0.0
1690209702962999176,682509,0.417658622871139,0.07795232223728822,0.0
1690209702963021447,682509,0.4176401967221138,0.07800005830958753,0.0
1690209702963035189,682509,0.4175614407239232,0.07812460119027917,0.0
1690209702963046899,682509,0.4175225056805431,0.07819702377620318,0.0
1690209702963058032,682509,0.4175228154412288,0.07820830389598513,0.0
1690209702969169348,682510,0.41749467939373414,0.07829836208991053,0.0
1690209702969797056,682510,0.41748571616361396,0.07837211282462742,0.0
1690209702970419081,682510,0.41744879272780056,0.07838258444142686,0.0
1690209702970514768,682510,0.4173868452417116,0.07848475483522659,0.0
1690209702970526478,682510,0.4173830946905406,0.07855991363291649,0.0
1690209702970797366,682510,0.417332088830128,0.07862816101664634,0.0
1690209702970808840,682510,0.417241971273332,0.07872611191307895,0.0
1690209702970822620,682510,0.4171795871706036,0.07874649109708787,0.0
1690209702970836893,682510,0.417195141302137,0.07870902106401621,0.0
1690209702970857465,682510,0.41716058248524557,0.07872483818308536,0.0
1690209702978541536,682511,0.41709038700067547,0.07875427350062914,0.0
1690209702979784252,682511,0.4170246070468035,0.07878501229928694,0.0
1690209702979925793,682511,0.4170391563886565,0.07872771952677321,0.0
1690209702980372142,682511,0.41711397979220943,0.07861620477828457,0.0
1690209702980390538,682511,0.4171831208051625,0.07852099270020002,0.0
1690209702980404861,682511,0.4172083570870886,0.07847646790582596,0.0
1690209702980418406,682511,0.4173114950522673,0.07834647065025632,0.0
1690209702980447446,682511,0.41740510088577365,0.07824148799074164,0.0
1690209702980455963,682511,0.41746703448796646,0.0782689301929918,0.0
1690209702980500556,682511,0.41752220024940806,0.07820359436053347,0.0
1690209702985461401,682512,0.41755264510011697,0.07817685236486377,0.0
1690209702986835816,682512,0.41760759713354306,0.07817015034267501,0.0
1690209702986956093,682512,0.4176306008879698,0.07813918960342842,0.0
1690209702987286988,682512,0.41764265334927814,0.0781588291056126,0.0
1690209702987299946,682512,0.4175023506076543,0.07827095216956903,0.0
1690209702987305473,682512,0.41749472292280376,0.07828325778354063,0.0
1690209702987310749,682512,0.4174805194426933,0.07826266862293618,0.0
1690209702987350335,682512,0.4173712145705539,0.07838028291027294,0.0
1690209702987357209,682512,0.4173480609936371,0.07838540948509926,0.0
1690209702987362790,682512,0.41729608056440687,0.07838248078815678,0.0
1690209702992830644,682513,0.4173426096255147,0.07837591188287123,0.0
1690209702993087312,682513,0.41730667104776387,0.0784225324906113,0.0
1690209702993572559,682513,0.4173102049647694,0.07843949073466956,0.0
1690209702993995919,682513,0.4173002064948829,0.07845702261508876,0.0
1690209702994064518,682513,0.41730073432002834,0.07848011100416305,0.0
1690209702994274808,682513,0.4173695986631837,0.07846317661070587,0.0
1690209702994499922,682513,0.4173313937723355,0.07856185877325854,0.0
1690209702994515240,682513,0.41731758197551627,0.07859763770711152,0.0
1690209702994524492,682513,0.4172855812689311,0.07863076696945953,0.0
1690209702994531029,682513,0.41728737770603097,0.078650914392069,0.0
1690209703003037124,682514,0.4172561744604526,0.0787350365719631,0.0
1690209703003630807,682514,0.4172133958170501,0.07878246875694149,0.0
1690209703004665246,682514,0.4171858404269619,0.07877478482068753,0.0
1690209703005076654,682514,0.41719356567523225,0.07874314776755854,0.0
1690209703005194320,682514,0.41718471288808806,0.07875675362026123,0.0
1690209703005438486,682514,0.41716822772426615,0.07874914491395439,0.0
1690209703005458980,682514,0.41706223690944194,0.07881352595672103,0.0
1690209703005469328,682514,0.41707929385091336,0.07876570379476494,0.0
1690209703005475963,682514,0.41712364483946784,0.07868141166297316,0.0
1690209703005516938,682514,0.4171862016777632,0.07861819683498675,0.0
1690209703010158957,682515,0.4171411598072821,0.07858065423908778,0.0
1690209703011078652,682515,0.4171703632090944,0.07855594116884428,0.0
1690209703011391310,682515,0.41726983120494093,0.07845353964743906,0.0
1690209703011551720,682515,0.4172860003929759,0.07849112023610959,0.0
1690209703011562707,682515,0.41735533673137337,0.07844299539422797,0.0
1690209703011577722,682515,0.4173760815287116,0.07840889907350013,0.0
1690209703011585387,682515,0.41747298701511293,0.07834551963205026,0.0
1690209703011592947,682515,0.4174760299367488,0.07834635684098262,0.0
1690209703011602608,682515,0.41750746921218845,0.07836353188291269,0.0
1690209703011607723,682515,0.41746832158866554,0.07835905320743312,0.0
1690209703018946070,682516,0.41739814806868725,0.07842041412861382,0.0
1690209703019232791,682516,0.4174067677007531,0.07843030517868414,0.0
1690209703019322860,682516,0.41731649176227537,0.07851560387759404,0.0
1690209703019623146,682516,0.4173239998648161,0.07848790538729893,0.0
1690209703019717894,682516,0.41724193232307605,0.07852837123600542,0.0
1690209703019818967,682516,0.41730780352597974,0.07848323710787686,0.0
1690209703019952398,682516,0.4172965858067892,0.07850343568108059,0.0
1690209703019962268,682516,0.41727538701408284,0.07852419500939113,0.0
1690209703019968871,682516,0.41727921844824123,0.07852915787993496,0.0
1690209703019976477,682516,0.417295813461699,0.07851631689956662,0.0
1690209703026235665,682517,0.417358903363426,0.0784493135418709,0.0
1690209703026488084,682517,0.4173071726357188,0.07849410561536131,0.0
1690209703026722433,682517,0.4173099209787857,0.07848742594981944,0.0
1690209703027037403,682517,0.4173693335116705,0.07841448684483007,0.0
1690209703027102141,682517,0.4173754185580227,0.0783852705731099,0.0
1690209703027294218,682517,0.4173711251826335,0.07846613146203192,0.0
1690209703027306405,682517,0.41744791603814557,0.07838671531536252,0.0
1690209703027320441,682517,0.4174517332333514,0.07837700102450763,0.0
1690209703027324865,682517,0.41744798890579815,0.07839070298151159,0.0
1690209703027329422,682517,0.4174618267328188,0.07840268398266372,0.0
1690209703035949382,682518,0.4174950427498872,0.07838938599210946,0.0
1690209703036707342,682518,0.4173569403790295,0.07849245082844578,0.0
1690209703036958018,682518,0.41736171871028976,0.0785022990400664,0.0
1690209703037138101,682518,0.4173501900424583,0.0784818387300858,0.0
1690209703037151498,682518,0.417335485084755,0.07849136661864803,0.0
1690209703037159079,682518,0.4172927040224298,0.07845829467007777,0.0
1690209703037169196,682518,0.41722457944369107,0.0785326429927943,0.0
1690209703037178827,682518,0.41729456385338565,0.07845650258228588,0.0
1690209703037185319,682518,0.41724577493185255,0.07848037243108368,0.0
1690209703037190734,682518,0.4172625491192446,0.07848756620875125,0.0
1690209703045353964,682519,0.4172496710984786,0.07846470711422542,0.0
1690209703045581011,682519,0.41736230229175914,0.07833195880402993,0.0
1690209703045978823,682519,0.4173393929185094,0.07837709763418349,0.0
1690209703046069891,682519,0.4173589496132232,0.07842711111710901,0.0
1690209703046169552,682519,0.41746629259079604,0.0782831825854487,0.0
1690209703046375243,682519,0.4174174091335117,0.07835072350901529,0.0
1690209703046388400,682519,0.41744884593184284,0.07837565407367524,0.0
1690209703046396334,682519,0.4175041866760642,0.07831747261738192,0.0
1690209703046401053,682519,0.4175096518920756,0.07828710339796122,0.0
1690209703046459716,682519,0.41744312947331386,0.07838042155675545,0.0
1690209703052712616,682520,0.417510628577318,0.0783022342741024,0.0
1690209703053398807,682520,0.41752891205019255,0.07830285116479513,0.0
1690209703053480105,682520,0.417459145810021,0.07836125174256969,0.0
1690209703053678228,682520,0.41742849454028236,0.07835540935339913,0.0
1690209703053688678,682520,0.4174487808840335,0.07830969105048091,0.0
1690209703053699544,682520,0.417414137557403,0.07827161792860486,0.0
1690209703053712000,682520,0.41738912039306947,0.07825317450296572,0.0
1690209703053718928,682520,0.417383772852936,0.07821939241775555,0.0
1690209703053725723,682520,0.41742173775677194,0.07813760032122503,0.0
1690209703053749362,682520,0.41743496618567755,0.07807202473166114,0.0
1690209703059629194,682521,0.4173965479285959,0.07813993621323499,0.0
1690209703059849607,682521,0.41754884449283525,0.07798685698555664,0.0
1690209703059939726,682521,0.4175830143628317,0.07794320388219655,0.0
1690209703060442006,682521,0.41759992622596503,0.07799597726688796,0.0
1690209703060491870,682521,0.4176777831851339,0.07797017106356345,0.0
1690209703060655878,682521,0.4177173763374248,0.07798351445170304,0.0
1690209703060667233,682521,0.41766130065666685,0.078074354307235,0.0
1690209703060673167,682521,0.4176392510471176,0.07813658975476474,0.0
1690209703060679834,682521,0.41760332696235564,0.07818805775538076,0.0
1690209703060684059,682521,0.41744622439207824,0.07836857818390194,0.0
1690209703070087319,682522,0.41736598688551346,0.07841649876341242,0.0
1690209703071690634,682522,0.41734860687036845,0.07845086411452512,0.0
1690209703071829048,682522,0.41730440329283086,0.07850545520411215,0.0
1690209703072274428,682522,0.4172492416469439,0.0785154035704518,0.0
1690209703072285931,682522,0.41716949541453796,0.07861252974747146,0.0
1690209703072292597,682522,0.4171499735439429,0.07862590987533749,0.0
1690209703072312737,682522,0.4172242400815086,0.07849069828649467,0.0
1690209703072327093,682522,0.41722491503748754,0.07851668955337612,0.0
1690209703072368466,682522,0.4172527221997601,0.07855667874088307,0.0
1690209703072381336,682522,0.4173610268061303,0.07841526400629757,0.0
1690209703077446777,682523,0.41731426342958333,0.07845662381513231,0.0
1690209703077749926,682523,0.417339523652958,0.07849396030881829,0.0
1690209703078408291,682523,0.4174269848478456,0.07837551018207274,0.0
1690209703078495046,682523,0.41739772898076494,0.0783826834376979,0.0
1690209703078729906,682523,0.4173408832400409,0.07847991891157824,0.0
1690209703078743343,682523,0.41740221531978855,0.07839379086044389,0.0
1690209703078757811,682523,0.4174255863624852,0.07834993321549938,0.0
1690209703078765144,682523,0.4173830183833022,0.07839157638971324,0.0
1690209703078769943,682523,0.41740281437078974,0.07833884731119985,0.0
1690209703078791063,682523,0.4174505220586565,0.07823891120110507,0.0
1690209703085411025,682524,0.41745207233942433,0.0781840506920609,0.0
1690209703085772171,682524,0.4174694656486902,0.07813780376175843,0.0
1690209703086462719,682524,0.4174973139511905,0.07812247251951555,0.0
1690209703086820786,682524,0.41753229311528206,0.07804417699729366,0.0
1690209703087006985,682524,0.4175340434028132,0.07801624346396407,0.0
1690209703087226463,682524,0.41753142634272217,0.07806660966593262,0.0
1690209703087485635,682524,0.41762931021766203,0.07796506508122795,0.0
1690209703087504874,682524,0.4176379942698295,0.07796482113343275,0.0
1690209703087529912,682524,0.4175713051331086,0.07810256723993234,0.0
1690209703087544790,682524,0.417633548172281,0.07809184282187119,0.0
1690209703093822287,682525,0.4176706418726567,0.07808881166261201,0.0
1690209703094819069,682525,0.4175547309727527,0.07826498004404722,0.0
1690209703094993533,682525,0.4175452487417576,0.07831167473495701,0.0
1690209703095261344,682525,0.41749731053434275,0.07835031290424847,0.0
1690209703095276540,682525,0.41736833950340896,0.07851283363581336,0.0
1690209703095296741,682525,0.41729076042873225,0.07855418059561597,0.0
1690209703095308702,682525,0.4173088808763613,0.07854804934388869,0.0
1690209703095318194,682525,0.41723535795981526,0.07863105092060306,0.0
1690209703095326270,682525,0.4171830299390239,0.07867107766637998,0.0
1690209703095344219,682525,0.41722721475888835,0.07864821948065998,0.0
1690209703101780911,682526,0.4172096193487306,0.07867213744008744,0.0
1690209703101880452,682526,0.4172782301627297,0.07862244232935295,0.0
1690209703102308567,682526,0.4172866819618575,0.07860763325542347,0.0
1690209703102624711,682526,0.41735027340858777,0.07860025859165856,0.0
1690209703102682289,682526,0.41740071798777967,0.07852753523479795,0.0
1690209703102947171,682526,0.417367128581686,0.0785442416029082,0.0
1690209703102955062,682526,0.4174272448198365,0.07853020340802751,0.0
1690209703102960725,682526,0.4174366714320675,0.07841147723925619,0.0
1690209703103018381,682526,0.4174548026906055,0.07835457096682302,0.0
1690209703103039788,682526,0.417421315915516,0.07837003663374037,0.0
1690209703109813785,682527,0.41749511176757703,0.07823130335444348,0.0
1690209703110150729,682527,0.4175420875928101,0.0781287625897783,0.0
1690209703110332135,682527,0.41750727169597396,0.07812922239604975,0.0
1690209703111218059,682527,0.41764636414303535,0.07796764959956243,0.0
1690209703111224296,682527,0.4176889196334673,0.07788102453503876,0.0
1690209703111626416,682527,0.4177208133080923,0.07787061065279473,0.0
1690209703111639888,682527,0.4178204778628268,0.07776086282445,0.0
1690209703111649881,682527,0.4178779158922898,0.07775298043532396,0.0
1690209703111660438,682527,0.4179287694717441,0.07773304362419726,0.0
1690209703111668767,682527,0.4179103623875351,0.07775097912967727,0.0
1690209703118565782,682528,0.4178974817325788,0.07782627337249311,0.0
1690209703118981802,682528,0.4178498864348954,0.07788346078324812,0.0
1690209703119628577,682528,0.4178375645812795,0.07794319581911051,0.0
1690209703120247691,682528,0.4178178833411756,0.07799405097032223,0.0
1690209703120520974,682528,0.41775159083137386,0.07811811400514586,0.0
1690209703120844317,682528,0.4176973910202014,0.07813795550777458,0.0
1690209703120868511,682528,0.41752243130743116,0.07835368023034235,0.0
1690209703120883462,682528,0.4175028649912438,0.0784169221303861,0.0
1690209703120894671,682528,0.4174167395516012,0.07843505352109993,0.0
1690209703120904663,682528,0.4173523704046558,0.0785166647936555,0.0
1690209703127144495,682529,0.4172913616051146,0.07854650324713949,0.0
1690209703127463684,682529,0.4173496623008509,0.07847285956119578,0.0
1690209703128138394,682529,0.41732593558750375,0.07849072575330714,0.0
1690209703128723449,682529,0.4172849530916706,0.07852733576045719,0.0
1690209703128927367,682529,0.4174112017580798,0.07838194284007019,0.0
1690209703128940045,682529,0.41739456783149514,0.0783868217189415,0.0
1690209703129104022,682529,0.4174994583056011,0.07828379482335546,0.0
1690209703129353900,682529,0.4175466764640441,0.07819316524532233,0.0
1690209703129371537,682529,0.4176047714929596,0.07812034471290001,0.0
1690209703129389145,682529,0.41767667178347845,0.07801728324671518,0.0
1690209703136155254,682530,0.417707771188651,0.07794516420082032,0.0
1690209703136520671,682530,0.4177563573723636,0.0779134165858627,0.0
1690209703136722038,682530,0.41780909868253724,0.07780835170380791,0.0
1690209703136892476,682530,0.417861516843577,0.07771649101089298,0.0
1690209703137757322,682530,0.41786608786568014,0.07776062088425369,0.0
1690209703137845606,682530,0.41789859959633385,0.07769445059907894,0.0
1690209703138072698,682530,0.4178980707310679,0.07768328000555219,0.0
1690209703138086823,682530,0.4178415043725833,0.07775846363832348,0.0
1690209703138112964,682530,0.4178820694355279,0.07771324354084269,0.0
1690209703138124019,682530,0.41789340265885133,0.07768386749908296,0.0
1690209703145008703,682531,0.4177787325271165,0.07783346054636874,0.0
1690209703146030906,682531,0.41782563192090716,0.07780286930069322,0.0
1690209703146393294,682531,0.4178180488984461,0.0777933193702767,0.0
1690209703146447084,682531,0.41781267059255445,0.07786386281503337,0.0
1690209703146760829,682531,0.4177887076714341,0.07789678401290837,0.0
1690209703146770419,682531,0.41777993908500155,0.07794282541783433,0.0
1690209703146783476,682531,0.4177510802601737,0.07801463259686596,0.0
1690209703146798341,682531,0.4177014887801924,0.07810553003460788,0.0
1690209703146806695,682531,0.41769948389132355,0.07814628894956684,0.0
1690209703146829097,682531,0.41759951354096814,0.07830121866372208,0.0
1690209703153227989,682532,0.417557221034043,0.07835120156857532,0.0
1690209703154321911,682532,0.4174245943186348,0.07852708276444706,0.0
1690209703154328080,682532,0.41743440194944226,0.0785670237696409,0.0
1690209703154743208,682532,0.41736879782394165,0.07859715015545475,0.0
1690209703154756551,682532,0.41730474746770757,0.07868514993269055,0.0
1690209703154768637,682532,0.41727683220828676,0.07869259027735422,0.0
1690209703154781000,682532,0.41726931703036046,0.07868780157851092,0.0
1690209703154789550,682532,0.4172418381078612,0.07872119072958829,0.0
1690209703154876314,682532,0.417227327433631,0.07872527234447682,0.0
1690209703154931848,682532,0.4173206286617246,0.07857260413730174,0.0
1690209703161583215,682533,0.41732263221797394,0.07854305558882545,0.0
1690209703162703659,682533,0.4174164664073337,0.0784170504172782,0.0
1690209703162861367,682533,0.41744094346904653,0.07834606270118367,0.0
1690209703163147087,682533,0.41749790673173315,0.07827323485164776,0.0
1690209703163159666,682533,0.41756592738463283,0.07816867262053574,0.0
1690209703163174200,682533,0.41763255761887036,0.07807781674765199,0.0
1690209703163185035,682533,0.41767733902201676,0.07805085296225035,0.0
1690209703163198842,682533,0.4177273529055015,0.07796184426936197,0.0
1690209703163213529,682533,0.4178169588801568,0.07783993698273434,0.0
1690209703163224677,682533,0.41782418254150233,0.07788505224079424,0.0
1690209703170356802,682534,0.4178654310321067,0.07781357006755686,0.0
1690209703170739663,682534,0.4178560900188661,0.07779325065983281,0.0
1690209703171579252,682534,0.4178291709263866,0.07781610593347561,0.0
1690209703171744661,682534,0.41784330318673124,0.07777658160232398,0.0
1690209703172045654,682534,0.41784301502274984,0.07777344539433544,0.0
1690209703172057401,682534,0.41772349853649643,0.07791809803361587,0.0
1690209703172066585,682534,0.4177153413219264,0.07793879758860302,0.0
1690209703172077485,682534,0.4176834978331316,0.07792533956115846,0.0
1690209703172086401,682534,0.41765373802542893,0.078005927561191,0.0
1690209703172115158,682534,0.4176470033938551,0.07802914043751928,0.0
1690209703176730268,682535,0.4176178005054172,0.07808919334294909,0.0
1690209703177039971,682535,0.4176160265152107,0.07813526574947689,0.0
1690209703177974492,682535,0.41760269804492683,0.0782089901445375,0.0
1690209703178049746,682535,0.41763107739638194,0.07821174075175952,0.0
1690209703178251015,682535,0.417544269239412,0.07834834603025473,0.0
1690209703178428591,682535,0.4175115410496051,0.07838845079725146,0.0
1690209703178434751,682535,0.417457488051045,0.07846423697402988,0.0
1690209703178441982,682535,0.41742385033444607,0.07852770733513992,0.0
1690209703178446719,682535,0.4173918802220655,0.07855146954610207,0.0
1690209703178504320,682535,0.4173160194433067,0.07862658651095124,0.0
1690209703186598353,682536,0.4172800470661293,0.07860848169236488,0.0
1690209703187995819,682536,0.4172626404703943,0.0786128124062414,0.0
1690209703188200981,682536,0.41723195170425564,0.07862343093423613,0.0
1690209703188789704,682536,0.41722238407939544,0.07860514620183469,0.0
1690209703188802666,682536,0.41726885214537524,0.0784941402423046,0.0
1690209703188825296,682536,0.4172804240808596,0.07845513489598784,0.0
1690209703188845947,682536,0.41739893622503393,0.07830379002772728,0.0
1690209703188852522,682536,0.41742431015447556,0.07822373631882151,0.0
1690209703188864591,682536,0.4174740184798642,0.07819140011602961,0.0
1690209703188911940,682536,0.41756108673363945,0.0780624787194394,0.0
1690209703195411696,682537,0.41768406397548896,0.07793407436192454,0.0
1690209703195754132,682537,0.41770476011737556,0.07793544006258514,0.0
1690209703196072152,682537,0.417722636660457,0.07793577283885986,0.0
1690209703196527632,682537,0.41783266869537367,0.07780246907286882,0.0
1690209703196651879,682537,0.41781022152377995,0.07786971604134119,0.0
1690209703196893055,682537,0.41785834349572537,0.07785423831691332,0.0
1690209703196900817,682537,0.4178661022766328,0.07783375538891844,0.0
1690209703196908507,682537,0.4177850452873981,0.07789579683290773,0.0
1690209703196915397,682537,0.4177683652981281,0.07792914597278865,0.0
1690209703196933623,682537,0.4177590104494814,0.07794761998976141,0.0
1690209703202213045,682538,0.4177230876550315,0.07797790610956984,0.0
1690209703202818818,682538,0.41763209599852297,0.07809119280025341,0.0
1690209703202976087,682538,0.41762636426697963,0.07808317796771505,0.0
1690209703203409422,682538,0.41766162658227135,0.07808886311971627,0.0
1690209703203672953,682538,0.41763307004593847,0.07816036223366579,0.0
1690209703203868674,682538,0.41759801794709245,0.07826281008330489,0.0
1690209703203883832,682538,0.417585258380263,0.07829881822730604,0.0
1690209703203898269,682538,0.4175411839792903,0.07835497253932779,0.0
1690209703203910471,682538,0.41754691656493065,0.07840799039925303,0.0
1690209703203932375,682538,0.4174807793883929,0.07848779524617645,0.0
1690209703210343863,682539,0.4174705675111743,0.07850951892687481,0.0
1690209703210767346,682539,0.4173885428982631,0.0785289047778227,0.0
1690209703211318307,682539,0.41737318749584873,0.0785511702258828,0.0
1690209703211393408,682539,0.4174397123319237,0.07842391490590973,0.0
1690209703212145018,682539,0.4173681845411952,0.07844214611365692,0.0
1690209703212152879,682539,0.41740829193087514,0.07836251672245091,0.0
1690209703212158529,682539,0.4174636255471331,0.07824971325191864,0.0
1690209703212173452,682539,0.41759084281552994,0.07809715661861064,0.0
1690209703212188644,682539,0.41761422511651075,0.07807845232360064,0.0
1690209703212195320,682539,0.4176823294873001,0.07802196804009952,0.0
1690209703218301230,682540,0.41778697497458994,0.07789861958826419,0.0
1690209703218474830,682540,0.4177820969238657,0.07795585232941828,0.0
1690209703219235316,682540,0.4178417869967632,0.0779157197796084,0.0
1690209703219425512,682540,0.41782645822770803,0.07792654690263698,0.0
1690209703219700490,682540,0.41778646314286444,0.07795073183317497,0.0
1690209703219709972,682540,0.4177136881409075,0.07801305937976992,0.0
1690209703219716359,682540,0.41771915502402635,0.07801700073339236,0.0
1690209703219733810,682540,0.41765216907345065,0.07806787120507908,0.0
1690209703219750566,682540,0.4175534726127135,0.07815247049309007,0.0
1690209703219759993,682540,0.41751859688772713,0.07814848899816045,0.0
1690209703226858270,682541,0.41754054516806627,0.07815505002389618,0.0
1690209703227618390,682541,0.4175103882442539,0.07819694607737211,0.0
1690209703228012366,682541,0.4174813358958339,0.0782754277349444,0.0
1690209703228382472,682541,0.41753384607307475,0.07824387282355433,0.0
1690209703228507928,682541,0.4175473516331971,0.0782810905039991,0.0
1690209703228527962,682541,0.41755931211914554,0.07832443835517248,0.0
1690209703228540591,682541,0.41748530760111985,0.07843925524133188,0.0
1690209703228555157,682541,0.4174976048265354,0.07845375894451169,0.0
1690209703228561542,682541,0.4174211286940917,0.07850069393368646,0.0
1690209703228577657,682541,0.41737993344346147,0.07856912600885294,0.0
1690209703234897548,682542,0.4173292659816929,0.07855410215692203,0.0
1690209703235257448,682542,0.41723337914607683,0.07861400959111405,0.0
1690209703235829562,682542,0.4171993718922234,0.07854644270795233,0.0
1690209703235977596,682542,0.4172063224971557,0.07851952567793236,0.0
1690209703236561121,682542,0.41728825145374115,0.0784217865534199,0.0
1690209703236707260,682542,0.41727931702424137,0.07838143006263261,0.0
1690209703236959382,682542,0.4174310923940082,0.07823392780332301,0.0
1690209703236967476,682542,0.41750202131654884,0.07812355798762866,0.0
1690209703236972388,682542,0.41769798008523706,0.07798062969427465,0.0
1690209703237041024,682542,0.4177017052192676,0.07794406780430495,0.0
1690209703243998585,682543,0.41773827668730223,0.07794669417135758,0.0
1690209703244957150,682543,0.4178772467137545,0.07779774429819689,0.0
1690209703245122559,682543,0.4178598762904218,0.07781573618993996,0.0
1690209703245556758,682543,0.4178671744705978,0.07786156538080267,0.0
1690209703245582398,682543,0.41776449622040235,0.07794895737465067,0.0
1690209703245597590,682543,0.4178145490301559,0.07789437654676637,0.0
1690209703245607533,682543,0.41775784056973453,0.0779504252502853,0.0
1690209703245617812,682543,0.41776560820025627,0.07796848486789845,0.0
1690209703245631968,682543,0.41777041463881537,0.07795809137622312,0.0
1690209703245643269,682543,0.4177096838989934,0.07795611662939737,0.0
1690209703251654624,682544,0.4176972113222845,0.07797929273866666,0.0
1690209703252139743,682544,0.4177040002183281,0.07797652342986439,0.0
1690209703252324920,682544,0.41766880076662266,0.07799677395157598,0.0
1690209703253244276,682544,0.41760834541131286,0.07805702396073072,0.0
1690209703253516282,682544,0.41759517066161406,0.07804581238521459,0.0
1690209703253755386,682544,0.4176597548572988,0.07801913183443814,0.0
1690209703253764192,682544,0.4176597374502811,0.07803529082804204,0.0
1690209703253769016,682544,0.4176024281169684,0.07814597702940317,0.0
1690209703253774050,682544,0.41765354578875397,0.07811456584446944,0.0
1690209703253792052,682544,0.41768423899954715,0.07811777897373826,0.0
1690209703262062993,682545,0.41769894696772786,0.07814007856958846,0.0
1690209703263335280,682545,0.41763062618108737,0.07825226513877695,0.0
1690209703263477330,682545,0.4176479747974464,0.07823361228079577,0.0
1690209703263921361,682545,0.41766489166890597,0.07821781500713172,0.0
1690209703263945504,682545,0.4176142534906675,0.07829897289740965,0.0
1690209703263954195,682545,0.4175677553616339,0.07836485703909578,0.0
1690209703263971460,682545,0.41755591206439413,0.07837078156389483,0.0
1690209703264017816,682545,0.4175431514594142,0.07833287553570624,0.0
1690209703264032430,682545,0.4175555416457679,0.07836942386639979,0.0
1690209703264077360,682545,0.4175424565896798,0.07836999032358173,0.0
1690209703269913303,682546,0.41754667904764614,0.07834853694873468,0.0
1690209703270293367,682546,0.4174965760058533,0.07836611965935851,0.0
1690209703271167579,682546,0.41753531189769844,0.07834209281489296,0.0
1690209703271250576,682546,0.4175770814484332,0.07828143664966579,0.0
1690209703271477568,682546,0.4174915797096145,0.07833845199467226,0.0
1690209703271488606,682546,0.41748618486478734,0.078317439961508,0.0
1690209703271492984,682546,0.4174942062617013,0.07826846159211696,0.0
1690209703271545701,682546,0.41758862523426943,0.07815966259037306,0.0
1690209703271551858,682546,0.4175773373500499,0.07814878792608057,0.0
1690209703271556175,682546,0.4176544385822454,0.07811400279598546,0.0
1690209703278762841,682547,0.41772580597998366,0.07802308428913503,0.0
1690209703280113002,682547,0.41780990996858974,0.07794055876000792,0.0
1690209703280295527,682547,0.4178122072424476,0.07796179326345191,0.0
1690209703280307877,682547,0.4178274676312286,0.07798439804531361,0.0
1690209703280612758,682547,0.41789342611001934,0.07787455317048893,0.0
1690209703280632286,682547,0.4178373895352711,0.07794268435726345,0.0
1690209703280650785,682547,0.41784230202608735,0.07801442994771904,0.0
1690209703280663706,682547,0.41787957725541114,0.07794593296433741,0.0
1690209703280701311,682547,0.4178306386296221,0.07798804415394917,0.0
1690209703280729509,682547,0.4177634292888786,0.07807117738956734,0.0
1690209703285579398,682548,0.41786646869139665,0.07798822212711265,0.0
1690209703286021251,682548,0.41784763137966957,0.07800078876890269,0.0
1690209703286797766,682548,0.4177275999981508,0.07810621964650503,0.0
1690209703287118069,682548,0.4177739200233157,0.07806259922806186,0.0
1690209703287282312,682548,0.41782409484203514,0.07800827112119456,0.0
1690209703287566709,682548,0.4178061036539997,0.07803605884249318,0.0
1690209703287583384,682548,0.4177459065446343,0.07809294243454218,0.0
1690209703287595420,682548,0.4177861347724084,0.07804992050005372,0.0
1690209703287611133,682548,0.4178396429345424,0.07796572966865567,0.0
1690209703287624804,682548,0.4178222860232786,0.0779804812923098,0.0
1690209703294231432,682549,0.4178158042765226,0.07803374003659148,0.0
1690209703295357905,682549,0.41781833823214176,0.07800729512277206,0.0
1690209703295512888,682549,0.41782338756941406,0.07798455973628778,0.0
1690209703295710403,682549,0.417830353706119,0.07803020721258365,0.0
1690209703295840672,682549,0.41791442691999525,0.07797189541698299,0.0
1690209703295973586,682549,0.417918787127971,0.07793972070482964,0.0
1690209703296110601,682549,0.4178462149456172,0.07802991119575854,0.0
1690209703296372608,682549,0.4178916791410523,0.07799609637784972,0.0
1690209703296389675,682549,0.4179388785835339,0.077969732515546,0.0
1690209703296402525,682549,0.4178376918660719,0.0780519832722522,0.0
1690209703301739107,682550,0.41779822557083424,0.0780448023989709,0.0
1690209703302084987,682550,0.4178377080027536,0.07799646735194507,0.0
1690209703302654759,682550,0.417878758312625,0.07795694966541927,0.0
1690209703302723774,682550,0.4178526373820132,0.07798290151078949,0.0
1690209703303188923,682550,0.4178228126254408,0.07801241014842258,0.0
1690209703303279485,682550,0.417855167141272,0.07796748651896561,0.0
1690209703303525792,682550,0.4179050576161449,0.07789724318244255,0.0
1690209703303534412,682550,0.4179265147960861,0.07788844316334356,0.0
1690209703303540387,682550,0.41797150712746195,0.07788918440737386,0.0
1690209703303560279,682550,0.41797962704452957,0.07780241390436561,0.0
1690209703310304623,682551,0.41796408493530307,0.07784224200497128,0.0
1690209703311339607,682551,0.41797618429907013,0.07788940714425893,0.0
1690209703311666751,682551,0.4179978450476063,0.07782849617053261,0.0
1690209703311866405,682551,0.41794922223708786,0.07786426949326501,0.0
1690209703311890570,682551,0.4178735136248789,0.07796195585933235,0.0
1690209703311902337,682551,0.41801873586854393,0.07783250112511335,0.0
1690209703311910801,682551,0.4180011942365577,0.07784097893633532,0.0
1690209703311924683,682551,0.417894307498147,0.07796296377991827,0.0
1690209703311933572,682551,0.4179486295926554,0.07790218774434732,0.0
1690209703311960580,682551,0.4179951744288134,0.07783026847568973,0.0
1690209703318160474,682552,0.4179659692326865,0.07788093976894393,0.0
1690209703319508125,682552,0.41794558726682973,0.07789818746224142,0.0
1690209703319595894,682552,0.4179790698325634,0.0778353034323108,0.0
1690209703319892432,682552,0.4180247990483432,0.0777476063615654,0.0
1690209703319910235,682552,0.41800804852157303,0.07776482439216603,0.0
1690209703319923556,682552,0.41805303141162,0.07777048044246315,0.0
1690209703319931936,682552,0.4180519682932978,0.07772362393333557,0.0
1690209703319971821,682552,0.41806442367941554,0.07772359377093656,0.0
1690209703320015447,682552,0.41809090596424336,0.07773447459819552,0.0
1690209703320021594,682552,0.41817284541280203,0.07767042895148847,0.0
1690209703326619021,682553,0.4181474607123704,0.07766354529505777,0.0
1690209703326940855,682553,0.4179977933427659,0.07785771061358555,0.0
1690209703327399748,682553,0.4180941206318546,0.07779553083925649,0.0
1690209703327810843,682553,0.4181229921523888,0.07778001270423587,0.0
1690209703327831305,682553,0.4180344911964451,0.0779003021159993,0.0
1690209703328453094,682553,0.41798012355644637,0.07790997120179632,0.0
1690209703328462994,682553,0.4180312546531455,0.0778594834236897,0.0
1690209703328654592,682553,0.4179637012186297,0.07793168946307755,0.0
1690209703328799942,682553,0.41790837321942537,0.07798868073832924,0.0
1690209703328809454,682553,0.4178792279129092,0.07800241689836003,0.0
1690209703336565733,682554,0.41784759183573017,0.07803908344366557,0.0
1690209703336911485,682554,0.4179475358664792,0.07790747880692127,0.0
1690209703337227042,682554,0.4179266586221649,0.07795677120621543,0.0
1690209703337244034,682554,0.41795803985293106,0.07797669739206235,0.0
1690209703337258831,682554,0.4179712214476585,0.07787487113183011,0.0
1690209703337279704,682554,0.41799604855587735,0.07786744194310619,0.0
1690209703337293511,682554,0.4180156211699949,0.07791540667830836,0.0
1690209703337300964,682554,0.4180557595515307,0.07783647654083638,0.0
1690209703337310651,682554,0.4180274962206827,0.0778515195484426,0.0
1690209703337344996,682554,0.41797497538519324,0.07792618403410582,0.0
1690209703345764166,682555,0.4181288206890477,0.07776828238391185,0.0
1690209703346094350,682555,0.41810567711154534,0.07777422925989283,0.0
1690209703347167891,682555,0.4180215492662552,0.07784343820105738,0.0
1690209703347277232,682555,0.41806628877013624,0.07778143059634568,0.0
1690209703347699853,682555,0.4180961562786951,0.07771191306827609,0.0
1690209703347722279,682555,0.418082006564568,0.07775583716677481,0.0
1690209703347733577,682555,0.4180582514568976,0.07776362772300024,0.0
1690209703347743958,682555,0.4180800684146404,0.07769330639201485,0.0
1690209703347799793,682555,0.4181300552942812,0.07759487480980685,0.0
1690209703347816128,682555,0.41811504360560525,0.07759783998046674,0.0
1690209703352640106,682556,0.4181426227559316,0.07762202874170081,0.0
1690209703353305482,682556,0.41814733913296237,0.07757447694048748,0.0
1690209703353426854,682556,0.4181568934481111,0.0775629974984912,0.0
1690209703353812648,682556,0.418192443505349,0.07756640404072786,0.0
1690209703353890145,682556,0.41828422721264896,0.07749799548444633,0.0
1690209703354121368,682556,0.41827237922485305,0.07750732040044934,0.0
1690209703354129192,682556,0.4180863625103333,0.07774123197348189,0.0
1690209703354134803,682556,0.418162223053869,0.07769892336776822,0.0
1690209703354141648,682556,0.41812011061340426,0.07772594676510364,0.0
1690209703354168102,682556,0.4180264316353713,0.07786314958807711,0.0
1690209703360220681,682557,0.41795857267377395,0.07787401933904928,0.0
1690209703360578096,682557,0.4179651052524683,0.0778372352035224,0.0
1690209703361063638,682557,0.41790297293671586,0.0779082368772675,0.0
1690209703361269816,682557,0.41784738781539454,0.07796968813270236,0.0
1690209703361386109,682557,0.4178544936446092,0.07794628658336349,0.0
1690209703361538761,682557,0.41779665594842164,0.07798594297468044,0.0
1690209703361550747,682557,0.41786586121441555,0.07792500079629325,0.0
1690209703361567439,682557,0.4179043426873024,0.07790008326704101,0.0
1690209703361571589,682557,0.4179315193398917,0.07792025678472213,0.0
1690209703361589470,682557,0.41793703166611534,0.0778679430586813,0.0
1690209703368543050,682558,0.4179590422619744,0.07786358552709989,0.0
1690209703369244896,682558,0.4180080203509078,0.07787441645658669,0.0
1690209703369360343,682558,0.4179791165955234,0.07788932428453395,0.0
1690209703369624833,682558,0.4179369227436494,0.0779057874639888,0.0
1690209703369650437,682558,0.4178941041368739,0.07795439372744403,0.0
1690209703369657889,682558,0.41797624505562203,0.07784192947581155,0.0
1690209703369664818,682558,0.4179368167681632,0.07785888014215488,0.0
1690209703369673313,682558,0.41783217404719564,0.0779367498694461,0.0
1690209703369683980,682558,0.4178708180670463,0.07784830590560488,0.0
1690209703369698872,682558,0.41792556235216516,0.07772654189337229,0.0
1690209703376668879,682559,0.41789054530647346,0.07776776253627057,0.0
1690209703377956552,682559,0.4179792576873692,0.07767203828982024,0.0
1690209703378117992,682559,0.41801204413624354,0.07758861199452156,0.0
1690209703378497517,682559,0.4180852070803535,0.07752241995199742,0.0
1690209703378514812,682559,0.41811979799325316,0.07749319446988448,0.0
1690209703378526278,682559,0.4181776444909399,0.07754333292560672,0.0
1690209703378537763,682559,0.4181589814485073,0.07754135855362534,0.0
1690209703378552194,682559,0.41812269089120346,0.077579456331563,0.0
1690209703378596351,682559,0.4181512442846912,0.07760611913696827,0.0
1690209703378608464,682559,0.41814576437291234,0.07764206034666545,0.0
1690209703386401788,682560,0.4181207262528738,0.0776815416834277,0.0
1690209703386630746,682560,0.41789119173573624,0.07794096928183486,0.0
1690209703386750464,682560,0.4178967609768733,0.0779680856152707,0.0
1690209703387920990,682560,0.4178501067424001,0.07793825554600989,0.0
1690209703388351882,682560,0.4177101587305045,0.07810958933217915,0.0
1690209703388368362,682560,0.41767201796300807,0.07809942117582074,0.0
1690209703388389731,682560,0.41764018607350006,0.07806005695841675,0.0
1690209703388406173,682560,0.41766441493163387,0.07806419923551652,0.0
1690209703388421563,682560,0.4176340683230651,0.07810930382277224,0.0
1690209703388434074,682560,0.4177605209243256,0.07797482217684462,0.0
1690209703393437035,682561,0.417745261108313,0.07798970186989738,0.0
1690209703394531551,682561,0.4178653668240402,0.07789398573187402,0.0
1690209703394743966,682561,0.41799482049917935,0.07776787805500633,0.0
1690209703394961709,682561,0.41797348382083066,0.07783514815901416,0.0
1690209703394981958,682561,0.41801717701273494,0.07778573380418147,0.0
1690209703394990180,682561,0.4180223256750497,0.07775070700099668,0.0
1690209703395006242,682561,0.41807932756587723,0.07772062599219068,0.0
1690209703395020801,682561,0.41804773559500363,0.07773147099201164,0.0
1690209703395032956,682561,0.418075039613094,0.07765326811682197,0.0
1690209703395038319,682561,0.4180291750571137,0.07766379352544919,0.0
1690209703402099714,682562,0.4180948133219112,0.07753967371977467,0.0
1690209703403350755,682562,0.41811847335664676,0.07748580168641418,0.0
1690209703403537741,682562,0.4181056388216993,0.07750242494872521,0.0
1690209703403624538,682562,0.41813425961326245,0.07743778807681401,0.0
1690209703403872712,682562,0.41816061478384264,0.07737353190631857,0.0
1690209703403880264,682562,0.4181972886492469,0.07736222343422137,0.0
1690209703403887862,682562,0.41817801741268057,0.07737431960017911,0.0
1690209703403904088,682562,0.41818765143606623,0.07736218039769258,0.0
1690209703403914853,682562,0.4181156965562585,0.0774477293311362,0.0
1690209703403920925,682562,0.4180880439603438,0.07748664880592862,0.0
1690209703409405673,682563,0.41804013460766076,0.07757504355433385,0.0
1690209703409521067,682563,0.4179631775886546,0.0776916898019085,0.0
1690209703409627719,682563,0.4179547727368616,0.07773544112375046,0.0
1690209703410332473,682563,0.4179066354055273,0.07776193420714717,0.0
1690209703410401118,682563,0.4178725262279552,0.07786705982879215,0.0
1690209703410621475,682563,0.4178519603842481,0.07791500263629464,0.0
1690209703410630155,682563,0.4177755271750796,0.07799331469185782,0.0
1690209703410640680,682563,0.4177169322907985,0.07809486252688742,0.0
1690209703410650520,682563,0.41765417341553407,0.0781477290211914,0.0
1690209703410686947,682563,0.4176472179592743,0.07814594767974455,0.0
1690209703420516683,682564,0.4175533774892636,0.07818113927209784,0.0
1690209703420532089,682564,0.41754849164964464,0.07820840737338451,0.0
1690209703421123293,682564,0.4175779900728751,0.07815843469278565,0.0
1690209703421242002,682564,0.4175602042445421,0.07813144432652706,0.0
1690209703421256065,682564,0.4175763327295869,0.07812646883688686,0.0
1690209703421269248,682564,0.4176325303489294,0.07804850330960784,0.0
1690209703421289649,682564,0.4177623095174857,0.07787255603301095,0.0
1690209703421306719,682564,0.41779761450992287,0.07781748810959836,0.0
1690209703421325409,682564,0.4178725673619492,0.0777536321704398,0.0
1690209703421335973,682564,0.41799578846961516,0.07764347997527708,0.0
1690209703426637819,682565,0.41799362446482763,0.07761218108230979,0.0
1690209703427817312,682565,0.41802078775059015,0.07759522095767442,0.0
1690209703427921195,682565,0.4180836540507834,0.07750642372078528,0.0
1690209703428243239,682565,0.4181262918063333,0.07743182108903031,0.0
1690209703428252195,682565,0.4181204599675674,0.07745465304933645,0.0
1690209703428256518,682565,0.41810110458539096,0.07748212601447282,0.0
1690209703428260306,682565,0.4181614012492724,0.077424925305541,0.0
1690209703428273913,682565,0.4181272474001215,0.0774200186777001,0.0
1690209703428290436,682565,0.41810998597014754,0.07747254201016546,0.0
1690209703428311031,682565,0.41814896813101954,0.07742899511194684,0.0
1690209703435427555,682566,0.41812600061225935,0.0774118721938464,0.0
1690209703436665444,682566,0.4180871993479315,0.07744756982170695,0.0
1690209703436768362,682566,0.4180727618525416,0.0774798771549567,0.0
1690209703437131916,682566,0.41814931428558205,0.07739318379392553,0.0
1690209703437144529,682566,0.4180713867731912,0.07746726790933228,0.0
1690209703437159590,682566,0.41799853751525934,0.07757104832841388,0.0
1690209703437166643,682566,0.41810324307215324,0.07748995209875524,0.0
1690209703437212816,682566,0.41808304107302907,0.07753663407093463,0.0
1690209703437225018,682566,0.41804658193598176,0.07762996863315275,0.0
1690209703437236161,682566,0.4180216109104113,0.07769568781247173,0.0
1690209703443519010,682567,0.4180385361781693,0.07768928259644857,0.0
1690209703444777752,682567,0.41797699430210977,0.07779372652301811,0.0
1690209703444901982,682567,0.4178955794362764,0.07788350901426591,0.0
1690209703445014478,682567,0.4178766067340626,0.07790977565402991,0.0
1690209703445244925,682567,0.41782887642674715,0.07789852400371333,0.0
1690209703445266698,682567,0.4177754412759346,0.07790253354230493,0.0
1690209703445279282,682567,0.41780528387738747,0.07787732158233199,0.0
1690209703445290950,682567,0.4178039709774618,0.07783394003704773,0.0
1690209703445298900,682567,0.4178039656120607,0.07779764006467088,0.0
1690209703445309540,682567,0.417840147415831,0.07775826775739435,0.0
1690209703451659093,682568,0.41798158445230593,0.07759360800893918,0.0
1690209703452023896,682568,0.4181166904622261,0.07741454554603033,0.0
1690209703452728160,682568,0.41809636705151265,0.0774643817367649,0.0
1690209703452899760,682568,0.41823352972174443,0.07736394358364035,0.0
1690209703453209258,682568,0.41831740141959306,0.07730249725643851,0.0
1690209703453220424,682568,0.41831510204517625,0.07734141563465116,0.0
1690209703453229901,682568,0.41832541073128543,0.07738726579685552,0.0
1690209703453237436,682568,0.41832994083981356,0.07736890386899169,0.0
1690209703453248256,682568,0.41824469940512204,0.07744208221499128,0.0
1690209703453309834,682568,0.41817208276633,0.07753707435986251,0.0
1690209703459274256,682569,0.41814312955498933,0.07756188996723772,0.0
1690209703460244972,682569,0.41807508949228445,0.07762853873393669,0.0
1690209703460398949,682569,0.41797408856025847,0.0777114445414444,0.0
1690209703460784425,682569,0.4179797380815524,0.07772758503351847,0.0
1690209703460804219,682569,0.4179949493896303,0.07772203331469882,0.0
1690209703460823629,682569,0.4179479645012078,0.07777383344113105,0.0
1690209703460834098,682569,0.41793829520676073,0.07782593457929621,0.0
1690209703460861767,682569,0.41795171442620527,0.07782891912183149,0.0
1690209703460875775,682569,0.4179669105294545,0.07784890295163426,0.0
1690209703460894335,682569,0.41791598836618415,0.07792670819068802,0.0
1690209703470342807,682570,0.41791548684768803,0.07799890380674285,0.0
1690209703471739857,682570,0.41790665387198866,0.07797709933284007,0.0
1690209703472017909,682570,0.4178276905659651,0.07802641293411368,0.0
1690209703472471374,682570,0.41780666892949075,0.07805257542909011,0.0
1690209703472483973,682570,0.4177713202631259,0.07806198173293954,0.0
1690209703472498149,682570,0.4177555671263394,0.078025061456019,0.0
1690209703472506328,682570,0.41765994740866136,0.07811673107306867,0.0
1690209703472525977,682570,0.4177424298424896,0.07803155588284219,0.0
1690209703472539716,682570,0.4177864435786112,0.07790677615486312,0.0
1690209703472591539,682570,0.4177671279776912,0.07793626863771565,0.0
1690209703478428009,682571,0.4178292697563663,0.07783530723661908,0.0
1690209703478712078,682571,0.4179000012684617,0.07777061760217377,0.0
1690209703479236086,682571,0.41791408327715,0.07775786623621908,0.0
1690209703479406115,682571,0.4178999750311233,0.07778635681744997,0.0
1690209703479859469,682571,0.41798425515887533,0.07770411009656444,0.0
1690209703480053226,682571,0.41790765715683453,0.07776275834003923,0.0
1690209703480150171,682571,0.41787141789138993,0.07783357344000426,0.0
1690209703480167220,682571,0.4178850324950766,0.07781044689647813,0.0
1690209703480180238,682571,0.4178553108439217,0.07785946821461427,0.0
1690209703480192527,682571,0.41782323421673273,0.07782866266439507,0.0
1690209703486077908,682572,0.41779632388981525,0.07787800658214176,0.0
1690209703486253447,682572,0.4178281536007873,0.0778660946867915,0.0
1690209703486930540,682572,0.4177718588886853,0.07787155505709387,0.0
1690209703487068771,682572,0.4177811937371503,0.07785160032749151,0.0
1690209703487333094,682572,0.4177639421074009,0.07790572451261057,0.0
1690209703487343513,682572,0.41785354325742763,0.07782055623173902,0.0
1690209703487350697,682572,0.41783021280734584,0.07783576288251003,0.0
1690209703487366363,682572,0.4177859348758407,0.07792931865209013,0.0
1690209703487376301,682572,0.4178955550410844,0.07781545644500694,0.0
1690209703487382127,682572,0.41786352754324,0.0778549611835649,0.0
1690209703493657536,682573,0.4178325763307376,0.07792947013342662,0.0
1690209703493722559,682573,0.4178249270648282,0.07795661055634345,0.0
1690209703494627395,682573,0.41783221294657813,0.07790144280298494,0.0
1690209703494751410,682573,0.417788704698833,0.07798325274483871,0.0
1690209703494902465,682573,0.41780074038903864,0.07798798928787225,0.0
1690209703495136809,682573,0.4178081834900764,0.07799595088013347,0.0
1690209703495150571,682573,0.4178132324607575,0.07796990104940578,0.0
1690209703495163779,682573,0.4178236608828921,0.0779363555922613,0.0
1690209703495179175,682573,0.4178932644220012,0.07794199325237491,0.0
1690209703495187133,682573,0.41784895017589874,0.07795423282298376,0.0
1690209703502027474,682574,0.417831576238483,0.07796945407000153,0.0
1690209703502482752,682574,0.4177865347927107,0.07802127734091673,0.0
1690209703502642816,682574,0.4178393280583,0.07797137960039188,0.0
1690209703502800592,682574,0.4178729978709354,0.07789037529934816,0.0
1690209703502915085,682574,0.417746956953429,0.07803962688854063,0.0
1690209703503663915,682574,0.41780228411163095,0.07797755305020215,0.0
1690209703503726458,682574,0.4178217545521147,0.07790871721216683,0.0
1690209703503930950,682574,0.4178182359347717,0.07796444969673871,0.0
1690209703503941683,682574,0.41780376189659785,0.07798012764368503,0.0
1690209703503950667,682574,0.41787305784985773,0.07786816593327507,0.0
1690209703510087331,682575,0.41781812906535504,0.07791157535830234,0.0
1690209703510242068,682575,0.41789796237999144,0.07787718835820033,0.0
1690209703510410308,682575,0.41794696209016374,0.07779997201726246,0.0
1690209703510527418,682575,0.41789662379939807,0.07789379133024008,0.0
1690209703510675487,682575,0.41788219132854576,0.07787730807174566,0.0
1690209703510811703,682575,0.41787975556131646,0.07789749048352103,0.0
1690209703510824114,682575,0.41792233214108276,0.07792167865428902,0.0
1690209703510997879,682575,0.4178679368982759,0.0779418825429693,0.0
1690209703511011382,682575,0.417914878799011,0.07789692037892529,0.0
1690209703511020820,682575,0.4178751259900613,0.07797400935038659,0.0
1690209703518224212,682576,0.41795862555621066,0.07788718131152926,0.0
1690209703518656144,682576,0.41792405219641565,0.07790426944622396,0.0
1690209703518760815,682576,0.4178302985542951,0.07799683784685184,0.0
1690209703518882547,682576,0.41791646679345107,0.07788408943586865,0.0
1690209703518981086,682576,0.4179015037883653,0.07787775487833776,0.0
1690209703519073103,682576,0.41786572013817574,0.07791039822144796,0.0
1690209703519316280,682576,0.41784131700282967,0.07791650803890603,0.0
1690209703519420161,682576,0.41786693273459674,0.07783322061822201,0.0
1690209703519543111,682576,0.417877593333501,0.07786629397177981,0.0
1690209703519549897,682576,0.41788206067028566,0.07787639009580705,0.0
1690209703528880793,682577,0.41788772494755244,0.0779043934550968,0.0
1690209703529111611,682577,0.41788781713316986,0.07787743928928803,0.0
1690209703529147321,682577,0.4178848608472201,0.0778517052392332,0.0
1690209703529323003,682577,0.41794027919797705,0.07786102758375012,0.0
1690209703529407696,682577,0.4179102870625626,0.07787521839778558,0.0
1690209703529416986,682577,0.41788212013701465,0.07790520535932056,0.0
1690209703529425152,682577,0.4178709072239129,0.07793944715296823,0.0
1690209703529492468,682577,0.4179282208526679,0.07788402661045839,0.0
1690209703529504673,682577,0.41799851355836387,0.07776793702024676,0.0
1690209703529515207,682577,0.4178547617077404,0.07793671024759068,0.0
1690209703534432778,682578,0.41792206714459873,0.0778676567347109,0.0
1690209703534882361,682578,0.4179190617688203,0.07781918816787876,0.0
1690209703535003477,682578,0.41788821803399584,0.07788687232768249,0.0
1690209703535100525,682578,0.4178913033351081,0.07790544395895305,0.0
1690209703535373682,682578,0.41793196937680666,0.07781501965251034,0.0
1690209703535584142,682578,0.4179221277237897,0.07783612703533874,0.0
1690209703535632913,682578,0.41793086124891643,0.07787155783579623,0.0
1690209703535639979,682578,0.4180306617471877,0.0777380839431192,0.0
1690209703535651120,682578,0.4179591778333941,0.07780230875778274,0.0
1690209703535666838,682578,0.4178865527562005,0.07784961104380919,0.0
1690209703543213597,682579,0.41793526459392,0.07780621022349941,0.0
1690209703543420705,682579,0.4179431647377617,0.07778817128471736,0.0
1690209703543544649,682579,0.41790630322193295,0.07783235541955098,0.0
1690209703543659361,682579,0.41792035810189987,0.07782737907049637,0.0
1690209703543902690,682579,0.4179431554597085,0.07781530260962484,0.0
1690209703544068641,682579,0.41799499234230675,0.07778387508850239,0.0
1690209703544137418,682579,0.41793751326791073,0.07785641695661515,0.0
1690209703544241690,682579,0.41794607146109,0.07793702884906528,0.0
1690209703544247749,682579,0.41801575232850446,0.07785821063358364,0.0
1690209703544260157,682579,0.4179658364309019,0.07792148869377136,0.0
1690209703553788680,682580,0.41795719677583565,0.07797360912772326,0.0
1690209703554198375,682580,0.41794612819215504,0.07800046717011183,0.0
1690209703554276812,682580,0.4179402887808703,0.07797101473688096,0.0
1690209703554539220,682580,0.4177980491140028,0.07812482061462526,0.0
1690209703554551252,682580,0.41783885304530327,0.07809209392933673,0.0
1690209703554557162,682580,0.4178501561964173,0.07799922083168688,0.0
1690209703554566240,682580,0.4178041839765361,0.07803121580074451,0.0
1690209703554573334,682580,0.41783265910975886,0.07794584029236634,0.0
1690209703554606471,682580,0.4178730065162508,0.07789320511341125,0.0
1690209703554614537,682580,0.4178897785736034,0.07784249280237615,0.0
1690209703561987926,682581,0.4178801798250929,0.07784477159190001,0.0
1690209703562190877,682581,0.41799990237050194,0.07773172463322366,0.0
1690209703563042380,682581,0.4180142444301882,0.07768224274124788,0.0
1690209703563333699,682581,0.41803563950530065,0.07769788720389482,0.0
1690209703563745200,682581,0.4179974007408703,0.07774047506104471,0.0
1690209703563763532,682581,0.4180448872352669,0.07773465665159529,0.0
1690209703563780064,682581,0.41805600561437195,0.0776698891463111,0.0
1690209703563801280,682581,0.41798247864889915,0.07776629467348624,0.0
1690209703563850006,682581,0.41801013631336575,0.07776193876648162,0.0
1690209703563858028,682581,0.41794904661656657,0.07775003334136743,0.0
1690209703570067896,682582,0.4179513375070404,0.07775309403915778,0.0
1690209703570517554,682582,0.4178909642187368,0.0778348466257377,0.0
1690209703571487628,682582,0.4179745754019393,0.07774569598957323,0.0
1690209703571544330,682582,0.4179034963567713,0.07780976705484892,0.0
1690209703571899093,682582,0.4178182899542982,0.07793423867489262,0.0
1690209703571911599,682582,0.4179350888358572,0.07784056794618986,0.0
1690209703571927155,682582,0.4179278256030851,0.07786508163762616,0.0
1690209703571937690,682582,0.41789877324580843,0.07794597182448088,0.0
1690209703571955040,682582,0.4178943464262248,0.07798048521833431,0.0
1690209703571982358,682582,0.41789421322407916,0.07796413037051604,0.0
1690209703578695554,682583,0.4178569992798869,0.07803829289412847,0.0
1690209703579292020,682583,0.41779867395182624,0.07811646509484196,0.0
1690209703579617622,682583,0.4177770251028111,0.07817517400691064,0.0
1690209703579975169,682583,0.4177461767363527,0.07815719678580417,0.0
1690209703580134967,682583,0.4176978120524621,0.0782096358394602,0.0
1690209703580525202,682583,0.4176857613714543,0.07824032176899821,0.0
1690209703580548937,682583,0.4176909729544849,0.07821138594210662,0.0
1690209703580557640,682583,0.41767950842402507,0.0781671568244797,0.0
1690209703580581224,682583,0.4176132504999088,0.07824205442670301,0.0
1690209703580591573,682583,0.41773868683043985,0.07812267237142119,0.0
1690209703586217992,682584,0.41778505342470945,0.07800010212710182,0.0
1690209703586439024,682584,0.4177410220584986,0.07805219082272216,0.0
1690209703586742598,682584,0.4177906520349493,0.07794982356210794,0.0
1690209703587032994,682584,0.4178622778389744,0.07789981116464505,0.0
1690209703587110098,682584,0.41785791677122086,0.07788966157715013,0.0
1690209703587608594,682584,0.4178304245279876,0.07793174303761571,0.0
1690209703587738691,682584,0.4179437801978635,0.07782102586248062,0.0
1690209703587877355,682584,0.41790964322180724,0.07783339638932255,0.0
1690209703587894805,682584,0.4179699263400839,0.0778166912323363,0.0
1690209703587908916,682584,0.41792403068161005,0.07785073337681339,0.0
1690209703594332758,682585,0.4179395588106659,0.07786947326560519,0.0
1690209703594676202,682585,0.41792831113232665,0.07781143852683339,0.0
1690209703595477054,682585,0.4178644161731581,0.07789294017845165,0.0
1690209703595645340,682585,0.4179191906505329,0.0778914179057643,0.0
1690209703595973308,682585,0.41785936429759174,0.07788106180884678,0.0
1690209703595985631,682585,0.4178811257226891,0.07787009779396556,0.0
1690209703595993317,682585,0.41785176284520187,0.07792808132128205,0.0
1690209703596008071,682585,0.41794944757989444,0.07780865236628509,0.0
1690209703596030964,682585,0.4179077763929489,0.07785966655523745,0.0
1690209703596044009,682585,0.41781355054849567,0.07796602779136984,0.0
1690209703603093272,682586,0.417918180499699,0.07788108507335016,0.0
1690209703603562390,682586,0.4179129339127897,0.07788243249411186,0.0
1690209703604452707,682586,0.41789147884665223,0.07794651595032083,0.0
1690209703604540892,682586,0.4178881624729854,0.07797603067313064,0.0
1690209703604844493,682586,0.4178996543336977,0.07796980199818343,0.0
1690209703604862322,682586,0.4178420999788123,0.07806251313715659,0.0
1690209703604874207,682586,0.4177714139015579,0.07815023722638706,0.0
1690209703604882461,682586,0.41774340026962714,0.07818299714921847,0.0
1690209703604895993,682586,0.41770068862974874,0.07816368507684092,0.0
1690209703604942518,682586,0.41766205513451926,0.07815122533575188,0.0
1690209703611198168,682587,0.41767734887600066,0.07815246194467795,0.0
1690209703612262526,682587,0.41765324087724337,0.07814788957698875,0.0
1690209703612384840,682587,0.4176455150258965,0.07812235579052654,0.0
1690209703612586515,682587,0.41756924935346873,0.0782034531021245,0.0
1690209703612882562,682587,0.4176926224497674,0.07808622478710114,0.0
1690209703612903388,682587,0.417755408097975,0.07795442250303536,0.0
1690209703612912206,682587,0.4176719897504968,0.07807142140052142,0.0
1690209703612924865,682587,0.417713384483798,0.0779831141651798,0.0
1690209703612932505,682587,0.417777657415681,0.07791491912040567,0.0
1690209703612958936,682587,0.41777203275675096,0.07796125497487684,0.0
1690209703618221671,682588,0.41774373747475957,0.07798960790693095,0.0
1690209703618431616,682588,0.4178267951949981,0.07788935237801006,0.0
1690209703618944500,682588,0.4177637163886562,0.07794181445819151,0.0
1690209703619100006,682588,0.41782964272274314,0.07792161816279113,0.0
1690209703619208024,682588,0.41782195576253645,0.0779074401345724,0.0
1690209703619643646,682588,0.4177738950366903,0.07796605177915154,0.0
1690209703619785250,682588,0.41772479516047867,0.07795601793494662,0.0
1690209703619974541,682588,0.41765893991148356,0.07802297972224623,0.0
1690209703619984372,682588,0.4176830906976132,0.07801845855210475,0.0
1690209703619990358,682588,0.41760564241718234,0.07802738664417191,0.0
1690209703627428881,682589,0.41762548891343,0.07800807208535926,0.0
1690209703627769962,682589,0.4175997248580171,0.07804761448887985,0.0
1690209703628244372,682589,0.4177035356579726,0.07794033637151171,0.0
1690209703628439652,682589,0.4176610744431344,0.07797336779938766,0.0
1690209703628659071,682589,0.4176439613757532,0.07806379395636567,0.0
1690209703628835801,682589,0.41773939259638915,0.0779796540274919,0.0
1690209703628970339,682589,0.41772514488328216,0.07803051542888222,0.0
1690209703629427636,682589,0.4176968969829068,0.07812094885875377,0.0
1690209703629516212,682589,0.4176919452813714,0.0781633026091229,0.0
1690209703629623347,682589,0.4177142786274878,0.07814796333027037,0.0
1690209703635955954,682590,0.4176140090257588,0.07827395102507435,0.0
1690209703637045094,682590,0.4175882827452454,0.07831979411822343,0.0
1690209703637157217,682590,0.41754499747663665,0.07834890996740114,0.0
1690209703637508569,682590,0.41748212979308835,0.07835570163281794,0.0
1690209703637518665,682590,0.41741939125629157,0.07835076506385115,0.0
1690209703637527270,682590,0.4174710080049387,0.0783070101131304,0.0
1690209703637537942,682590,0.4174631661422493,0.0782495596367314,0.0
1690209703637547928,682590,0.417441834336135,0.07823606848930163,0.0
1690209703637560312,682590,0.41747143435219203,0.0782085478216397,0.0
1690209703637574249,682590,0.4175629931152169,0.07807980616291625,0.0
1690209703645743555,682591,0.4175366395995823,0.07806150239064105,0.0
1690209703645877395,682591,0.41748995910438097,0.07812887825143447,0.0
1690209703646905231,682591,0.4175887766459636,0.07804233933228545,0.0
1690209703646993140,682591,0.41766324828993606,0.07796835556897944,0.0
1690209703647421764,682591,0.41764956921609975,0.07801620615466207,0.0
1690209703647434163,682591,0.417664823776931,0.07806153278251377,0.0
1690209703647450686,682591,0.41771442560727756,0.07799834250971946,0.0
1690209703647467227,682591,0.41765879586563964,0.0780501265329624,0.0
1690209703647494192,682591,0.4175887345932092,0.07815423441610703,0.0
1690209703647506891,682591,0.41758027182255175,0.07813815554631182,0.0
1690209703652514898,682592,0.4175488533136069,0.07817882951331097,0.0
1690209703652780583,682592,0.4174487871240972,0.0782274017637,0.0
1690209703652841992,682592,0.41743525562330225,0.07825622525912201,0.0
1690209703652918696,682592,0.41745545324043465,0.0782059586199453,0.0
1690209703653147421,682592,0.4174112118083868,0.07820579534509729,0.0
1690209703653157622,682592,0.41742595100416835,0.07821132377534112,0.0
1690209703653170691,682592,0.41743515315839436,0.07820639004717564,0.0
1690209703653179376,682592,0.417544658713755,0.07810867181403261,0.0
1690209703653187312,682592,0.41747136224503745,0.07819217767113178,0.0
1690209703653193485,682592,0.41746346302504406,0.07828123925542772,0.0
1690209703659910304,682593,0.4175309916667248,0.07822744524994948,0.0
1690209703660990829,682593,0.4174715545392575,0.07830661098386962,0.0
1690209703661130659,682593,0.41745934759537917,0.07838714628708292,0.0
1690209703661385455,682593,0.4174455976989086,0.07842526032727314,0.0
1690209703661398638,682593,0.41743353057846616,0.07840774721140178,0.0
1690209703661419744,682593,0.41729626459898717,0.07857992614437434,0.0
1690209703661439653,682593,0.4173052320613114,0.07858076111671297,0.0
1690209703661458221,682593,0.4173162338593522,0.07850183888959508,0.0
1690209703661473817,682593,0.4172651340712731,0.07850328331645509,0.0
1690209703661477954,682593,0.4172647544122068,0.07845874600303744,0.0
1690209703668120185,682594,0.41732017515942676,0.07837362931338886,0.0
1690209703669353090,682594,0.417332162466837,0.07830485715578245,0.0
1690209703669439949,682594,0.41736243203244244,0.07826206256741303,0.0
1690209703669609612,682594,0.41747420189056694,0.07813443950236308,0.0
1690209703669826210,682594,0.4176319751964641,0.07795016020341804,0.0
1690209703669843089,682594,0.4177028821129244,0.07786459791917848,0.0
1690209703669853089,682594,0.41773129918333557,0.07785976233232178,0.0
1690209703669860918,682594,0.4178415395524248,0.07779122604312066,0.0
1690209703669866526,682594,0.4178819635299132,0.07774239798448353,0.0
1690209703669901076,682594,0.4178583199177307,0.0778026407576046,0.0
1690209703677065002,682595,0.41789996577376426,0.07780422663807436,0.0
1690209703677374667,682595,0.41789782602974684,0.0777954525616282,0.0
1690209703678130804,682595,0.41782090726596904,0.07786310813957785,0.0
1690209703678450496,682595,0.4177634014848419,0.07794719505870337,0.0
1690209703678890610,682595,0.41775625095884716,0.07793893550305331,0.0
1690209703678999512,682595,0.41768545465986434,0.07801087812287838,0.0
1690209703679320873,682595,0.41759213102572224,0.07809225718314938,0.0
1690209703679343290,682595,0.4176333874160582,0.07807680843200307,0.0
1690209703679354027,682595,0.4176272580460174,0.07807237771976262,0.0
1690209703679376629,682595,0.41758464212792124,0.07813268392602497,0.0
1690209703686725011,682596,0.4175882850546955,0.07815441305483144,0.0
1690209703687948503,682596,0.41758598635911814,0.07816891458963693,0.0
1690209703688200819,682596,0.4175998053829241,0.0781727776204632,0.0
1690209703688621600,682596,0.4175507216595409,0.07824333041112289,0.0
1690209703688632082,682596,0.41753561458396743,0.07831734386448462,0.0
1690209703688656875,682596,0.4175121002523869,0.07829338635703263,0.0
1690209703688693774,682596,0.41742869653795567,0.07833000901499075,0.0
1690209703688708915,682596,0.4174388033875825,0.0783344704631141,0.0
1690209703688718743,682596,0.41743534354378015,0.07832086238771188,0.0
1690209703688753086,682596,0.41743394695338537,0.07827448954797686,0.0
1690209703693886353,682597,0.4173385364622123,0.0783768135100927,0.0
1690209703694727426,682597,0.4174457011960392,0.07827811734073357,0.0
1690209703695041017,682597,0.4175085130711774,0.0781411700574123,0.0
1690209703695045828,682597,0.4175051929302264,0.07816407360502817,0.0
1690209703695230595,682597,0.4175649825498636,0.0780795664644488,0.0
1690209703695377922,682597,0.4176562671677675,0.07801594830711996,0.0
1690209703695556013,682597,0.4176503480458689,0.0780414705479884,0.0
1690209703695566247,682597,0.4176442217357242,0.07806055789946488,0.0
1690209703695573766,682597,0.4177654351298935,0.07793575031235586,0.0
1690209703695586152,682597,0.41769017771185457,0.0779721333360825,0.0
1690209703701492803,682598,0.41779843189671073,0.07790346928709352,0.0
1690209703702046629,682598,0.41771963207520074,0.07795488481719473,0.0
1690209703702224481,682598,0.4177159405226547,0.07798584946927437,0.0
1690209703702446318,682598,0.4177438383925873,0.07789810830270312,0.0
1690209703702573906,682598,0.41767420290230156,0.07797756061723483,0.0
1690209703702580705,682598,0.41770624958635516,0.07799380520764863,0.0
1690209703702701159,682598,0.4176202285581064,0.0780100124897795,0.0
1690209703702896307,682598,0.4176464891998778,0.07798418880206018,0.0
1690209703703083265,682598,0.4176071276547051,0.07804815002534536,0.0
1690209703703207787,682598,0.4176862233633186,0.07797889616831455,0.0
1690209703712477335,682599,0.4176460156960804,0.07801068696816243,0.0
1690209703714208721,682599,0.4175683900204933,0.07811898333251913,0.0
1690209703714609696,682599,0.41767625258445773,0.07800810663567459,0.0
1690209703714921190,682599,0.41766144816057915,0.07801648610979395,0.0
1690209703715473126,682599,0.4176329569287591,0.0780659035083345,0.0
1690209703715496240,682599,0.4176330977906119,0.07809207796223593,0.0
1690209703715519426,682599,0.4176544789779031,0.0780289511357905,0.0
1690209703715535134,682599,0.4175664427748038,0.07813344240188157,0.0
1690209703715556132,682599,0.41760674906256834,0.0781094934490662,0.0
1690209703715585571,682599,0.4175732217267857,0.07810949469370276,0.0
1690209703720517329,682600,0.4175404265893307,0.07810404222444928,0.0
1690209703720947238,682600,0.4175234815204956,0.07805794495121017,0.0
1690209703721107369,682600,0.4175800038693576,0.07805271220088653,0.0
1690209703721318715,682600,0.41757922433288713,0.07800680400261328,0.0
1690209703721331087,682600,0.41754560097223603,0.07801161454174196,0.0
1690209703721338753,682600,0.4176328366478538,0.07793613520008454,0.0
1690209703721347297,682600,0.4177194925241173,0.0778185942409611,0.0
1690209703721370848,682600,0.417849107591819,0.07769141066231981,0.0
1690209703721383063,682600,0.4178143635550445,0.07773837804393098,0.0
1690209703721391879,682600,0.4179020136649917,0.07769687735088764,0.0
1690209703726101812,682601,0.41797123025349747,0.07761497970092615,0.0
1690209703726404590,682601,0.41792830614812587,0.07769006391815148,0.0
1690209703726690008,682601,0.4179555621431068,0.07771418423625219,0.0
1690209703726962055,682601,0.4179042394573387,0.07769902897627995,0.0
1690209703727161635,682601,0.4178657234076314,0.07773499764808951,0.0
1690209703727202867,682601,0.41777545432362634,0.07785002186008387,0.0
1690209703727486837,682601,0.41784303985307153,0.07775424732065872,0.0
1690209703727493345,682601,0.41777461625317697,0.07781018527264792,0.0
1690209703727497924,682601,0.4176975969678738,0.07789163768932175,0.0
1690209703727519615,682601,0.4177835657952234,0.07783079886254418,0.0
1690209703736860901,682602,0.41777709935581064,0.07782926293642776,0.0
1690209703737834584,682602,0.41773928144298095,0.07790485389631298,0.0
1690209703737995352,682602,0.4177365340723374,0.0779170132380505,0.0
1690209703738304309,682602,0.4177632516338249,0.07789002133592964,0.0
1690209703738321433,682602,0.4177870053588118,0.0778967408160796,0.0
1690209703738346421,682602,0.41770761631803355,0.07798221174796743,0.0
1690209703738361409,682602,0.4176874650464155,0.07803879915158513,0.0
1690209703738373772,682602,0.41767039633137043,0.0780050464703962,0.0
1690209703738379952,682602,0.4176056895517207,0.07802681220433394,0.0
1690209703738393077,682602,0.41761370821071375,0.07802144564592542,0.0
1690209703746361934,682603,0.4175991389341604,0.07800665594180949,0.0
1690209703747618274,682603,0.41759514990869573,0.07795768306275339,0.0
1690209703747879878,682603,0.4175242409778813,0.07803484789310032,0.0
1690209703748354245,682603,0.41763237187061275,0.07792180710376996,0.0
1690209703748381371,682603,0.4177011275490704,0.07777757435942023,0.0
1690209703748398754,682603,0.41770154506096285,0.07780616561690681,0.0
1690209703748414157,682603,0.4177733249364377,0.07772303078280807,0.0
1690209703748435029,682603,0.41788673280160005,0.077635635533316,0.0
1690209703748467527,682603,0.4179191185218034,0.07762640122440725,0.0
1690209703748503377,682603,0.41791955513152956,0.0776524180764816,0.0
1690209703752714560,682604,0.41802752319512043,0.07754704803660281,0.0
1690209703753584084,682604,0.41803628190326403,0.0775119778076349,0.0
1690209703754311388,682604,0.41809557561927035,0.07749024294151072,0.0
1690209703754450325,682604,0.41807293769580534,0.07750700627352412,0.0
1690209703754679252,682604,0.41811405112465255,0.07749526682851605,0.0
1690209703754691037,682604,0.41811446637340105,0.07744790780012628,0.0
1690209703754697479,682604,0.41806797267020573,0.0775160266746265,0.0
1690209703754731096,682604,0.4181118022652297,0.07750782483171509,0.0
1690209703754738663,682604,0.41807342457892405,0.07748977965961451,0.0
1690209703754750249,682604,0.4180457656124254,0.07752250863867961,0.0
1690209703760759659,682605,0.4179945624836907,0.07761030899411848,0.0
1690209703761141462,682605,0.41803662137104886,0.07754410567863941,0.0
1690209703761350180,682605,0.4179721495296985,0.0776110164461424,0.0
1690209703761495066,682605,0.4178866658045766,0.07770057765956853,0.0
1690209703761512649,682605,0.41792667519125054,0.07769210120617358,0.0
1690209703761522171,682605,0.41794656510800365,0.0776747797353355,0.0
1690209703761529868,682605,0.4178908518312992,0.07773339226378388,0.0
1690209703761542342,682605,0.41791454461335176,0.07774764894852207,0.0
1690209703761550296,682605,0.41792931944342393,0.07775242732451526,0.0
1690209703761561366,682605,0.41794527063937686,0.07776414534536262,0.0
1690209703768918829,682606,0.4178991953602604,0.07783862065839957,0.0
1690209703769372690,682606,0.4178978430025545,0.0779032160697897,0.0
1690209703769906988,682606,0.4179090879424497,0.07788081730001839,0.0
1690209703770419442,682606,0.41784715829809616,0.0779247861597388,0.0
1690209703770463063,682606,0.41783129772058003,0.07798133638623674,0.0
1690209703770786433,682606,0.4178110190362355,0.07799156829357738,0.0
1690209703770803906,682606,0.4177946994912302,0.07796222600920194,0.0
1690209703770826335,682606,0.4176813364943788,0.07809093842264773,0.0
1690209703770842721,682606,0.4177341978889333,0.07804213755440123,0.0
1690209703770860480,682606,0.4177644861090419,0.07793166426215621,0.0
1690209703776797736,682607,0.4177208451009702,0.07795341736719114,0.0
1690209703777574715,682607,0.417765063843773,0.07786687813303159,0.0
1690209703778103930,682607,0.41785374459859936,0.07778733971590222,0.0
1690209703778200226,682607,0.41785275431174107,0.07776501733156307,0.0
1690209703778673524,682607,0.41783964405911417,0.07779473957610326,0.0
1690209703778682023,682607,0.417931095341381,0.07769667515854511,0.0
1690209703778686647,682607,0.4179290478669725,0.0776681706083902,0.0
1690209703778690977,682607,0.41793927608611636,0.07768428596742012,0.0
1690209703778766888,682607,0.41790999854934263,0.07771980262327075,0.0
1690209703778794782,682607,0.4179589792721758,0.0776803917343573,0.0
1690209703785643387,682608,0.41790605034988015,0.07769653453298715,0.0
1690209703786604834,682608,0.41788309069347646,0.07774657118842575,0.0
1690209703787006170,682608,0.4179144862224344,0.07770748820254382,0.0
1690209703787126161,682608,0.41788239174949415,0.0776991883871049,0.0
1690209703787483043,682608,0.4178315856009224,0.07775807763434672,0.0
1690209703787500606,682608,0.4178019269231038,0.0777836192693145,0.0
1690209703787527890,682608,0.41790281846539185,0.07767937008643921,0.0
1690209703787547132,682608,0.4178267934837452,0.07777240650025168,0.0
1690209703787557229,682608,0.41780864426071507,0.07786597139583737,0.0
1690209703787605162,682608,0.4178898068297762,0.07783047384355249,0.0
1690209703793713184,682609,0.41786933263514126,0.07791030715327725,0.0
1690209703794205601,682609,0.41784806792758555,0.07799876368266954,0.0
1690209703794220425,682609,0.4178258350078454,0.0780716018962536,0.0
1690209703794584918,682609,0.41782146739205084,0.07810630313020048,0.0
1690209703794602584,682609,0.41767518035155266,0.07826819971684779,0.0
1690209703794616542,682609,0.41761913207929163,0.07835053990651893,0.0
1690209703794625126,682609,0.417595043827179,0.0783480486333584,0.0
1690209703794653374,682609,0.41753503922061463,0.07835501009566635,0.0
1690209703794658782,682609,0.4174785459220497,0.07835273811897957,0.0
1690209703794665590,682609,0.4174965318139412,0.07828127587670407,0.0
1690209703801892477,682610,0.41751431713291715,0.078219946891655,0.0
1690209703802335192,682610,0.41750605245698236,0.07817758859293299,0.0
1690209703802572452,682610,0.41759520187458155,0.07808587394785127,0.0
1690209703802852083,682610,0.41770900393570276,0.077932685223608,0.0
1690209703803659842,682610,0.41774670120866036,0.0778810663642785,0.0
1690209703803786610,682610,0.4178722963014188,0.07774040908068419,0.0
1690209703804115344,682610,0.41795696616417216,0.07766515075944903,0.0
1690209703804133577,682610,0.418018870039054,0.07761940767597797,0.0
1690209703804150477,682610,0.41801934622552606,0.07757195587803577,0.0
1690209703804156923,682610,0.4180653557179897,0.07752650958989993,0.0
1690209703809953379,682611,0.4180798763415498,0.07750841075991355,0.0
1690209703809964920,682611,0.4181426524071338,0.07741718756505579,0.0
1690209703810628516,682611,0.41815479866262883,0.07739730860038277,0.0
1690209703810833491,682611,0.41812713638769755,0.07746160621020212,0.0
1690209703810842242,682611,0.4181499756676988,0.07744778171642773,0.0
1690209703811131019,682611,0.41813182806739513,0.07752508139997565,0.0
1690209703811138984,682611,0.41810310103652754,0.07760630482990849,0.0
1690209703811156442,682611,0.4180958129678949,0.07765939240431077,0.0
1690209703811163992,682611,0.4180914802690807,0.07767538635772271,0.0
1690209703811179821,682611,0.41802276728647336,0.0778049080991578,0.0
1690209703818585271,682612,0.4179779861120629,0.07787715085499698,0.0
1690209703819027320,682612,0.41783452254833786,0.07801132947075196,0.0
1690209703820053013,682612,0.41775019972427735,0.0781186285363358,0.0
1690209703820240823,682612,0.41774144214048564,0.07808006999427858,0.0
1690209703820425103,682612,0.4176777808877407,0.07816674803727167,0.0
1690209703820667730,682612,0.4176752390977662,0.07818142002040451,0.0
1690209703820677441,682612,0.41767078831956483,0.07814695445832572,0.0
1690209703820682871,682612,0.4177233909339929,0.0781155953306959,0.0
1690209703820709295,682612,0.4177615182830323,0.07813995303655878,0.0
1690209703820736003,682612,0.4178080793144716,0.07806948325972068,0.0
1690209703827040375,682613,0.41780617591780134,0.07804612407329162,0.0
1690209703828251178,682613,0.4178067334399583,0.07806650469133374,0.0
1690209703828388382,682613,0.4179423480902431,0.07789347023695956,0.0
1690209703828759440,682613,0.41793106640873906,0.07790456595661731,0.0
1690209703828767183,682613,0.4179089572103163,0.07789348663902769,0.0
1690209703828771315,682613,0.4179364561176142,0.07781658644674089,0.0
1690209703828805048,682613,0.4179815317033775,0.07771220492798266,0.0
1690209703828809874,682613,0.4179659832261236,0.07771814278842809,0.0
1690209703828814773,682613,0.41801788341860574,0.07763308498034809,0.0
1690209703828843224,682613,0.41800185519309213,0.0776002799185449,0.0
1690209703836027753,682614,0.41809343388753784,0.07748729136945269,0.0
1690209703836485587,682614,0.41812122249608874,0.07742379180597604,0.0
1690209703837768362,682614,0.4181421293809512,0.07746625704773244,0.0
1690209703838082200,682614,0.4181487784649713,0.07741262775745082,0.0
1690209703838090672,682614,0.41817371874770254,0.07740027650815633,0.0
1690209703838116056,682614,0.41818557840915666,0.07741082031686969,0.0
1690209703838124974,682614,0.4182720123114481,0.07736853882102203,0.0
1690209703838134481,682614,0.4182744599086577,0.07735777217200171,0.0
1690209703838141057,682614,0.4181145380793099,0.07755715897545598,0.0
1690209703838179170,682614,0.41817045934183295,0.07753223752799825,0.0
1690209703842819501,682615,0.41814528991872557,0.07758464018505398,0.0
1690209703843086683,682615,0.41807269717141793,0.07770146668119508,0.0
1690209703843910797,682615,0.41800688374998196,0.07771232556936253,0.0
1690209703843937514,682615,0.418016253582596,0.0777107373568323,0.0
1690209703844309497,682615,0.41793890970153513,0.0777925099964206,0.0
1690209703844320759,682615,0.4178658170175429,0.07786028223239586,0.0
1690209703844331119,682615,0.4178730580500695,0.0778375460965644,0.0
1690209703844346430,682615,0.417807542363775,0.07789348652320266,0.0
1690209703844354474,682615,0.4178872287926678,0.07779043679038689,0.0
1690209703844360490,682615,0.4178417826061477,0.07785296465069434,0.0
1690209703851868970,682616,0.4178931860287864,0.07785645762010962,0.0
1690209703852160782,682616,0.4179164143518646,0.07775329277240337,0.0
1690209703852918844,682616,0.4179421315413083,0.07774944691141213,0.0
1690209703852970261,682616,0.41797180154690006,0.07780829966603749,0.0
1690209703853202143,682616,0.4180081835835626,0.07774833297151063,0.0
1690209703853219297,682616,0.4179856235204366,0.0777598051700416,0.0
1690209703853231521,682616,0.41794643614422905,0.07783876258265965,0.0
1690209703853238008,682616,0.41805921702976434,0.07772606955662989,0.0
1690209703853248264,682616,0.41801731725786095,0.07774559870111006,0.0
1690209703853255490,682616,0.417910888647473,0.07784525448511807,0.0
1690209703860751024,682617,0.4179558683880231,0.07778410570795004,0.0
1690209703860759373,682617,0.4179973867396375,0.07771888274510523,0.0
1690209703861146403,682617,0.41798053802152035,0.07776108445169073,0.0
1690209703861154324,682617,0.41791088328121284,0.07783177933421027,0.0
1690209703861164718,682617,0.41792990447347333,0.07777869819036756,0.0
1690209703861172143,682617,0.4179439781809566,0.0777116409136331,0.0
1690209703861197604,682617,0.4179367452828052,0.07772586179462283,0.0
1690209703861202521,682617,0.41794975474944546,0.0777586320779721,0.0
1690209703861221369,682617,0.41796773102851315,0.0777028103271116,0.0
1690209703861229238,682617,0.4179497165928504,0.07768533954220369,0.0
1690209703869057549,682618,0.4179538232654886,0.07772222606620507,0.0
1690209703870342120,682618,0.418068678741492,0.07763173007603769,0.0
1690209703870549269,682618,0.41803890560444834,0.07762520550861511,0.0
1690209703870859176,682618,0.4179915275811201,0.07771719910285596,0.0
1690209703870879090,682618,0.4180818925461841,0.07763813308065905,0.0
1690209703870892250,682618,0.4182038893883359,0.0775502176114853,0.0
1690209703870902059,682618,0.41814705535247093,0.07762252927527925,0.0
1690209703870911294,682618,0.418138454447953,0.07763184146198965,0.0
1690209703870918854,682618,0.41821314559484446,0.07754234298044942,0.0
1690209703870976965,682618,0.41816350799575525,0.07761510416915554,0.0
1690209703878732644,682619,0.4181639986666381,0.07766506864909481,0.0
1690209703879900710,682619,0.4180577204490802,0.07773217028252857,0.0
1690209703880112497,682619,0.4180497005339857,0.07771516063268637,0.0
1690209703880489126,682619,0.41799913636300357,0.07774185413244362,0.0
1690209703880498946,682619,0.4179871957648629,0.07775543243109949,0.0
1690209703880504244,682619,0.4179884515390822,0.07775190104197639,0.0
1690209703880521693,682619,0.4178784151847587,0.07778154606880051,0.0
1690209703880539148,682619,0.4178836370684734,0.0777842843645066,0.0
1690209703880566606,682619,0.4178813612162691,0.07779612018604168,0.0
1690209703880594169,682619,0.4179055341377662,0.07774795158086374,0.0
1690209703885192627,682620,0.4178327507776698,0.07782232407060716,0.0
1690209703886380132,682620,0.41781866800831163,0.07781366474424593,0.0
1690209703886393073,682620,0.41793019536651854,0.07773970440020844,0.0
1690209703886637987,682620,0.4179050683484241,0.07779313654747061,0.0
1690209703886645778,682620,0.41788106077908366,0.07790974304609057,0.0
1690209703886657814,682620,0.4179161925197994,0.07788397403503136,0.0
1690209703886669350,682620,0.41793767280646577,0.07791053752825569,0.0
1690209703886674515,682620,0.41794035812417724,0.07796146933025268,0.0
1690209703886701283,682620,0.41786284141384333,0.07805830771628425,0.0
1690209703886724859,682620,0.41784595475187525,0.0780933784995357,0.0
1690209703892688591,682621,0.4177534392043018,0.07815509367580088,0.0
1690209703892865861,682621,0.4177318794956198,0.07820327255610764,0.0
1690209703893540609,682621,0.4177032354169261,0.07817470060768973,0.0
1690209703893658903,682621,0.41761741998326884,0.07822681112996487,0.0
1690209703893882779,682621,0.4175948191235509,0.07813718499929394,0.0
1690209703893905938,682621,0.41760805064515893,0.07810458264277365,0.0
1690209703893913896,682621,0.4176929473350922,0.07800068760293469,0.0
1690209703893921841,682621,0.41767916043129927,0.07796067720677455,0.0
1690209703893956647,682621,0.4178142123533489,0.07779686047198878,0.0
1690209703893977458,682621,0.41788373908237697,0.07767965089901212,0.0
1690209703903229414,682622,0.4180370521041161,0.0775973295801107,0.0
1690209703904327941,682622,0.41812880635470795,0.07746863249312341,0.0
1690209703904941528,682622,0.4181541038872557,0.07745877106609413,0.0
1690209703905429947,682622,0.4182013699446963,0.077388756805093,0.0
1690209703905765345,682622,0.41822043698577954,0.0773620571641882,0.0
1690209703905777844,682622,0.4182756399321874,0.0773358861411934,0.0
1690209703905783119,682622,0.41812429614819135,0.07746888464558253,0.0
1690209703905806514,682622,0.4181506113647877,0.07741373823538529,0.0
1690209703905872537,682622,0.4181030164174485,0.07743440886826801,0.0
1690209703905886035,682622,0.41807835917176317,0.07750379449018763,0.0
1690209703911028744,682623,0.41808153759323197,0.07748800478321038,0.0
1690209703911299672,682623,0.41801675489524515,0.07754268462137584,0.0
1690209703911751807,682623,0.4180236747173115,0.07757151878488522,0.0
1690209703912187685,682623,0.41803061574418465,0.0776088287906104,0.0
1690209703912285950,682623,0.41806351255853463,0.0775909120116837,0.0
1690209703912519918,682623,0.41798014392118593,0.07773962416654293,0.0
1690209703912529945,682623,0.4179769555977273,0.07775158859822234,0.0
1690209703912535955,682623,0.4179316532932612,0.07782416360112103,0.0
1690209703912560747,682623,0.41788310024513475,0.07791402911496113,0.0
1690209703912574557,682623,0.41780724657547813,0.07802165051234919,0.0
1690209703918117075,682624,0.4177835686297921,0.07807175529441593,0.0
1690209703918485603,682624,0.41773766702822374,0.07810529039695212,0.0
1690209703918604864,682624,0.417759223631252,0.0781183167054586,0.0
1690209703919473423,682624,0.41772185698212055,0.07814472921228774,0.0
1690209703919587964,682624,0.417694339310897,0.0781661001351266,0.0
1690209703919764077,682624,0.4177025208843408,0.07811800610601888,0.0
1690209703919971526,682624,0.417683432050936,0.0781415194514636,0.0
1690209703919985401,682624,0.41778309821693893,0.07799880157011041,0.0
1690209703919995509,682624,0.41775048939509596,0.07798966555652022,0.0
1690209703920005284,682624,0.41781698122744954,0.0779126681365724,0.0
1690209703927339428,682625,0.41786719456688365,0.07780850268799813,0.0
1690209703927594026,682625,0.4179544509617993,0.07770094367795448,0.0
1690209703928078234,682625,0.4179968092934428,0.07766847069792948,0.0
1690209703928211884,682625,0.4180327266811604,0.07760533879704207,0.0
1690209703928590835,682625,0.41812481428997916,0.0774853919906476,0.0
1690209703928613926,682625,0.41813259731257724,0.07754360616036796,0.0
1690209703928632351,682625,0.41816037988816224,0.07748563064615441,0.0
1690209703928650386,682625,0.41813789192076617,0.07749880221491705,0.0
1690209703928658505,682625,0.4181021861827054,0.0775377174590346,0.0
1690209703928667921,682625,0.4181159723889549,0.07751176651969907,0.0
1690209703935215238,682626,0.41812591818446293,0.07749260551214932,0.0
1690209703935550633,682626,0.4180031120069045,0.07764456664532504,0.0
1690209703935936758,682626,0.4179800502930411,0.07768411197376773,0.0
1690209703936354675,682626,0.4179452962044468,0.07766562774001888,0.0
1690209703936549036,682626,0.41791453153926533,0.07774436613265673,0.0
1690209703936971365,682626,0.41787311522306425,0.07780035461207482,0.0
1690209703937085921,682626,0.41781761225454317,0.07787765532943128,0.0
1690209703937271609,682626,0.4178138128789318,0.07793375440676074,0.0
1690209703937284885,682626,0.41777433926197277,0.07801687144096861,0.0
1690209703937299574,682626,0.4178215859798239,0.0780006036778489,0.0
1690209703944058752,682627,0.41771545776769703,0.07815497183001321,0.0
1690209703945058688,682627,0.41768427300291733,0.07819310931309802,0.0
1690209703945745330,682627,0.4176220465872672,0.07829178779186795,0.0
1690209703945905101,682627,0.41759704157399924,0.07834931601242068,0.0
1690209703946314904,682627,0.4175742481641529,0.07834156786880196,0.0
1690209703946326719,682627,0.4174886834803991,0.07843243613102276,0.0
1690209703946338566,682627,0.41746222616749984,0.07843723912789607,0.0
1690209703946349737,682627,0.41747750630197944,0.07838617931645202,0.0
1690209703946397044,682627,0.417442026135858,0.0784192674044453,0.0
1690209703946405316,682627,0.4174352755102175,0.07842315463959215,0.0
1690209703952075389,682628,0.41755558942242543,0.07825028799995058,0.0
1690209703952285781,682628,0.41756950124578723,0.07821373600711737,0.0
1690209703952299704,682628,0.4176302695519403,0.07815456171790788,0.0
1690209703952319503,682628,0.41770546688466864,0.07802114302830492,0.0
1690209703952534999,682628,0.4177435757937796,0.07794597688935453,0.0
1690209703952620931,682628,0.4177861144675876,0.07788312626347099,0.0
1690209703952844994,682628,0.4179116235860642,0.07772727034571869,0.0
1690209703952854147,682628,0.41798656685237406,0.07763565847789171,0.0
1690209703952865441,682628,0.41800210813934396,0.07762464456515047,0.0
1690209703952870339,682628,0.4180794892752731,0.0775039174439658,0.0
1690209703961414083,682629,0.418095877423032,0.07753782286825289,0.0
1690209703961937026,682629,0.4181216297973922,0.07751854045821265,0.0
1690209703963151302,682629,0.41810636084542935,0.07752270696351753,0.0
1690209703963403012,682629,0.4180827779255313,0.07759556504039415,0.0
1690209703963664148,682629,0.41804221477960124,0.07763825986981214,0.0
1690209703964018676,682629,0.41805664453503416,0.07765536155702253,0.0
1690209703964040380,682629,0.41793695826597327,0.07779830641362818,0.0
1690209703964051613,682629,0.4178760801897718,0.07791369871145887,0.0
1690209703964067730,682629,0.417833551194623,0.07790836057153568,0.0
1690209703964076905,682629,0.4176867859073787,0.07810286055033774,0.0
1690209703968812757,682630,0.41766689325362355,0.0781638000872878,0.0
1690209703969287145,682630,0.41757253777993186,0.0782191448236892,0.0
1690209703969450233,682630,0.41751022214266437,0.07832486290659062,0.0
1690209703969839011,682630,0.4174351224963101,0.07836370113547754,0.0
1690209703970132413,682630,0.41749660685364115,0.0783106978167909,0.0
1690209703970407347,682630,0.41747037751276983,0.07833966907797738,0.0
1690209703970418508,682630,0.4174379557710445,0.07836862741329158,0.0
1690209703970425212,682630,0.4175580835820536,0.0782499598727954,0.0
1690209703970436787,682630,0.41752342126681935,0.07826362108639329,0.0
1690209703970445864,682630,0.417644068839066,0.07817265514936914,0.0
1690209703977814811,682631,0.41767704742850875,0.07811173303121614,0.0
1690209703978298323,682631,0.41771159174349215,0.07809262048182918,0.0
1690209703979283330,682631,0.4177975298017169,0.07799161579464162,0.0
1690209703979510531,682631,0.4177644220263475,0.07799780013539372,0.0
1690209703979797058,682631,0.41782319002124674,0.07797785813151571,0.0
1690209703979808336,682631,0.41780926237896,0.0778964362533077,0.0
1690209703979818597,682631,0.41782138096710963,0.07783704867556539,0.0
1690209703979842974,682631,0.4177991037148423,0.07784421044957535,0.0
1690209703979858739,682631,0.4178344754267568,0.07774566041060955,0.0
1690209703979898895,682631,0.4178675770902702,0.07765644777266303,0.0
1690209703986364598,682632,0.41781105075324204,0.07772442762707239,0.0
1690209703987580262,682632,0.41797834735720796,0.07754712963403314,0.0
1690209703987808602,682632,0.4179965249879334,0.07750587917142444,0.0
1690209703988162956,682632,0.41802367927310824,0.07753862735037112,0.0
1690209703988176372,682632,0.4180900154982232,0.07751040120516058,0.0
1690209703988188971,682632,0.41812676109907154,0.07751151211712927,0.0
1690209703988199012,682632,0.41807656443124375,0.0775911271935156,0.0
1690209703988209231,682632,0.41803936657070356,0.0776491510346747,0.0
1690209703988218552,682632,0.41804381137929275,0.07771079315853736,0.0
1690209703988262572,682632,0.4179259167355646,0.07784572608250558,0.0
1690209703994180947,682633,0.4178624594089948,0.07791253558741221,0.0
1690209703994874899,682633,0.41775443665467216,0.07806356068658411,0.0
1690209703995558046,682633,0.41771036872771794,0.0781330636107396,0.0
1690209703995745696,682633,0.41765656231223486,0.0781578023574563,0.0
1690209703995993248,682633,0.41748177071304937,0.07836230022398058,0.0
1690209703996005353,682633,0.4174950697925606,0.0783818855351368,0.0
1690209703996018050,682633,0.41750223607459186,0.07827942938485843,0.0
1690209703996037077,682633,0.4174282191857406,0.07837595052925325,0.0
1690209703996054600,682633,0.41740004699510364,0.07839835378010594,0.0
1690209703996067059,682633,0.41748249330311205,0.07825450619014684,0.0
1690209704003398807,682634,0.41744251807616645,0.07830110768232267,0.0
1690209704004517390,682634,0.4174261471080918,0.07834312020847664,0.0
1690209704004654216,682634,0.41756498689128774,0.07820726593351267,0.0
1690209704004865208,682634,0.41756964562446175,0.07818686042207075,0.0
1690209704004996419,682634,0.41761604576604294,0.07816645095959243,0.0
1690209704005178855,682634,0.41770769172756833,0.07805863726847358,0.0
1690209704005427091,682634,0.41775452669205543,0.07802893762509823,0.0
1690209704005509353,682634,0.41777414743702934,0.07798782313157822,0.0
1690209704005519030,682634,0.417746591646885,0.0779890977051427,0.0
1690209704005576036,682634,0.41779623265625476,0.07795609017997422,0.0
1690209704010567322,682635,0.4177771391745355,0.07788112765583598,0.0
1690209704011244305,682635,0.4177713134861654,0.07785074376950253,0.0
1690209704011547573,682635,0.41774540640707253,0.077843124513235,0.0
1690209704011590204,682635,0.41778773506339567,0.07775426031486207,0.0
1690209704011838982,682635,0.4178309861014379,0.07764972452235147,0.0
1690209704011849654,682635,0.4177713054831984,0.07770471970093099,0.0
1690209704011866919,682635,0.41794777631016666,0.07752545953585598,0.0
1690209704011883136,682635,0.41796885308236975,0.0774784765632276,0.0
1690209704011891167,682635,0.41797201337292733,0.07753453043803393,0.0
1690209704011897842,682635,0.41805717837747247,0.07748757698882273,0.0
1690209704017696206,682636,0.4181019652503463,0.07749428720872586,0.0
1690209704017973549,682636,0.4181028090623048,0.07753103580475885,0.0
1690209704018086482,682636,0.41807805149777644,0.07759429199013002,0.0
1690209704018182131,682636,0.41809141630320873,0.07765486682958123,0.0
1690209704018581400,682636,0.41800564266120865,0.07774611180984697,0.0
1690209704018585182,682636,0.4179454845541989,0.0777991282393163,0.0
1690209704018747364,682636,0.41784303688194174,0.07794980746273404,0.0
1690209704018758765,682636,0.4178113024691984,0.07799378226549636,0.0
1690209704018767494,682636,0.41775065121271737,0.07802005048556541,0.0
1690209704018775964,682636,0.41764177975541755,0.07816689973562174,0.0
1690209704026900677,682637,0.41764200715338184,0.07815595960730036,0.0
1690209704027325021,682637,0.41766563091878456,0.07804934791703168,0.0
1690209704027409637,682637,0.4175961975749379,0.07815494502549135,0.0
1690209704027513147,682637,0.41755009700920165,0.07819664684733293,0.0
1690209704028143010,682637,0.41762500410002684,0.07807048092963463,0.0
1690209704028221341,682637,0.41759198347547116,0.07810264531188783,0.0
1690209704028356765,682637,0.4175663925339789,0.0781395269063594,0.0
1690209704028369664,682637,0.41772870857973377,0.07796957667159972,0.0
1690209704028377498,682637,0.41770102950591653,0.07798040177913487,0.0
1690209704028384309,682637,0.4177022678662052,0.07802128664311805,0.0
1690209704034047271,682638,0.417816458980508,0.07789503268667716,0.0
1690209704034885190,682638,0.4178381273874441,0.07785963454602103,0.0
1690209704035099299,682638,0.4178082928568799,0.07787134954147681,0.0
1690209704035113979,682638,0.41781690266101934,0.07783652632464932,0.0
1690209704035423600,682638,0.4178661771771053,0.07775811691578498,0.0
1690209704035432648,682638,0.41785969144058255,0.07769883872541798,0.0
1690209704035441676,682638,0.41789681776344895,0.07763247252410667,0.0
1690209704035458449,682638,0.4179620402667875,0.07756052840806098,0.0
1690209704035470337,682638,0.41801284621730417,0.07747407020524827,0.0
1690209704035478097,682638,0.41803511474979493,0.07743902090278637,0.0
1690209704043488839,682639,0.41806533020744296,0.07747291935799992,0.0
1690209704044104632,682639,0.4181541960520254,0.07737197437095061,0.0
1690209704044146146,682639,0.4181576029371168,0.07738203188690482,0.0
1690209704044346356,682639,0.4180870268844018,0.07752917206612624,0.0
1690209704044353146,682639,0.4181289274236951,0.07754233347578296,0.0
1690209704044356797,682639,0.41810661044581876,0.07757632093979967,0.0
1690209704044362634,682639,0.41794039207157324,0.07779925568849429,0.0
1690209704044369515,682639,0.4179290264696402,0.07785185527592182,0.0
1690209704044375242,682639,0.4178661215360613,0.0778599570482904,0.0
1690209704044379650,682639,0.4177674309000827,0.07798392509955714,0.0
1690209704051185439,682640,0.4176972453342037,0.0780161101795891,0.0
1690209704051193303,682640,0.4177527761312511,0.07793560063936193,0.0
1690209704051218896,682640,0.41773224571592843,0.07797777468097422,0.0
1690209704051349297,682640,0.41770223511750687,0.07799221988716033,0.0
1690209704051355690,682640,0.417843232594312,0.07787496775293133,0.0
1690209704051524027,682640,0.41784624818846094,0.07786459305039943,0.0
1690209704051530137,682640,0.41796026684486126,0.07778306093557857,0.0
1690209704051535833,682640,0.41801416545697656,0.077720241785031,0.0
1690209704051555989,682640,0.41806338628881834,0.07771393328276542,0.0
1690209704051561173,682640,0.41811628519361727,0.07763363515990475,0.0
1690209704060525023,682641,0.4180661735678417,0.07766606761592823,0.0
1690209704061155763,682641,0.4181297836120376,0.07765375407877825,0.0
1690209704061233872,682641,0.4181143694445569,0.07757606908668394,0.0
1690209704061445262,682641,0.4180828368244847,0.07756114215325621,0.0
1690209704061450590,682641,0.4180349246730203,0.07758448741471688,0.0
1690209704061456355,682641,0.4180797094447011,0.07748928264258252,0.0
1690209704061474104,682641,0.4181024816452887,0.07740822290239122,0.0
1690209704061482099,682641,0.4180367702584018,0.07748671652321686,0.0
1690209704061490985,682641,0.4181791030582736,0.07732578835896958,0.0
1690209704061496723,682641,0.41821886865845376,0.07726094447546605,0.0
1690209704070400826,682642,0.41826075461950757,0.07729545734277261,0.0
1690209704070817513,682642,0.4183503297506377,0.07724100759352194,0.0
1690209704071147434,682642,0.418397116762745,0.07725337163902335,0.0
1690209704072805576,682642,0.4183526972081971,0.07734756377899077,0.0
1690209704072812953,682642,0.418326297375618,0.07741378848763784,0.0
1690209704072820120,682642,0.41830834801696687,0.07744991115823793,0.0
1690209704072826605,682642,0.41815452388710855,0.07760156250865234,0.0
1690209704072846174,682642,0.4180778405195762,0.07765235147722571,0.0
1690209704072928164,682642,0.4179438146792318,0.07779562741356302,0.0
1690209704072949323,682642,0.4179514865102759,0.07780270657110044,0.0
1690209704077629166,682643,0.41786956640162326,0.07782688705646948,0.0
1690209704078407955,682643,0.4178062092031308,0.07791324432105656,0.0
1690209704078735602,682643,0.4178084866002496,0.07789528224538586,0.0
1690209704078893944,682643,0.4178991200504715,0.07775140004476667,0.0
1690209704079023163,682643,0.41787366346314164,0.07779846644228217,0.0
1690209704079268928,682643,0.41790101022130166,0.07781128510690596,0.0
1690209704079276870,682643,0.41801491251830364,0.07765778170409526,0.0
1690209704079288551,682643,0.41793795087570235,0.07772220123390604,0.0
1690209704079295908,682643,0.4179700297990889,0.07775167264755868,0.0
1690209704079304550,682643,0.4180181460416875,0.07771103370037637,0.0
1690209704084216688,682644,0.4180006862708785,0.07771649006731031,0.0
1690209704084568336,682644,0.41793413413935354,0.07781060165785514,0.0
1690209704085000630,682644,0.41799695508975,0.07773993929376646,0.0
1690209704085330898,682644,0.41799326032206835,0.07774995407085618,0.0
1690209704085622399,682644,0.4179147276672268,0.07782351808524508,0.0
1690209704085634738,682644,0.41790283167006176,0.07781449241274331,0.0
1690209704085649597,682644,0.41793173745083795,0.07776976125780284,0.0
1690209704085658129,682644,0.4179416424334054,0.07769619646284114,0.0
1690209704085664026,682644,0.4178880712692358,0.07772733851253044,0.0
1690209704085677849,682644,0.41786204724063464,0.077727069922911,0.0
1690209704094574614,682645,0.4179075507784916,0.07766417604682825,0.0
1690209704094980606,682645,0.41791053940091927,0.07761009976552798,0.0
1690209704096067877,682645,0.41788861396064514,0.07770735635241001,0.0
1690209704096210261,682645,0.41796485204805217,0.07762928114442395,0.0
1690209704096557252,682645,0.4179972361985067,0.07759974226248431,0.0
1690209704096576670,682645,0.41803401229054354,0.07759595317457954,0.0
1690209704096591164,682645,0.41804610179716034,0.07762051253951054,0.0
1690209704096607071,682645,0.4180886065528732,0.07760645420704029,0.0
1690209704096618314,682645,0.41797476468417527,0.07770232945240163,0.0
1690209704096632253,682645,0.4179874917710459,0.07772118024453356,0.0
1690209704101785762,682646,0.41794910441292754,0.07774176542104852,0.0
1690209704102744644,682646,0.4179571976466386,0.07772672343907618,0.0
1690209704102844472,682646,0.4179069877289455,0.07769209291015151,0.0
1690209704102946029,682646,0.4179190586684501,0.07772094168228255,0.0
1690209704103236826,682646,0.4180167887797611,0.077609234042346,0.0
1690209704103242457,682646,0.4179873278986397,0.07762823613064224,0.0
1690209704103276925,682646,0.4180559915455838,0.07759494722146049,0.0
1690209704103283305,682646,0.4180616335352939,0.07757801779331187,0.0
1690209704103287052,682646,0.4182246429122243,0.0774367482191842,0.0
1690209704103324535,682646,0.41815037692248286,0.07750116793920372,0.0
1690209704110970547,682647,0.41816342092813347,0.0775348579419291,0.0
1690209704112244355,682647,0.4181236001707619,0.07753140074235142,0.0
1690209704112543736,682647,0.4180720153252272,0.07759600520996142,0.0
1690209704112791738,682647,0.4180938715270103,0.07759502547741383,0.0
1690209704112814540,682647,0.41800796205210455,0.07767851589703817,0.0
1690209704112827544,682647,0.41803749476013613,0.07763951692905932,0.0
1690209704112836835,682647,0.4179609738272362,0.0776802517910967,0.0
1690209704112875131,682647,0.4180131333337188,0.0776485573160385,0.0
1690209704112900590,682647,0.4179921045600148,0.07766248699767532,0.0
1690209704112931492,682647,0.41795441110686765,0.0776789201213622,0.0
1690209704118282738,682648,0.4179382857801772,0.07770171680945613,0.0
1690209704118724379,682648,0.4179467302963611,0.07769145458458926,0.0
1690209704119848514,682648,0.41802511861871555,0.07764913153224316,0.0
1690209704119973214,682648,0.41797888055084986,0.07772811729808791,0.0
1690209704120258036,682648,0.4179414879201764,0.07778611206337115,0.0
1690209704120269321,682648,0.4179201848493834,0.07782217465002386,0.0
1690209704120498079,682648,0.41791301101964073,0.07785292693980886,0.0
1690209704120507045,682648,0.4178679229040567,0.07793837528655939,0.0
1690209704120511658,682648,0.4177791759503082,0.0780235319566128,0.0
1690209704120525109,682648,0.4177294253113045,0.07802333800560347,0.0
1690209704126619467,682649,0.4177517242827957,0.07795947092179553,0.0
1690209704127630040,682649,0.41774522472664716,0.07795109892403622,0.0
1690209704127878330,682649,0.41772230566427215,0.07793814031231779,0.0
1690209704128010313,682649,0.4177035092087981,0.07791061016018958,0.0
1690209704128022995,682649,0.4177238133653477,0.07784379055108864,0.0
1690209704128033437,682649,0.4178818939197203,0.07767639992928381,0.0
1690209704128042181,682649,0.41799024126944895,0.07755722870458555,0.0
1690209704128066085,682649,0.41804094152172283,0.07751416014006504,0.0
1690209704128084338,682649,0.41812505549292606,0.07742448919117026,0.0
1690209704128104362,682649,0.4182316367046073,0.0773238563848002,0.0
1690209704135621894,682650,0.4183048289157683,0.0773319056858363,0.0
1690209704135754401,682650,0.41830752043928066,0.07733020000207963,0.0
1690209704135902088,682650,0.41831725405885,0.07730371525798203,0.0
1690209704136411542,682650,0.41829347686392393,0.077349159085313,0.0
1690209704136496424,682650,0.41826256668159806,0.07739318407498089,0.0
1690209704136857746,682650,0.4182406543987425,0.07741957085003963,0.0
1690209704136877800,682650,0.41810039590034465,0.07754367822323861,0.0
1690209704136889537,682650,0.41807539872909627,0.07757984774516266,0.0
1690209704136898727,682650,0.4180558829491511,0.07755100808072465,0.0
1690209704136906166,682650,0.418006626117679,0.07763842704953311,0.0
1690209704142775489,682651,0.4180006847661617,0.07766556022816698,0.0
1690209704143549436,682651,0.41796242331612893,0.07765464678506086,0.0
1690209704144040888,682651,0.41799278214280844,0.07767443113382932,0.0
1690209704144127775,682651,0.41797878076007433,0.07773409738526164,0.0
1690209704144473276,682651,0.4180238814781947,0.07771966431457765,0.0
1690209704144489333,682651,0.41794031013215804,0.07782521592854967,0.0
1690209704144521976,682651,0.4178648117200643,0.07789020964796049,0.0
1690209704144534019,682651,0.41797365318043883,0.07782828364799604,0.0
1690209704144542572,682651,0.41794397596800353,0.0778627264635309,0.0
1690209704144551517,682651,0.41787928107138594,0.07793058947074032,0.0
1690209704151333713,682652,0.4178437334300095,0.07796729500659509,0.0
1690209704152391005,682652,0.417861118158103,0.07793006281269448,0.0
1690209704152539324,682652,0.41794935358930746,0.07783450089644499,0.0
1690209704153004112,682652,0.4178653198506407,0.07789439443882121,0.0
1690209704153020523,682652,0.4179078587098446,0.07785386743235799,0.0
1690209704153026291,682652,0.4179399323318991,0.07770727890829314,0.0
1690209704153048382,682652,0.4179365965663452,0.07770259769363516,0.0
1690209704153063402,682652,0.41796720864794895,0.07767701557993559,0.0
1690209704153071549,682652,0.418003730197946,0.07758156826941415,0.0
1690209704153079457,682652,0.4180585952169328,0.07747454695747043,0.0
1690209704159883353,682653,0.41809063563601934,0.0774684143432188,0.0
1690209704161087584,682653,0.4183228063314365,0.07721812627380797,0.0
1690209704161380277,682653,0.4183488873064152,0.07716713002037692,0.0
1690209704161393759,682653,0.4183293901953665,0.0771950919936233,0.0
1690209704161660417,682653,0.4184343469623877,0.07707489783419015,0.0
1690209704161673104,682653,0.41851353728795637,0.0770509578944008,0.0
1690209704161686523,682653,0.4184781553887845,0.07709882347408847,0.0
1690209704161695035,682653,0.41844160926347795,0.0771131939844084,0.0
1690209704161719922,682653,0.41848317906422383,0.07708191623777383,0.0
1690209704161756269,682653,0.41846563999653763,0.07711074503016134,0.0
1690209704168857220,682654,0.4184398958453981,0.07714950864404488,0.0
1690209704169224718,682654,0.41829522653592155,0.07735671784303857,0.0
1690209704170434356,682654,0.41828464333850585,0.07739051676068337,0.0
1690209704170674366,682654,0.4182574966077727,0.07742172251512709,0.0
1690209704171133648,682654,0.41819739520468574,0.07757598695576853,0.0
1690209704171144119,682654,0.41817816588726764,0.0776397841181963,0.0
1690209704171149398,682654,0.4181637306692862,0.07761849523517135,0.0
1690209704171155442,682654,0.4180449216053612,0.0777881255009831,0.0
1690209704171183570,682654,0.4180045133062884,0.07787221862371618,0.0
1690209704171200570,682654,0.4180144413803533,0.07781177809119925,0.0
1690209704178428140,682655,0.417846663991448,0.07798773997099326,0.0
1690209704178528300,682655,0.4177830147937778,0.07799994950478792,0.0
1690209704178948146,682655,0.41784704836214154,0.07793750635272181,0.0
1690209704178959382,682655,0.41783221985966784,0.07794251504772598,0.0
1690209704178977442,682655,0.41778082400453154,0.07798424833517291,0.0
1690209704179000340,682655,0.417875689592527,0.07787698990209235,0.0
1690209704179013480,682655,0.41791455048223625,0.07781111942151285,0.0
1690209704179027931,682655,0.4180229635727762,0.07773426018639172,0.0
1690209704179116244,682655,0.4180501606002566,0.0776844230403941,0.0
1690209704179128647,682655,0.41811165201338596,0.07765331733314468,0.0
1690209704186541707,682656,0.41815981513549844,0.07750023851594805,0.0
1690209704187025489,682656,0.418130135455646,0.07749655209542874,0.0
1690209704187770818,682656,0.4181729578378749,0.07745149756633914,0.0
1690209704188421527,682656,0.41813603225144724,0.07741584110563121,0.0
1690209704188634153,682656,0.4181615114255952,0.07732489010439887,0.0
1690209704188987693,682656,0.41813447710554486,0.07734890043498527,0.0
1690209704189006637,682656,0.4183224126761246,0.0771586565511096,0.0
1690209704189017218,682656,0.41832729337019425,0.07711322183112979,0.0
1690209704189031391,682656,0.4183185449006556,0.07717695115798374,0.0
1690209704189040205,682656,0.4184254295778471,0.07706040210245742,0.0
1690209704194097395,682657,0.41848725166676604,0.07705597871370065,0.0
1690209704194701285,682657,0.41846741607273336,0.07712013429235832,0.0
1690209704194803522,682657,0.4184373493982818,0.07718688915220956,0.0
1690209704194900753,682657,0.41849192551491143,0.07714466551769919,0.0
1690209704195093371,682657,0.41838905089241485,0.07726531353086541,0.0
1690209704195101249,682657,0.4183352379711418,0.07737196024009561,0.0
1690209704195104205,682657,0.4182277898585721,0.07751685968941943,0.0
1690209704195177760,682657,0.4181503013592136,0.07761941746612143,0.0
1690209704195185737,682657,0.41806505040328373,0.07764815084250368,0.0
1690209704195195612,682657,0.4180329045296524,0.077755518370291,0.0
1690209704204042660,682658,0.4180259159434711,0.0777850357413121,0.0
1690209704205043611,682658,0.41794065697862043,0.07782693065172334,0.0
1690209704205300103,682658,0.41791033354866985,0.07788755654523667,0.0
1690209704205449021,682658,0.41791604628196527,0.07791691123922247,0.0
1690209704205587626,682658,0.41803331967162377,0.07776084060458988,0.0
1690209704205915179,682658,0.41794500491685194,0.07784652110014748,0.0
1690209704206581160,682658,0.41796056129182324,0.07785835854019207,0.0
1690209704206764997,682658,0.4181025519044072,0.07768086483880213,0.0
1690209704206930584,682658,0.4180879108813846,0.07771085706727128,0.0
1690209704206950951,682658,0.4180939067008018,0.07775630042974023,0.0
1690209704213120314,682659,0.4181606107040545,0.07765357595058978,0.0
1690209704214090126,682659,0.4181976482582513,0.07758809494241625,0.0
1690209704214177799,682659,0.41816103613908095,0.07765820862234277,0.0
1690209704214409988,682659,0.4181945630366128,0.07760190117400236,0.0
1690209704214544843,682659,0.41822118203180403,0.07754535796901739,0.0
1690209704214565345,682659,0.41819785624521966,0.07748349193298784,0.0
1690209704214578787,682659,0.41821653376631623,0.07742847444347017,0.0
1690209704214593353,682659,0.41827532609671225,0.07734960330575286,0.0
1690209704214599389,682659,0.41826408098772894,0.07730194337590231,0.0
1690209704214604198,682659,0.4182905647434968,0.07722596180828908,0.0
1690209704220311870,682660,0.41830511094859213,0.0771916397408549,0.0
1690209704220456813,682660,0.4184800788087938,0.07700337542731762,0.0
1690209704220761779,682660,0.41849328616083503,0.07695437466867762,0.0
1690209704221223988,682660,0.41847774379213,0.07705675772789163,0.0
1690209704221374594,682660,0.41858306909505644,0.07694876157824838,0.0
1690209704221532969,682660,0.418618469992174,0.07699584856295796,0.0
1690209704221633725,682660,0.4185998965778537,0.07706862177880629,0.0
1690209704221730487,682660,0.41856185182634675,0.07716144596310727,0.0
1690209704221894060,682660,0.4185885719233588,0.07715186451949367,0.0
1690209704221915247,682660,0.41838784326984985,0.0773809101068251,0.0
1690209704227653935,682661,0.4183537047314937,0.07746792929464655,0.0
1690209704228014482,682661,0.41818052053910554,0.07761588596711741,0.0
1690209704228752028,682661,0.41805621398745374,0.07776315494475589,0.0
1690209704228987176,682661,0.4179798421949508,0.07773852014266125,0.0
1690209704229273625,682661,0.4179400497736329,0.07779218479185775,0.0
1690209704229286590,682661,0.41795398897307623,0.07778981175383907,0.0
1690209704229294053,682661,0.4178868660956195,0.07779180997511068,0.0
1690209704229302364,682661,0.4180047821478838,0.07772174035704785,0.0
1690209704229310230,682661,0.41801473054957733,0.0777131737348924,0.0
1690209704229334033,682661,0.4181929253743472,0.07753915406758694,0.0
1690209704237744424,682662,0.41818072621300295,0.0775510510514517,0.0
1690209704238471393,682662,0.4182376787996023,0.07756553233906853,0.0
1690209704238587095,682662,0.4183863587986323,0.07742036509278451,0.0
1690209704239089009,682662,0.41834608905187753,0.07745950319445334,0.0
1690209704239202302,682662,0.41836471341107706,0.07751536460140637,0.0
1690209704239482906,682662,0.4183800484758037,0.07746423127692342,0.0
1690209704239768755,682662,0.4184019409039245,0.07741649491121042,0.0
1690209704239779210,682662,0.4183554505018446,0.07750451599701244,0.0
1690209704239834521,682662,0.4183736802815472,0.07748111282244362,0.0
1690209704239957563,682662,0.4183973095679522,0.07744431294299794,0.0
1690209704245003500,682663,0.4183531467497216,0.07740305111626487,0.0
1690209704245824225,682663,0.418370408512866,0.07736433751386874,0.0
1690209704245944417,682663,0.41838890929031164,0.07728189506286365,0.0
1690209704246163662,682663,0.4183798606261786,0.07724909262272073,0.0
1690209704246178370,682663,0.4183997978322562,0.07716555400721228,0.0
1690209704246251717,682663,0.4184194721585233,0.07713391466021546,0.0
1690209704246432093,682663,0.41860234705499083,0.07694843017316673,0.0
1690209704246442897,682663,0.41859707778966715,0.07692560140588978,0.0
1690209704246456538,682663,0.41863781889932333,0.0769686495137432,0.0
1690209704246461764,682663,0.4187388848841702,0.07686811177333217,0.0
1690209704253900699,682664,0.4187954486110398,0.07689098309122368,0.0
1690209704254554893,682664,0.41876812200185043,0.07694773929547591,0.0
1690209704254677607,682664,0.4187312152199198,0.0770393990930005,0.0
1690209704255633604,682664,0.4187834017781058,0.07700103061336114,0.0
1690209704255683867,682664,0.4186632168769057,0.0771382584055109,0.0
1690209704255954572,682664,0.4186247550829296,0.07722025697087526,0.0
1690209704255962313,682664,0.418474231462597,0.07739021541235525,0.0
1690209704255968491,682664,0.41844767403988337,0.07744423935026208,0.0
1690209704255997578,682664,0.4183640446036987,0.07746308603118338,0.0
1690209704256012653,682664,0.41832634219316406,0.07755969049311105,0.0
1690209704262078781,682665,0.41832605321814487,0.0775585269591114,0.0
1690209704262200634,682665,0.4182828013674901,0.07756516509429758,0.0
1690209704262519400,682665,0.41822564854892347,0.07765806957465471,0.0
1690209704263139489,682665,0.4182176905250665,0.07768632948382555,0.0
1690209704263394234,682665,0.41831198340633313,0.07755744446555353,0.0
1690209704263583270,682665,0.4181763894330002,0.0776902853661496,0.0
1690209704263789949,682665,0.41816487993714824,0.07769209948890334,0.0
1690209704263801358,682665,0.41823627677385256,0.07761109042581509,0.0
1690209704263814123,682665,0.41821422195224245,0.07765368707797822,0.0
1690209704263828323,682665,0.4181926328102985,0.0777072539950736,0.0
1690209704271009987,682666,0.4182490434668274,0.07765082071725785,0.0
1690209704272237193,682666,0.41828018137526624,0.0776371586876233,0.0
1690209704272352197,682666,0.41824998869039787,0.07769185512505647,0.0
1690209704272721104,682666,0.418283344233431,0.07764413282032938,0.0
1690209704272735778,682666,0.4183142281110347,0.07762272899329306,0.0
1690209704272762268,682666,0.41833996401863044,0.0775414105587284,0.0
1690209704272786120,682666,0.41833329578195977,0.07754078374182947,0.0
1690209704272799529,682666,0.4183592467904783,0.07751165377301322,0.0
1690209704272807218,682666,0.41835133234429084,0.07746506556305918,0.0
1690209704272815425,682666,0.41838162796591194,0.07736530263487755,0.0
1690209704278413320,682667,0.41834136836183966,0.07739008505976869,0.0
1690209704279148660,682667,0.4184291698994485,0.07728004382597198,0.0
1690209704279266859,682667,0.41845465876017707,0.0772002298349685,0.0
1690209704279431829,682667,0.41842137003129976,0.07722180807943865,0.0
1690209704279766227,682667,0.4185007274370018,0.07712007612558489,0.0
1690209704279930734,682667,0.41857448321108015,0.07707165299043003,0.0
1690209704279946859,682667,0.41854364385001963,0.07709051191101964,0.0
1690209704279971012,682667,0.41853692941386295,0.07711966798349766,0.0
1690209704279978119,682667,0.4185732570157329,0.0770710625196934,0.0
1690209704280029275,682667,0.4185812065620464,0.07707103942348818,0.0
1690209704287181752,682668,0.41855765826867086,0.07711583229078048,0.0
1690209704287470856,682668,0.4184432173267635,0.07731415091796233,0.0
1690209704288712477,682668,0.41846292196556356,0.07732730243605453,0.0
1690209704288938081,682668,0.41840014560218824,0.07737677653918973,0.0
1690209704289321204,682668,0.4183471955110233,0.07751339229528151,0.0
1690209704289333756,682668,0.4183192639766333,0.07757530158211082,0.0
1690209704289338817,682668,0.4182809144377875,0.07757077365752232,0.0
1690209704289343960,682668,0.4181891656022489,0.07772004665850706,0.0
1690209704289430519,682668,0.4181866843341321,0.07776283176299735,0.0
1690209704289443022,682668,0.41823554029292287,0.07766849859814633,0.0
1690209704294026141,682669,0.418078105640507,0.07781887995383285,0.0
1690209704294347117,682669,0.41805397257213667,0.07782990259187086,0.0
1690209704294863966,682669,0.41814607539809207,0.07770973425964654,0.0
1690209704294978699,682669,0.4181292320177017,0.07772828995464165,0.0
1690209704295391040,682669,0.4181054492448444,0.07778252207002345,0.0
1690209704295505494,682669,0.41818770255115345,0.07766657200863913,0.0
1690209704295654983,682669,0.4182476927085049,0.07754590640135164,0.0
1690209704295830514,682669,0.41826979800352615,0.07756099155118892,0.0
1690209704295842920,682669,0.4183529211715272,0.07744032551955893,0.0
1690209704295851700,682669,0.4183854594696711,0.07738954227538108,0.0
1690209704303901870,682670,0.4184402535436367,0.07725336019891194,0.0
1690209704304549130,682670,0.418482162622849,0.0771713925594863,0.0
1690209704304838214,682670,0.4185763143841034,0.07711644026777432,0.0
1690209704304999003,682670,0.4185602678026029,0.07706574045635038,0.0
1690209704305348885,682670,0.4185882911312985,0.0770035959165512,0.0
1690209704305556269,682670,0.4186136953575999,0.07697994228921676,0.0
1690209704305712842,682670,0.41876286989150313,0.0768240535574594,0.0
1690209704305886318,682670,0.4187785397497806,0.07678342393287692,0.0
1690209704305896759,682670,0.41869750833596586,0.07694373160131379,0.0
1690209704305902241,682670,0.418823740109429,0.07683747520306866,0.0
1690209704312174743,682671,0.4188648019939111,0.076851331505154,0.0
1690209704313276140,682671,0.4188327042007743,0.0769701802500027,0.0
1690209704313671484,682671,0.41879627833153243,0.07705155618994744,0.0
1690209704313684998,682671,0.4188020759059531,0.07703400101717758,0.0
1690209704313695878,682671,0.41863972592115295,0.07723185825082687,0.0
1690209704313711682,682671,0.41860138139555414,0.07732057172803962,0.0
1690209704313722274,682671,0.41857385464563024,0.07734064891499629,0.0
1690209704313743734,682671,0.4184009097348136,0.07751600564823735,0.0
1690209704313788738,682671,0.41831700437635644,0.07754000886552558,0.0
1690209704313793424,682671,0.4183019601361411,0.07757873434165662,0.0
1690209704320748912,682672,0.41830376494208565,0.07758735112363731,0.0
1690209704320943150,682672,0.41824452498014336,0.07762368258963784,0.0
1690209704321302972,682672,0.4183301694402273,0.07755402314642962,0.0
1690209704322103461,682672,0.4183512867651755,0.07754819262679984,0.0
1690209704322276485,682672,0.4184901348661079,0.07742153505198084,0.0
1690209704322604024,682672,0.41849758988810604,0.07740414941318081,0.0
1690209704322624627,682672,0.4185244853887781,0.07741657253687916,0.0
1690209704322652968,682672,0.4186346444851213,0.07724794541588918,0.0
1690209704322661693,682672,0.41860048336248046,0.07727322145065015,0.0
1690209704322686511,682672,0.418640937014198,0.07727879193629421,0.0
1690209704328276744,682673,0.41863797567862765,0.07723139177980855,0.0
1690209704328414745,682673,0.41866960341938764,0.07713780936189318,0.0
1690209704328712761,682673,0.41861324911647896,0.07720233278657894,0.0
1690209704328812693,682673,0.418687333534384,0.07710056007545461,0.0
1690209704328925241,682673,0.41871059312430176,0.07701890648952493,0.0
1690209704329083655,682673,0.4186470717297406,0.07704576062266383,0.0
1690209704329093554,682673,0.4187187080655985,0.07696620309759203,0.0
1690209704329105698,682673,0.4187757694483894,0.07691357097798773,0.0
1690209704329110804,682673,0.41875796640061236,0.07690102428720796,0.0
1690209704329142405,682673,0.4187565100358353,0.07691559145304074,0.0
1690209704335280658,682674,0.41880759257513,0.07685207372099045,0.0
1690209704335556720,682674,0.41886479427994083,0.07680406825963636,0.0
1690209704336483881,682674,0.41886178521197076,0.07681900968253239,0.0
1690209704336626431,682674,0.4188140308870289,0.0769553044213255,0.0
1690209704336632994,682674,0.4188606767474066,0.07692617265608173,0.0
1690209704336808952,682674,0.41880811649630634,0.07697498610440734,0.0
1690209704336982176,682674,0.41879218777262306,0.07709105166756847,0.0
1690209704336998922,682674,0.41875653380198197,0.07713407052954795,0.0
1690209704337006783,682674,0.4187308536872292,0.07716824455939371,0.0
1690209704337014504,682674,0.4185960859038898,0.07733502827388311,0.0
1690209704345538505,682675,0.41857582019761574,0.07739476271276116,0.0
1690209704345902532,682675,0.41857779368373227,0.07734610786914274,0.0
1690209704347425374,682675,0.4184630811881598,0.07746065731003576,0.0
1690209704347735590,682675,0.41845515979326653,0.0774526146859239,0.0
1690209704348169172,682675,0.4184845155207865,0.07740196518704905,0.0
1690209704348188270,682675,0.41848011536432694,0.07741284116741977,0.0
1690209704348203562,682675,0.41843865282512904,0.0774184567788252,0.0
1690209704348233582,682675,0.4185058416081226,0.07734277415634158,0.0
1690209704348249816,682675,0.4185256788852155,0.07732951653886588,0.0
1690209704348262779,682675,0.4186056459574815,0.07727763150808703,0.0
1690209704353482137,682676,0.41865587198174686,0.07721724535993867,0.0
1690209704353926197,682676,0.4186719105022851,0.07722915820858495,0.0
1690209704354030816,682676,0.41879037889666576,0.07711478225374223,0.0
1690209704354700264,682676,0.4187753242944349,0.07712403150941725,0.0
1690209704354751205,682676,0.4187829215951713,0.07713708988571616,0.0
1690209704355042466,682676,0.4187796396469076,0.07711145296386107,0.0
1690209704355049059,682676,0.4188016000748596,0.07703499805971918,0.0
1690209704355052355,682676,0.41877155323877374,0.07705974628827518,0.0
1690209704355134335,682676,0.4188079779153606,0.07700321127474873,0.0
1690209704355159822,682676,0.41884020344408013,0.07694182038485765,0.0
1690209704360367792,682677,0.4188180967314853,0.07694578564532176,0.0
1690209704361692732,682677,0.4188712978875409,0.07689386250784229,0.0
1690209704361763434,682677,0.4189345705259363,0.07686312678940427,0.0
1690209704362006051,682677,0.4189186638598057,0.07686553704227209,0.0
1690209704362012941,682677,0.41893611520649066,0.0768768297157349,0.0
1690209704362018795,682677,0.4189804966505017,0.0768226805530233,0.0
1690209704362029293,682677,0.41898014670430195,0.076831532247751,0.0
1690209704362051640,682677,0.4190027344400243,0.07684914157765371,0.0
1690209704362061606,682677,0.4188981753675661,0.07701263663715718,0.0
1690209704362067116,682677,0.4188998887408868,0.07702849344721527,0.0
1690209704368674291,682678,0.4188259715275674,0.07706843934280412,0.0
1690209704369181267,682678,0.41881879047572845,0.07714278327865776,0.0
1690209704369887058,682678,0.41880106594942634,0.07715036902117134,0.0
1690209704370202222,682678,0.4187490651907774,0.07716780874704371,0.0
1690209704370390977,682678,0.41869778345721986,0.07724553284213272,0.0
1690209704370407595,682678,0.41866780502771395,0.07727960449579549,0.0
1690209704370418097,682678,0.41875189580188454,0.07717135789798746,0.0
1690209704370431568,682678,0.4186786884236685,0.07725494261416943,0.0
1690209704370445248,682678,0.41870745374960616,0.07727190798816783,0.0
1690209704370515032,682678,0.41883147719621117,0.07714187990586717,0.0
1690209704377323790,682679,0.41881046642788144,0.0771772151295717,0.0
1690209704378521848,682679,0.4188168783269335,0.07724547540554592,0.0
1690209704378776090,682679,0.4188169388077944,0.07722255214341316,0.0
1690209704379067945,682679,0.41884668501820355,0.07717511470572572,0.0
1690209704379082158,682679,0.4187694397098955,0.07727208309279228,0.0
1690209704379100114,682679,0.41876842122954644,0.07725504049056221,0.0
1690209704379116632,682679,0.41877947871491383,0.07719724480298923,0.0
1690209704379127177,682679,0.41869187726298795,0.07720318969187097,0.0
1690209704379158302,682679,0.41869813207241435,0.07717288117527302,0.0
1690209704379191581,682679,0.4187393558029945,0.07710134707056414,0.0
1690209704386864524,682680,0.41873675712649816,0.07707787377418378,0.0
1690209704388001608,682680,0.41874858083161365,0.07704705090857213,0.0
1690209704388169878,682680,0.4187817109489974,0.076997478664842,0.0
1690209704388654799,682680,0.418927652310169,0.07686992812313097,0.0
1690209704388685814,682680,0.41892779490147375,0.07687599445911894,0.0
1690209704388700956,682680,0.4189428724669579,0.07696424010263381,0.0
1690209704388720268,682680,0.41901169890273315,0.07690320429857932,0.0
1690209704388731440,682680,0.4189746588527703,0.07695875309208147,0.0
1690209704388773985,682680,0.4190125252146495,0.07700767279114111,0.0
1690209704388782532,682680,0.41899585849987664,0.07705720977317577,0.0
1690209704393847743,682681,0.4189963216684417,0.07706699242329315,0.0
1690209704394956569,682681,0.41887420401802444,0.07721411878062892,0.0
1690209704395370361,682681,0.4188319600145502,0.07727906699954187,0.0
1690209704395458779,682681,0.4189209458928461,0.07715793905733553,0.0
1690209704395799143,682681,0.4187880150658875,0.07729178277685565,0.0
1690209704395821653,682681,0.41876166578765806,0.07729624509375758,0.0
1690209704395833618,682681,0.41876997531105864,0.07727796846013321,0.0
1690209704395849184,682681,0.4187973344681501,0.07727883581233874,0.0
1690209704395858052,682681,0.4187720578369269,0.07731715998510114,0.0
1690209704395866572,682681,0.4188132967715904,0.07725740318303743,0.0
1690209704402610081,682682,0.4188495346240211,0.07723135734575193,0.0
1690209704402767514,682682,0.4188853158434013,0.07721820245851028,0.0
1690209704403294967,682682,0.4189354745464571,0.0771649737837179,0.0
1690209704403384940,682682,0.41895760588969616,0.0771581899222452,0.0
1690209704403737007,682682,0.41899746074145516,0.07705967370396719,0.0
1690209704403931094,682682,0.4189894114156297,0.07705696340622369,0.0
1690209704403941784,682682,0.4190043553822083,0.07700899600846713,0.0
1690209704403956155,682682,0.41900561075609694,0.07697710916595848,0.0
1690209704403971829,682682,0.41902168401936113,0.07691744875114437,0.0
1690209704403986583,682682,0.41902500927918324,0.07692133598095138,0.0
1690209704411026030,682683,0.41912629400960927,0.07681501577325814,0.0
1690209704411486869,682683,0.4191102950134231,0.07679637978324134,0.0
1690209704412570811,682683,0.41914012795615674,0.07679198588271395,0.0
1690209704412739612,682683,0.41919023729643645,0.07673659914105432,0.0
1690209704412917853,682683,0.4192169400749821,0.07674014164204696,0.0
1690209704413173934,682683,0.4192300981163247,0.07672962844906421,0.0
1690209704413182410,682683,0.4192171423706533,0.07676754125604587,0.0
1690209704413187216,682683,0.4192540159065278,0.07675483079465105,0.0
1690209704413201034,682683,0.4192189276345935,0.07680491617014219,0.0
1690209704413207950,682683,0.41922342579578786,0.07681778246958197,0.0
1690209704420712614,682684,0.41916435290425574,0.07688657310746315,0.0
1690209704421475634,682684,0.4191756020044763,0.07688995881282558,0.0
1690209704422468324,682684,0.41915553432625363,0.07689586395032039,0.0
1690209704422606957,682684,0.41914634344333745,0.07692895633778932,0.0
1690209704422939414,682684,0.4191551067128698,0.07691752663559952,0.0
1690209704422948203,682684,0.41912657776737283,0.07690413335555307,0.0
1690209704422954483,682684,0.4191089993978223,0.07693525477438934,0.0
1690209704422975152,682684,0.4190921804569108,0.0769504002233418,0.0
1690209704423018507,682684,0.41914371590931976,0.07688930679022768,0.0
1690209704423035475,682684,0.4190986256829341,0.0769366672133658,0.0
1690209704428913045,682685,0.4191098673878711,0.07693560278977399,0.0
1690209704430091227,682685,0.419140084436615,0.07690314734870972,0.0
1690209704430438810,682685,0.4191386499234092,0.07691417970710573,0.0
1690209704430619046,682685,0.41913859511099866,0.07691737572022345,0.0
1690209704430636787,682685,0.41913657727209014,0.07691324326015965,0.0
1690209704430672360,682685,0.41913891877260134,0.07691726417039141,0.0
1690209704430683405,682685,0.41912135619790963,0.07692738814767881,0.0
1690209704430693453,682685,0.41913600873684426,0.07693013495230216,0.0
1690209704430727833,682685,0.41912608671689683,0.07693879921507266,0.0
1690209704430755598,682685,0.4191468232155114,0.07694519258416467,0.0
1690209704436930012,682686,0.4191431019096423,0.07695361246879669,0.0
1690209704437459622,682686,0.4191365246757329,0.07698971023302299,0.0
1690209704437531369,682686,0.41914079804843296,0.0770045201245461,0.0
1690209704438096925,682686,0.41913435674764865,0.07703390901464445,0.0
1690209704438236860,682686,0.4191221625525193,0.07705461492053779,0.0
1690209704438595682,682686,0.4190601728154031,0.07711790227641355,0.0
1690209704438613315,682686,0.41905299585237,0.07712423117522096,0.0
1690209704438636003,682686,0.41905525166274804,0.07707769317310365,0.0
1690209704438642949,682686,0.41900301162143694,0.0771168715921309,0.0
1690209704438663239,682686,0.41898603673511164,0.07711479113917741,0.0
1690209704445530758,682687,0.41899768432278467,0.07705332691401263,0.0
1690209704447021364,682687,0.4190249521752044,0.07699693263737457,0.0
1690209704447041205,682687,0.4190292529105535,0.07697008312226791,0.0
1690209704447065922,682687,0.419208268680513,0.07677125217543397,0.0
1690209704447455683,682687,0.41924955739691316,0.07668688467996841,0.0
1690209704447466185,682687,0.419330847334764,0.07666317486464785,0.0
1690209704447475828,682687,0.41948612729613644,0.07650155491154738,0.0
1690209704447490819,682687,0.4195523987867864,0.07650697052466496,0.0
1690209704447500427,682687,0.41955549413571946,0.0765286008231789,0.0
1690209704447549959,682687,0.4195505714863914,0.07652308101910581,0.0
1690209704454308223,682688,0.41961480916070387,0.07649699056255824,0.0
1690209704455008044,682688,0.4195221763046903,0.07658574246831046,0.0
1690209704455464703,682688,0.41947639935777586,0.0766179494378072,0.0
1690209704455646790,682688,0.41936559803198376,0.07671796446392257,0.0
1690209704455938281,682688,0.41932660012278394,0.07676234328981098,0.0
1690209704456142126,682688,0.41930391925070776,0.07676647803007157,0.0
1690209704456151227,682688,0.4192282675319477,0.07689024162234943,0.0
1690209704456157382,682688,0.4192650970918373,0.07687876263083919,0.0
1690209704456191473,682688,0.41923994701348966,0.07689546571770749,0.0
1690209704456198620,682688,0.41927779669699655,0.0769258957745652,0.0
1690209704461974632,682689,0.4192651969727423,0.07702142250928941,0.0
1690209704463012096,682689,0.41930639781450557,0.07700397979887481,0.0
1690209704463239741,682689,0.4191791542717363,0.07713269632745733,0.0
1690209704463250669,682689,0.4191739858960211,0.07718225688836473,0.0
1690209704463617598,682689,0.41915759335280395,0.07716488481277517,0.0
1690209704463626699,682689,0.4190969315783667,0.0772434140151224,0.0
1690209704463630969,682689,0.41901640740210383,0.0772493412555017,0.0
1690209704463677965,682689,0.4190239143650075,0.07722983993226808,0.0
1690209704463690878,682689,0.41905686552107946,0.07714759947163823,0.0
1690209704463698240,682689,0.41901889944102055,0.07715761617417702,0.0
1690209704469770133,682690,0.41912951683685357,0.0770387496713292,0.0
1690209704470033126,682690,0.4191651271254874,0.07695749802293798,0.0
1690209704470861479,682690,0.4193505477478915,0.07677047831539963,0.0
1690209704471074541,682690,0.4194464305772249,0.07664337471370196,0.0
1690209704471259954,682690,0.4195625441199837,0.07662249622542862,0.0
1690209704471271450,682690,0.4196021019396953,0.07654215501793353,0.0
1690209704471279727,682690,0.4195991488819705,0.07653890044538149,0.0
1690209704471298057,682690,0.41968719031853663,0.07651173050409958,0.0
1690209704471302507,682690,0.41968386536590585,0.07649953358860796,0.0
1690209704471308782,682690,0.41970572566065945,0.07647420334708087,0.0
1690209704477709212,682691,0.4197145520822451,0.07648534991091445,0.0
1690209704478083054,682691,0.41979746289622377,0.076420848793662,0.0
1690209704478926759,682691,0.4198042405371525,0.07640507038670843,0.0
1690209704479121951,682691,0.41968648989468843,0.07657778457331191,0.0
1690209704479385081,682691,0.41970809606179754,0.07655550857878687,0.0
1690209704479401337,682691,0.4197073783741482,0.07652539962908758,0.0
1690209704479411490,682691,0.4196703318077978,0.07662209706231723,0.0
1690209704479423162,682691,0.419619327999585,0.07674106725294788,0.0
1690209704479428510,682691,0.41968019800884854,0.07667954058420628,0.0
1690209704479458630,682691,0.4195048049040852,0.0768761047570704,0.0
1690209704485641699,682692,0.419479487027306,0.07694897634000271,0.0
1690209704485993805,682692,0.4195200300516793,0.07689433824273703,0.0
1690209704486458383,682692,0.4194023723084519,0.07703658770429839,0.0
1690209704486896348,682692,0.41932936671526566,0.07708049218853273,0.0
1690209704487060101,682692,0.41933891859385414,0.07704590246497195,0.0
1690209704487246358,682692,0.4193576326920014,0.07702574686034676,0.0
1690209704487358270,682692,0.4193103686440677,0.07707078419292585,0.0
1690209704487538530,682692,0.419336580850751,0.07701248957224369,0.0
1690209704487553322,682692,0.4193838169993542,0.07692920532047524,0.0
1690209704487559614,682692,0.419480685409593,0.07677349529190713,0.0
1690209704495326290,682693,0.4195432958405039,0.07667997113601153,0.0
1690209704496349967,682693,0.41959420494004984,0.07663807861413337,0.0
1690209704496357112,682693,0.4196544006286833,0.07650638793309267,0.0
1690209704496491544,682693,0.41967742536993835,0.07643832641317055,0.0
1690209704496714259,682693,0.4197381329605874,0.07639654025731564,0.0
1690209704496721888,682693,0.4198312234606001,0.07626941841521745,0.0
1690209704496727902,682693,0.4198323910383642,0.07622122883357449,0.0
1690209704496738167,682693,0.4198005602254652,0.0762985959375551,0.0
1690209704496743700,682693,0.4199022791852465,0.0761908432393491,0.0
1690209704496765173,682693,0.4199152485096356,0.07619013217340108,0.0
1690209704504345860,682694,0.4198177366151461,0.0763274171426178,0.0
1690209704504491378,682694,0.4198377595775036,0.07632073770229376,0.0
1690209704504660046,682694,0.41984176219405045,0.07629566243618276,0.0
1690209704505341022,682694,0.41975128863609,0.07642325402348002,0.0
1690209704505400688,682694,0.41970130059667704,0.07652077102785472,0.0
1690209704505574773,682694,0.41964334708804923,0.0765485612161249,0.0
1690209704505580754,682694,0.4195753789239899,0.07665553584546482,0.0
1690209704505583521,682694,0.4195162384013254,0.07671083870520003,0.0
1690209704505597244,682694,0.4194707163965514,0.07684249022428484,0.0
1690209704505604029,682694,0.41944203019943865,0.07688852299504767,0.0
1690209704511835550,682695,0.4193421697668253,0.07693721824256795,0.0
1690209704512352638,682695,0.4193653547452565,0.07699017151363492,0.0
1690209704512361922,682695,0.4193666834488804,0.07704245862408382,0.0
1690209704512457419,682695,0.4193758929577504,0.07703477488838344,0.0
1690209704512490592,682695,0.4192434420982715,0.07716882177300163,0.0
1690209704512682765,682695,0.41924669510746543,0.07718345354992337,0.0
1690209704512687690,682695,0.41937667697085634,0.07701299859381142,0.0
1690209704512689925,682695,0.41926241129354225,0.07712129068525599,0.0
1690209704512702036,682695,0.4192490787067483,0.0771300389639173,0.0
1690209704512710083,682695,0.4192959369390812,0.07701504229194588,0.0
1690209704519887582,682696,0.419335556073316,0.07696006501631664,0.0
1690209704520649319,682696,0.4193287912648243,0.07699461924441733,0.0
1690209704520654128,682696,0.41940052447657794,0.07688677569230475,0.0
1690209704520932040,682696,0.41941354327992014,0.07682048561172919,0.0
1690209704520938942,682696,0.4194504683019855,0.07675004604684602,0.0
1690209704520943183,682696,0.4195785675249248,0.07659750952447587,0.0
1690209704520956801,682696,0.41966398695979323,0.07655672100889416,0.0
1690209704520966282,682696,0.41963821086673647,0.07651052594006008,0.0
1690209704520978399,682696,0.41966045785621847,0.07645531907640041,0.0
1690209704520985344,682696,0.41973724546492447,0.0764002379751305,0.0
1690209704528690427,682697,0.41980989172683936,0.07629302343553697,0.0
1690209704528962428,682697,0.41981049642303336,0.076251730324158,0.0
1690209704529877703,682697,0.4197438092101573,0.07633889246713992,0.0
1690209704529881326,682697,0.4198687294330471,0.07622474945263406,0.0
1690209704529979839,682697,0.4198843349706781,0.07622815952334706,0.0
1690209704530114640,682697,0.41983122376671517,0.07636704483904548,0.0
1690209704530121605,682697,0.4198780426743716,0.07632153481095456,0.0
1690209704530128402,682697,0.4198707793675358,0.07634203342038622,0.0
1690209704530135674,682697,0.4197784291151727,0.07648579115119834,0.0
1690209704530151273,682697,0.41973936214079627,0.07660345397291116,0.0
1690209704536481765,682698,0.41964483863501995,0.07669213353243379,0.0
1690209704536768368,682698,0.41946734152478177,0.07689759768089072,0.0
1690209704536892962,682698,0.4194198529749416,0.07695538413252995,0.0
1690209704536943590,682698,0.4193096081942188,0.07707365573971231,0.0
1690209704537088734,682698,0.41923447628554256,0.07717045984094323,0.0
1690209704537095534,682698,0.41912631710137704,0.07717011058088921,0.0
1690209704537099417,682698,0.41916196905372416,0.0771466329680592,0.0
1690209704537105138,682698,0.41917547172009256,0.07716147217105215,0.0
1690209704537109620,682698,0.4191589978800494,0.07715282539393087,0.0
1690209704537117409,682698,0.41919538206776785,0.07711985516537596,0.0
1690209704544462218,682699,0.41923192427545714,0.07709450500883773,0.0
1690209704544964081,682699,0.4194407250980111,0.07688618642275392,0.0
1690209704545478452,682699,0.4194700999207582,0.07686154844002972,0.0
1690209704545559970,682699,0.4195037278670498,0.07687326274043509,0.0
1690209704545829636,682699,0.4195889376730818,0.07674243723664355,0.0
1690209704545841196,682699,0.4196263232746017,0.07665891196975233,0.0
1690209704545848397,682699,0.4196718875753455,0.07665665558328481,0.0
1690209704545857030,682699,0.4197296211880782,0.07654867637040091,0.0
1690209704545915213,682699,0.4197253285236117,0.07648860162977257,0.0
1690209704545918993,682699,0.4197487626668934,0.07645797426726253,0.0
1690209704552302524,682700,0.41986553591382014,0.07634293615864954,0.0
1690209704553004160,682700,0.4199177478497805,0.07632611222638559,0.0
1690209704553173343,682700,0.41985916704417253,0.07640289798596298,0.0
1690209704553271725,682700,0.41989520140641995,0.07638888471504718,0.0
1690209704553424946,682700,0.4199518198548747,0.07637649986254391,0.0
1690209704553639835,682700,0.41991733256098807,0.07646104687199792,0.0
1690209704553651222,682700,0.41988037247943755,0.0765845605268309,0.0
1690209704553656379,682700,0.4197624815169896,0.07671107791513947,0.0
1690209704553662942,682700,0.4196454472051958,0.0768590074976444,0.0
1690209704553697256,682700,0.41961277059104796,0.07689825492498727,0.0
1690209704562963169,682701,0.4195015024014922,0.07704597173788716,0.0
1690209704564137078,682701,0.41943953253382454,0.07712776854119593,0.0
1690209704564350466,682701,0.4193619076046768,0.0771072384314845,0.0
1690209704564854228,682701,0.4194059400130449,0.07712283791822505,0.0
1690209704564875220,682701,0.4193968494862183,0.07715112355214726,0.0
1690209704564884739,682701,0.4194171499832058,0.07710041164717354,0.0
1690209704564899416,682701,0.4194280149577102,0.07709565550011586,0.0
1690209704564916729,682701,0.4194519469261517,0.07706760575770262,0.0
1690209704564929025,682701,0.41964806883066447,0.07689166246830327,0.0
1690209704564945790,682701,0.4196623537662725,0.07686616928387645,0.0
1690209704570761171,682702,0.41967180357435097,0.076910295839518,0.0
1690209704571567368,682702,0.41976258681452927,0.07677872826437544,0.0
1690209704572027475,682702,0.4197842285511285,0.0767257028741428,0.0
1690209704572159205,682702,0.4198013794168431,0.07675647975215785,0.0
1690209704572427876,682702,0.4197517220511596,0.07677469804354331,0.0
1690209704572450534,682702,0.41979247691718613,0.07669391418065548,0.0
1690209704572466796,682702,0.41977518031314887,0.0766643317775683,0.0
1690209704572476451,682702,0.4198742221707984,0.07656385205576298,0.0
1690209704572486582,682702,0.4199314772659722,0.07652574154226435,0.0
1690209704572501800,682702,0.41986407124723885,0.07657337695738778,0.0
1690209704577557472,682703,0.41992870488457407,0.07650765501349412,0.0
1690209704578142289,682703,0.42000152820228126,0.0764494518108078,0.0
1690209704578321690,682703,0.42008575889262617,0.07638523991673732,0.0
1690209704578443982,682703,0.4200709464624057,0.07644542327654026,0.0
1690209704578742232,682703,0.42002269476672033,0.07652828397632083,0.0
1690209704578904975,682703,0.42000206677823104,0.07655915191921442,0.0
1690209704578978850,682703,0.42000438201349,0.07661005781710183,0.0
1690209704579135844,682703,0.4199037281555794,0.0767426631347108,0.0
1690209704579150529,682703,0.41979970046880627,0.0768379149779604,0.0
1690209704579161733,682703,0.4197183555341285,0.07683974461914427,0.0
1690209704585954376,682704,0.41965234956334435,0.07692669307431486,0.0
1690209704587257888,682704,0.41964281329294756,0.07694790797633068,0.0
1690209704587349839,682704,0.41953440493020916,0.07700983537174194,0.0
1690209704587697255,682704,0.4195019740687652,0.07705593144189855,0.0
1690209704587710322,682704,0.41951183294110106,0.07701388649379173,0.0
1690209704587738375,682704,0.4196235717232252,0.0769373308846407,0.0
1690209704587748423,682704,0.4196724922246544,0.07689941324841766,0.0
1690209704587771963,682704,0.41965458240039794,0.07690842366261681,0.0
1690209704587787461,682704,0.4197374003743872,0.0768310304597255,0.0
1690209704587793598,682704,0.4197453271060071,0.07683246423625992,0.0
1690209704594614229,682705,0.41981417723643377,0.07677220223528673,0.0
1690209704594732726,682705,0.4197564777684294,0.0768169839136649,0.0
1690209704595489180,682705,0.4197414330685899,0.07681285861535646,0.0
1690209704595664466,682705,0.41980260889392873,0.07673127572663153,0.0
1690209704596051436,682705,0.4198079044544315,0.0767310152443135,0.0
1690209704596251147,682705,0.41977324421006,0.07675969380701221,0.0
1690209704596455907,682705,0.41975166918457985,0.07680881217961623,0.0
1690209704596475392,682705,0.4198028288333685,0.07674669464572802,0.0
1690209704596512561,682705,0.4198211492723053,0.07677552744364098,0.0
1690209704596532725,682705,0.41979849433681715,0.07680962491967366,0.0
1690209704604896981,682706,0.41979948377116094,0.07684095915644988,0.0
1690209704605354806,682706,0.41982008833177353,0.07676884703782254,0.0
1690209704605831495,682706,0.419774478715573,0.07682576074324488,0.0
1690209704605964927,682706,0.41978444212471605,0.07687032856134957,0.0
1690209704607041046,682706,0.41974108121704806,0.0768883938337817,0.0
1690209704607170369,682706,0.4197019730593805,0.07693022318004578,0.0
1690209704607433914,682706,0.41967583778451345,0.07690771128359997,0.0
1690209704607449657,682706,0.4197868992480971,0.07679989120871016,0.0
1690209704607460185,682706,0.4198015558008098,0.07675963410544863,0.0
1690209704607485931,682706,0.41972736014620016,0.07685575058610714,0.0
1690209704612735246,682707,0.41984140995694813,0.0767495863222049,0.0
1690209704612980338,682707,0.4198670126796772,0.07674180459494188,0.0
1690209704613720732,682707,0.4199772148286281,0.07667889596608507,0.0
1690209704613791710,682707,0.4199967501557343,0.07665113149607675,0.0
1690209704614018610,682707,0.42004649282289797,0.07662781499637397,0.0
1690209704614037703,682707,0.4200529801492753,0.07661474774464233,0.0
1690209704614048871,682707,0.42002119549215844,0.07666377289005939,0.0
1690209704614054648,682707,0.42004677992611916,0.07665462450984446,0.0
1690209704614103239,682707,0.41993208428596795,0.07675091123359179,0.0
1690209704614169244,682707,0.41991339453832266,0.07673508450197448,0.0
1690209704620348819,682708,0.41991275626578545,0.07676395112413772,0.0
1690209704621021333,682708,0.419951272889017,0.07675534163383058,0.0
1690209704621260094,682708,0.4199232100969178,0.07677630263507196,0.0
1690209704621438909,682708,0.41987870383261555,0.07684541639478418,0.0
1690209704621736221,682708,0.4199293678973903,0.07680993925035424,0.0
1690209704621937756,682708,0.41996544308117983,0.07680824947066596,0.0
1690209704622082056,682708,0.4199045292164203,0.07689337201002593,0.0
1690209704622099258,682708,0.419903446454689,0.0769412851566339,0.0
1690209704622120207,682708,0.419892778885601,0.07688370525561972,0.0
1690209704622127271,682708,0.4197853230153634,0.07699721504498958,0.0
1690209704628561700,682709,0.4197886313380846,0.07698922800103986,0.0
1690209704628936016,682709,0.41973179972802643,0.07699852249869678,0.0
1690209704629019717,682709,0.41968670118217266,0.07700723786457826,0.0
1690209704629242261,682709,0.41963448954780264,0.07698389327816117,0.0
1690209704629731247,682709,0.41978831822984597,0.07682287546732802,0.0
1690209704629845069,682709,0.41980645216963863,0.07676891252607676,0.0
1690209704630116423,682709,0.4198063458068622,0.0767853128393314,0.0
1690209704630140053,682709,0.4199821199507248,0.07659735450659744,0.0
1690209704630149595,682709,0.42003730300708136,0.07657246311916732,0.0
1690209704630162390,682709,0.4200950364833203,0.07656813351849008,0.0
1690209704637056819,682710,0.42015418327537657,0.07651356483676904,0.0
1690209704637248308,682710,0.42021219344666455,0.07648449110281356,0.0
1690209704638395689,682710,0.42015909760095743,0.07652385127123379,0.0
1690209704638686525,682710,0.420150903770447,0.07653909211125343,0.0
1690209704638950143,682710,0.42016574052854383,0.07653849453519276,0.0
1690209704638970115,682710,0.4200478213654752,0.07662794456188957,0.0
1690209704638979068,682710,0.4200156364771873,0.07661548536293043,0.0
1690209704638999655,682710,0.42000743481353087,0.07664972845759552,0.0
1690209704639011482,682710,0.42005175829534735,0.07662136864606661,0.0
1690209704639086035,682710,0.42002330291546636,0.07665242835501139,0.0
1690209704645253159,682711,0.4200197736574518,0.07671152786878542,0.0
1690209704645759711,682711,0.420046390353484,0.0767060939876627,0.0
1690209704645900155,682711,0.42005475051008445,0.07673679878127876,0.0
1690209704646932201,682711,0.42000015808937086,0.07682262790779913,0.0
1690209704646999371,682711,0.41997107771342906,0.07687743710755104,0.0
1690209704647331341,682711,0.419974909302607,0.0768177857619803,0.0
1690209704647347759,682711,0.41981344696017076,0.07697010778230051,0.0
1690209704647360125,682711,0.41979466737229626,0.07696057746060622,0.0
1690209704647374827,682711,0.4197980928993536,0.07687208340636231,0.0
1690209704647384224,682711,0.41972770964774486,0.07689779906586532,0.0
1690209704655142489,682712,0.41973137624301604,0.07685997326316722,0.0
1690209704655370154,682712,0.4198804650009732,0.07665268022123356,0.0
1690209704655541721,682712,0.41989773509193373,0.07662599649700824,0.0
1690209704656020675,682712,0.41991566278788783,0.07669380339772912,0.0
1690209704656033292,682712,0.42004243562583315,0.07653959138165829,0.0
1690209704656054453,682712,0.420064922888429,0.07649845579243217,0.0
1690209704656070709,682712,0.4199860238229125,0.0766252877435643,0.0
1690209704656082782,682712,0.42003650650663366,0.07656666595153057,0.0
1690209704656101656,682712,0.42001717631266966,0.07652836576672048,0.0
1690209704656109838,682712,0.4198819941371615,0.07665525709833262,0.0
1690209704661293373,682713,0.4198752262260711,0.07667217705756045,0.0
1690209704662403543,682713,0.41991103335412705,0.07661465129980013,0.0
1690209704662647583,682713,0.4197992462223099,0.07673172612031763,0.0
1690209704662841353,682713,0.41976485080188647,0.07678066997246401,0.0
1690209704662856621,682713,0.41976596449827597,0.07678696766575226,0.0
1690209704662876484,682713,0.41973020698452784,0.07685704724770225,0.0
1690209704662897242,682713,0.4196640048564071,0.07696052932759856,0.0
1690209704662901780,682713,0.4196521385133978,0.07701747003872497,0.0
1690209704662957001,682713,0.41959070729772063,0.07710635540481477,0.0
1690209704662983535,682713,0.41956285805579197,0.07711117977917765,0.0
1690209704671010160,682714,0.4195088688615122,0.07718863095166482,0.0
1690209704671181721,682714,0.41953320676973227,0.07717251874637253,0.0
1690209704671499815,682714,0.4195226368420739,0.07713874952695364,0.0
1690209704671650044,682714,0.4195087427818225,0.07715819444820299,0.0
1690209704671671530,682714,0.41950650167205034,0.07712729624575758,0.0
1690209704671701142,682714,0.41964762897671104,0.07695743404892957,0.0
1690209704671712979,682714,0.41968115680912,0.07686689901718709,0.0
1690209704671723815,682714,0.41973059862568884,0.07685898959932104,0.0
1690209704671743898,682714,0.4199470658810899,0.07660887929155646,0.0
1690209704671770937,682714,0.4199590360301524,0.07655341757142212,0.0
1690209704677699175,682715,0.4200760463774391,0.07650288683238284,0.0
1690209704678191153,682715,0.42013627271713494,0.07641069732153978,0.0
1690209704678355514,682715,0.4201925142236908,0.07638336825872008,0.0
1690209704678641507,682715,0.4201390185362484,0.0764140296723554,0.0
1690209704678661842,682715,0.42016508444468686,0.07639968616767319,0.0
1690209704678672930,682715,0.42021980050155233,0.07635364715220586,0.0
1690209704678947795,682715,0.42005196767192887,0.07652912310456338,0.0
1690209704679071612,682715,0.4200753385462592,0.07652592581939477,0.0
1690209704679232789,682715,0.4199798127551385,0.07661419479650565,0.0
1690209704679244255,682715,0.4199590957424496,0.0766664438185256,0.0
1690209704685922435,682716,0.41990459152973003,0.07672622772046792,0.0
1690209704686223082,682716,0.4198490960933635,0.07681047532983871,0.0
1690209704687058267,682716,0.41980378731862017,0.07688356017479354,0.0
1690209704687452864,682716,0.41973711652664875,0.07693699245718084,0.0
1690209704687458492,682716,0.419721001836875,0.07698932316677007,0.0
1690209704687707703,682716,0.41966203006711594,0.07708077003283675,0.0
1690209704688023655,682716,0.41964527699552057,0.07703018928846372,0.0
1690209704688044197,682716,0.4196030906418955,0.07709342569807934,0.0
1690209704688057273,682716,0.41960011071290226,0.07710742984569278,0.0
1690209704688162275,682716,0.4196382673347282,0.07706932992778494,0.0
1690209704693118031,682717,0.4195741913611857,0.07714460755220351,0.0
1690209704693398510,682717,0.41955543339966156,0.07718199164353642,0.0
1690209704693622412,682717,0.4196760731276264,0.07704120247479417,0.0
1690209704694101081,682717,0.41967099752885934,0.0770239230304733,0.0
1690209704694490075,682717,0.41970472209300597,0.0770395018091114,0.0
1690209704694612178,682717,0.4197288411118764,0.07696135480690261,0.0
1690209704694784502,682717,0.41973243816156847,0.07694641465744907,0.0
1690209704694790652,682717,0.4197847448881724,0.0768736391352652,0.0
1690209704694793926,682717,0.41976017944289057,0.07685637255630308,0.0
1690209704694810839,682717,0.41981163706554503,0.07677728612222885,0.0
1690209704703145895,682718,0.41977235399681234,0.07678439641589498,0.0
1690209704703661160,682718,0.4198396700095377,0.07667883158515439,0.0
1690209704704948335,682718,0.4198719588339768,0.0766430274707523,0.0
1690209704704956601,682718,0.41991441063729074,0.07662333037533813,0.0
1690209704705137641,682718,0.41995097167769213,0.07657627295756747,0.0
1690209704705391603,682718,0.41990617532986524,0.07667736419740558,0.0
1690209704705411322,682718,0.4199708051511797,0.0766625611323431,0.0
1690209704705422826,682718,0.4199504258876339,0.07674054445350585,0.0
1690209704705461268,682718,0.41991682499292304,0.07682116553765793,0.0
1690209704705479033,682718,0.41980338201650774,0.0769394995365919,0.0
1690209704712348635,682719,0.41979051991958666,0.07697361333035906,0.0
1690209704712444357,682719,0.4197108213497427,0.07707887124692876,0.0
1690209704712740620,682719,0.4196125983732133,0.07721903192393186,0.0
1690209704712753267,682719,0.41957061047395205,0.07718865981964429,0.0
1690209704712758648,682719,0.41951307443112196,0.07726312227107908,0.0
1690209704712771786,682719,0.41952456106393,0.07724730967077659,0.0
1690209704712780087,682719,0.41956195729608164,0.07721117459715991,0.0
1690209704712793436,682719,0.41962019681039975,0.07718275300156771,0.0
1690209704712805781,682719,0.4196346391502686,0.0771778241714977,0.0
1690209704712814152,682719,0.41976285212569464,0.07707321303948171,0.0
1690209704718942252,682720,0.4198394981499567,0.07699839213774502,0.0
1690209704719217637,682720,0.4198881336046667,0.07701127215737374,0.0
1690209704719619711,682720,0.4198758006691368,0.07698420056233195,0.0
1690209704720069913,682720,0.41990137053633847,0.07693411275811685,0.0
1690209704720173884,682720,0.4199375626878023,0.07684187470164486,0.0
1690209704720436358,682720,0.4199254915699562,0.07684636959895794,0.0
1690209704720445069,682720,0.4199010368139309,0.07683340982671077,0.0
1690209704720450930,682720,0.419899682748425,0.07677074387461343,0.0
1690209704720459773,682720,0.4199548962992429,0.07669644069732433,0.0
1690209704720463407,682720,0.4199540485855804,0.07668936989473328,0.0
1690209704728839195,682721,0.4200899886576768,0.07661474271871509,0.0
1690209704729225726,682721,0.4200843443889174,0.07659416796369156,0.0
1690209704730163662,682721,0.4200638899419368,0.07665106950809529,0.0
1690209704730174452,682721,0.4201503420071374,0.07662067381651669,0.0
1690209704730496987,682721,0.420173964407789,0.076683295741171,0.0
1690209704730510732,682721,0.42013276750570183,0.0767562341301574,0.0
1690209704730523551,682721,0.42004865263620017,0.07685598209942725,0.0
1690209704730533304,682721,0.4200850366508756,0.07683580859015973,0.0
1690209704730542828,682721,0.4201163154918428,0.07680753608262908,0.0
1690209704730566829,682721,0.4201106366064255,0.07684444699862675,0.0
1690209704736671952,682722,0.42004598808598315,0.07691528161427409,0.0
1690209704737483740,682722,0.42002252158209585,0.07691844648808685,0.0
1690209704737570952,682722,0.42000358405292215,0.07692110252527375,0.0
1690209704737932944,682722,0.42002258627098865,0.07697048458143471,0.0
1690209704738045666,682722,0.4199824257135125,0.07698402125905193,0.0
1690209704738446688,682722,0.4199405948060031,0.07697919427381156,0.0
1690209704738458643,682722,0.4199165495314295,0.07702309415770958,0.0
1690209704738477946,682722,0.4199668605017609,0.07701224275671785,0.0
1690209704738490765,682722,0.4199815164133246,0.07697262976174901,0.0
1690209704738501733,682722,0.4198716336177481,0.07707974838363606,0.0
1690209704744372330,682723,0.41990064419689976,0.07707116865709601,0.0
1690209704744442603,682723,0.41996550410189604,0.07699564240897809,0.0
1690209704744717210,682723,0.4199412297816986,0.07704084810612728,0.0
1690209704745235059,682723,0.4199132197228743,0.07710911876011273,0.0
1690209704745255406,682723,0.4199416279495618,0.07706287688466733,0.0
1690209704745259332,682723,0.41987518423240233,0.0770864801558654,0.0
1690209704745302816,682723,0.41985615839935536,0.07714687940580256,0.0
1690209704745311857,682723,0.41989177796859023,0.07710658287700273,0.0
1690209704745381942,682723,0.41983039769311187,0.07714110448933693,0.0
1690209704745387277,682723,0.41982017674764693,0.07708049387148552,0.0
1690209704752331348,682724,0.4198570725166389,0.07701019779172268,0.0
1690209704752909123,682724,0.4199170430323246,0.0769736643679301,0.0
1690209704753106115,682724,0.4198744429527531,0.07697250838106982,0.0
1690209704753509681,682724,0.4199473227772087,0.07689689354105826,0.0
1690209704753581991,682724,0.42002142140632104,0.0768187715814438,0.0
1690209704753827428,682724,0.4201328755403009,0.07673947596864387,0.0
1690209704753847211,682724,0.42020020342413633,0.07665204550946696,0.0
1690209704753859058,682724,0.42011535831189417,0.07676793863650505,0.0
1690209704753867902,682724,0.42013048977785206,0.07673664142263546,0.0
1690209704753873873,682724,0.42009839011720906,0.07672560209210176,0.0
1690209704761373518,682725,0.42006765237018356,0.07678364624000106,0.0
1690209704762442664,682725,0.4200675350460648,0.07679787599854589,0.0
1690209704762833533,682725,0.4200303609407068,0.0767937657044437,0.0
1690209704762843035,682725,0.4200402132818106,0.0767895399134168,0.0
1690209704763199655,682725,0.4200342621027336,0.07683946724192411,0.0
1690209704763340119,682725,0.42007391103571434,0.07681941950883878,0.0
1690209704763353981,682725,0.42001388194684375,0.0769398500358425,0.0
1690209704763363362,682725,0.41999249450633813,0.07699743518705383,0.0
1690209704763381281,682725,0.420014489559585,0.07694872472751368,0.0
1690209704763393281,682725,0.4199875636325257,0.07700389131597543,0.0
1690209704768346536,682726,0.41994811079686184,0.07705327741934377,0.0
1690209704768690928,682726,0.4199112336883603,0.07706139538213577,0.0
1690209704769532379,682726,0.41996941301825874,0.076993747831622,0.0
1690209704769806160,682726,0.41997125392716905,0.07699361921461666,0.0
1690209704769956987,682726,0.4200826811595351,0.07687238401476794,0.0
1690209704769968802,682726,0.4201441560958299,0.07679362744655098,0.0
1690209704769974945,682726,0.42019364911859336,0.07670630122152639,0.0
1690209704769986490,682726,0.42027309853349415,0.07659049667257745,0.0
1690209704770004995,682726,0.42029303125632517,0.07656160406991638,0.0
1690209704770018173,682726,0.420333160330407,0.07652665950243032,0.0
1690209704777917442,682727,0.42033065259985575,0.07646366697052764,0.0
1690209704777930628,682727,0.4203527860324165,0.07641559841490872,0.0
1690209704778049959,682727,0.4204382083696154,0.07632254165624816,0.0
1690209704778061341,682727,0.4204907288027909,0.07625365800893268,0.0
1690209704778401886,682727,0.4204852429926504,0.07627892910066235,0.0
1690209704778416119,682727,0.42052492625114646,0.07628359073355072,0.0
1690209704778426057,682727,0.4205617713224083,0.07628405937681082,0.0
1690209704778435035,682727,0.4205526868606929,0.07636948548712498,0.0
1690209704778466829,682727,0.42052975772025875,0.07642723669884434,0.0
1690209704778476435,682727,0.4205237668299901,0.07649373458779997,0.0
1690209704784891398,682728,0.42044397626092533,0.07658508543885405,0.0
1690209704785309461,682728,0.420278277257533,0.07677495781721214,0.0
1690209704785646706,682728,0.4202004625090536,0.07686642010558392,0.0
1690209704785831679,682728,0.4200857427607083,0.07695747160967693,0.0
1690209704785994411,682728,0.41997997068884574,0.07706678396842663,0.0
1690209704786523969,682728,0.4199240676023751,0.07710383143479714,0.0
1690209704786650410,682728,0.41991872286855547,0.07710034079357424,0.0
1690209704786800721,682728,0.4198748980316336,0.07712369673450391,0.0
1690209704786808817,682728,0.4199038830903751,0.07713715853384912,0.0
1690209704786813558,682728,0.41997953457741266,0.07708354717395974,0.0
1690209704794582777,682729,0.42004948137365006,0.07700855109487191,0.0
1690209704796128273,682729,0.42002825827955964,0.07705586904505034,0.0
1690209704796341167,682729,0.42012019145557655,0.07698114680932734,0.0
1690209704796698729,682729,0.42020607941710725,0.07686661627724585,0.0
1690209704796713016,682729,0.42011406438459614,0.07692470322606028,0.0
1690209704796727743,682729,0.42011099067251373,0.07690198285567988,0.0
1690209704796752137,682729,0.4201280854144804,0.07683552388390401,0.0
1690209704796758835,682729,0.42014742575316877,0.07676827809997905,0.0
1690209704796768505,682729,0.4201269579789292,0.07681696549813116,0.0
1690209704796788157,682729,0.4202051160650735,0.07670982079678405,0.0
1690209704803624863,682730,0.42021595808316187,0.07668944188763878,0.0
1690209704804105931,682730,0.4202440517843163,0.07669433610504657,0.0
1690209704804962678,682730,0.4202829068669907,0.0766934719908428,0.0
1690209704805050549,682730,0.4203052053043769,0.0767547922620889,0.0
1690209704805368248,682730,0.42025555066661446,0.07674620236993569,0.0
1690209704805376319,682730,0.42024921842154206,0.07678018376237244,0.0
1690209704805394965,682730,0.4202928409663973,0.07675528964492133,0.0
1690209704805405384,682730,0.4202214856330926,0.07681283172594663,0.0
1690209704805411381,682730,0.420298306547401,0.07677311156480117,0.0
1690209704805432507,682730,0.42018521905097467,0.07686372795939207,0.0
1690209704810341670,682731,0.4202818238452226,0.0767938506960818,0.0
1690209704811436440,682731,0.4203158349273718,0.07672897663318312,0.0
1690209704811478667,682731,0.4202727546225652,0.0768295605534034,0.0
1690209704811816358,682731,0.42030059785770346,0.07678032147130906,0.0
1690209704811832892,682731,0.42027028371035086,0.07674767751427036,0.0
1690209704811840340,682731,0.42030289199779014,0.07674740673771223,0.0
1690209704811849459,682731,0.4202707030010234,0.07680290281400166,0.0
1690209704811865359,682731,0.42030190258671324,0.07674523100256579,0.0
1690209704811888823,682731,0.4202780999439807,0.0767716262081867,0.0
1690209704811908132,682731,0.42031501263599225,0.07676652021576834,0.0
1690209704818352206,682732,0.42036873147044623,0.07669922322796596,0.0
1690209704818752167,682732,0.420330061101495,0.07680402629174497,0.0
1690209704819300175,682732,0.42031889595988253,0.07683031847647588,0.0
1690209704819308843,682732,0.42031752263844646,0.07683811449341293,0.0
1690209704819330848,682732,0.4203459149761978,0.07682270842424586,0.0
1690209704819577389,682732,0.42033018602272726,0.07688229405782043,0.0
1690209704819587068,682732,0.42037533411633543,0.07684883260573204,0.0
1690209704819591003,682732,0.4202806237474806,0.07693883438451568,0.0
1690209704819596570,682732,0.420300385078337,0.07688662125057129,0.0
1690209704819625455,682732,0.42035758678908086,0.0767721220240687,0.0
1690209704826644828,682733,0.42030169904529296,0.07684073684302152,0.0
1690209704827037115,682733,0.42029452648103677,0.07680536222575061,0.0
1690209704828026459,682733,0.4203524963419846,0.07668684690167948,0.0
1690209704828256300,682733,0.4203798588412883,0.07664951434653604,0.0
1690209704828423232,682733,0.4205260104935582,0.07654518264961618,0.0
1690209704828598313,682733,0.4205471278433176,0.0764688821146044,0.0
1690209704828809623,682733,0.42051991268960626,0.07651591090120652,0.0
1690209704828823016,682733,0.42053410559995574,0.07650418953202302,0.0
1690209704828827945,682733,0.4205890592913366,0.07645776615431421,0.0
1690209704828834170,682733,0.4205697735054132,0.07651518003415736,0.0
1690209704835103930,682734,0.42047677234262565,0.07658160041058458,0.0
1690209704835910734,682734,0.42052985089941786,0.07652552982764682,0.0
1690209704836246026,682734,0.42049643196579833,0.07656203235388082,0.0
1690209704836442228,682734,0.4204656389641607,0.07664120538267248,0.0
1690209704836803003,682734,0.42040189364532266,0.07671757160839734,0.0
1690209704836825086,682734,0.42033165825414764,0.07678669735169237,0.0
1690209704836856484,682734,0.4202870269359587,0.07683764596685112,0.0
1690209704836872917,682734,0.42024645166004565,0.07694799826137741,0.0
1690209704836911370,682734,0.42020213403838524,0.07703114773451124,0.0
1690209704836921904,682734,0.4201225949964652,0.07710649876149824,0.0
1690209704843239577,682735,0.42008953854650594,0.07712239046855233,0.0
1690209704844320953,682735,0.4200927268788336,0.0771597812424196,0.0
1690209704844428720,682735,0.42013997210063303,0.07712618736760006,0.0
1690209704844771139,682735,0.42006414237519796,0.07718648254372032,0.0
1690209704844784836,682735,0.42010060876876887,0.07716977499403287,0.0
1690209704844795611,682735,0.4201969531569676,0.07706080012782986,0.0
1690209704844808178,682735,0.42030968005209973,0.07696017087998124,0.0
1690209704844817216,682735,0.4203452992365433,0.07693341576793557,0.0
1690209704844824924,682735,0.4204129721882839,0.0768968543291216,0.0
1690209704844834173,682735,0.42048390500819416,0.07675793940355445,0.0
1690209704851951023,682736,0.42048579661557983,0.0767629975312356,0.0
1690209704852191859,682736,0.4205525218927517,0.07674249566273296,0.0
1690209704853692375,682736,0.4205389524294575,0.07669353600686755,0.0
1690209704853699297,682736,0.4205788553893339,0.07656896360383728,0.0
1690209704853704879,682736,0.42058938995301853,0.07655810406764413,0.0
1690209704853733535,682736,0.42068039713873456,0.07648707249116457,0.0
1690209704853740887,682736,0.4206713440616475,0.07644234145099187,0.0
1690209704853746331,682736,0.42061262094709423,0.07651613009462571,0.0
1690209704853770465,682736,0.42067803719393404,0.076457037865097,0.0
1690209704853792684,682736,0.4207609307927387,0.07639768194234117,0.0
1690209704859513691,682737,0.42074359955796037,0.07644841697065465,0.0
1690209704860668193,682737,0.4206968608504659,0.07658867528782681,0.0
1690209704860916367,682737,0.4207730751045951,0.07651552812648071,0.0
1690209704861310024,682737,0.4206750287177212,0.07664742728031038,0.0
1690209704861329314,682737,0.42063447041660773,0.076780215934525,0.0
1690209704861357657,682737,0.420574063324388,0.07683567252754679,0.0
1690209704861366523,682737,0.4205053104093457,0.07691180894692928,0.0
1690209704861377569,682737,0.42038373638779475,0.07699799710671718,0.0
1690209704861388404,682737,0.4203655488596526,0.0770256353115677,0.0
1690209704861447411,682737,0.4203616914302215,0.07699697956014154,0.0
1690209704868908291,682738,0.42023305376870207,0.07711128310757233,0.0
1690209704869111870,682738,0.4203225079365882,0.07702597525949956,0.0
1690209704869644247,682738,0.42036962787494586,0.07699008102203832,0.0
1690209704869832747,682738,0.4204421564354617,0.07695335039688436,0.0
1690209704870222330,682738,0.4204882792428182,0.07689716448448994,0.0
1690209704870412348,682738,0.4205180597504139,0.0768869494942461,0.0
1690209704870777397,682738,0.42050044035655965,0.07689554797659594,0.0
1690209704870808450,682738,0.42051804423005595,0.07689730173249588,0.0
1690209704870818882,682738,0.42049614534375196,0.07690442545677054,0.0
1690209704870835346,682738,0.42050046338109714,0.07689684992790045,0.0
1690209704876890402,682739,0.4204921033483756,0.07681708800053684,0.0
1690209704877872459,682739,0.420489329034972,0.07681099582271281,0.0
1690209704878103683,682739,0.42055599803762644,0.07673718299679112,0.0
1690209704878332178,682739,0.4205571969679261,0.07671233884420957,0.0
1690209704878358401,682739,0.4206007099732192,0.07670184939377682,0.0
1690209704878372509,682739,0.42062811749657514,0.07667387996683978,0.0
1690209704878385101,682739,0.42071968988230585,0.07657941613723397,0.0
1690209704878394763,682739,0.42073826046990237,0.07658020108536552,0.0
1690209704878405212,682739,0.4207801856754364,0.07656085481358864,0.0
1690209704878418425,682739,0.4208227240588813,0.07651205210314534,0.0
1690209704886422624,682740,0.42080419001033686,0.07658954411634417,0.0
1690209704887228269,682740,0.42080277346814354,0.07661442615570346,0.0
1690209704887672740,682740,0.42087165719287073,0.0765236221759337,0.0
1690209704887780139,682740,0.4209053843673649,0.07651288484157293,0.0
1690209704888143795,682740,0.4208681937140314,0.07659452034773052,0.0
1690209704888155282,682740,0.42093612422186205,0.0765204549583474,0.0
1690209704888160561,682740,0.42079439068630065,0.07664307254324411,0.0
1690209704888201533,682740,0.4208085706122727,0.076685082086979,0.0
1690209704888209050,682740,0.4207606126106902,0.07668339129601333,0.0
1690209704888241161,682740,0.42072230028239277,0.07675227624659205,0.0
1690209704894451673,682741,0.4207059511004677,0.07677976646265039,0.0
1690209704895829010,682741,0.4207190989094792,0.07672072714158507,0.0
1690209704895960988,682741,0.4207442632696711,0.07672650369322986,0.0
1690209704896368333,682741,0.420711727299644,0.07685137687439009,0.0
1690209704896386493,682741,0.42078594389054974,0.07678342977260544,0.0
1690209704896395814,682741,0.42073890436275246,0.07685668016581135,0.0
1690209704896402410,682741,0.42073362785446466,0.07691400488671281,0.0
1690209704896409939,682741,0.42077227407844947,0.07690910193892948,0.0
1690209704896434747,682741,0.4207369657406038,0.07695728817290985,0.0
1690209704896473958,682741,0.42057302448431677,0.07714175944136104,0.0
1690209704902817306,682742,0.4205729393110682,0.07714965684995016,0.0
1690209704903042458,682742,0.4205429007974737,0.07711216691208797,0.0
1690209704903313279,682742,0.4204602550818361,0.07720433177248226,0.0
1690209704904057633,682742,0.4204587088640036,0.07712428009954429,0.0
1690209704904149959,682742,0.4204874537316162,0.0770407622655841,0.0
1690209704904500034,682742,0.4205484914157503,0.07697254666521759,0.0
1690209704904513277,682742,0.42058789761681814,0.07691070744966647,0.0
1690209704904523611,682742,0.4207248929598971,0.07681450803279934,0.0
1690209704904539653,682742,0.42077105523281066,0.07674616043435785,0.0
1690209704904567122,682742,0.4207598519972289,0.07678133152097036,0.0
1690209704911618565,682743,0.42090425553623495,0.07665307531116058,0.0
1690209704912487926,682743,0.4209145159613446,0.07664444059605498,0.0
1690209704912801753,682743,0.420869904494928,0.07667813858334897,0.0
1690209704913099571,682743,0.42079286887645206,0.07676248773137206,0.0
1690209704913112902,682743,0.42082837484491176,0.07670727732735837,0.0
1690209704913129546,682743,0.420771021298584,0.07673327974146549,0.0
1690209704913141629,682743,0.42067568239283004,0.07686272498132957,0.0
1690209704913154504,682743,0.4206830989648733,0.07685251784068993,0.0
1690209704913177966,682743,0.42065987102373026,0.07683946853929147,0.0
1690209704913183809,682743,0.42063235268554233,0.0769116437116974,0.0
1690209704922108797,682744,0.4206042624722585,0.07702098369661282,0.0
1690209704923347422,682744,0.4206215685130255,0.07701085861709453,0.0
1690209704923473575,682744,0.42051208224237785,0.07710394702244555,0.0
1690209704923487752,682744,0.4205046389381769,0.07716787342621552,0.0
1690209704923821509,682744,0.42057155434005017,0.07712462379926513,0.0
1690209704923835835,682744,0.42047804126961696,0.07719922643560438,0.0
1690209704923855022,682744,0.4204796672461611,0.07723204151075172,0.0
1690209704923865506,682744,0.4205043192738781,0.07719793326558648,0.0
1690209704923874893,682744,0.42065184595975813,0.07707810315271754,0.0
1690209704923887670,682744,0.4206674959323093,0.07706647548371608,0.0
1690209704927171368,682745,0.420668420810888,0.07708843605087204,0.0
1690209704927696328,682745,0.42076773659020655,0.07696936833618155,0.0
1690209704927932994,682745,0.42077400834476064,0.07690207821385292,0.0
1690209704928060963,682745,0.42079233109351055,0.07690329042310236,0.0
1690209704928450628,682745,0.42075419803640646,0.07687627065067337,0.0
1690209704928541736,682745,0.42076404445139404,0.07679376195067654,0.0
1690209704928761569,682745,0.4207449294908476,0.07677106696229195,0.0
1690209704928771129,682745,0.4208003729089906,0.07670709290211453,0.0
1690209704928780328,682745,0.42091548751762947,0.07656491504860649,0.0
1690209704928790859,682745,0.4208592660104373,0.07659551095704992,0.0
1690209704936708496,682746,0.4209603725873964,0.07651130440935569,0.0
1690209704937158865,682746,0.4210536935647515,0.0764205053798913,0.0
1690209704937305819,682746,0.42108826380584885,0.07647817699786684,0.0
1690209704937722970,682746,0.42106674317970966,0.0765388397046347,0.0
1690209704937809980,682746,0.421043354338954,0.07655609388214739,0.0
1690209704938076951,682746,0.4210386926281395,0.07660907166843806,0.0
1690209704938082923,682746,0.420971862007892,0.07672043756858461,0.0
1690209704938086234,682746,0.42091585664974185,0.07681902282837823,0.0
1690209704938098817,682746,0.42071993029831894,0.07701379456909445,0.0
1690209704938118363,682746,0.42065360094747695,0.07703260572836496,0.0
1690209704944281390,682747,0.42062974264727804,0.07704997344439005,0.0
1690209704945397836,682747,0.42059355194814796,0.07712476381956075,0.0
1690209704945525843,682747,0.4205518424774021,0.07714874819927843,0.0
1690209704945941785,682747,0.4205656897439076,0.07708055883009032,0.0
1690209704945958477,682747,0.4205984239358398,0.07706246636180561,0.0
1690209704945991117,682747,0.42068861602528423,0.07700650152539924,0.0
1690209704946005533,682747,0.42081556002330306,0.0768612713214269,0.0
1690209704946026519,682747,0.4207943714348398,0.07690936004851123,0.0
1690209704946075666,682747,0.420852106678786,0.07687139522335396,0.0
1690209704946093056,682747,0.4209585544646516,0.07676515800751743,0.0
1690209704953877680,682748,0.4209431199671202,0.07680421023921724,0.0
1690209704954014524,682748,0.4209130930940338,0.07684073325071583,0.0
1690209704954445850,682748,0.4209088283952186,0.07680313889197114,0.0
1690209704954461724,682748,0.4209290824470397,0.07674849960284527,0.0
1690209704954477095,682748,0.4209858190393214,0.07670337750437148,0.0
1690209704954488847,682748,0.42101634560599843,0.07665535682482778,0.0
1690209704954505017,682748,0.42104149593549356,0.07667973412999063,0.0
1690209704954514925,682748,0.4210745494800131,0.0766421251830688,0.0
1690209704954523264,682748,0.4211211284635068,0.07662070667447049,0.0
1690209704954531200,682748,0.42119114743900193,0.07664642656340713,0.0
1690209704961659867,682749,0.4211689799122904,0.07667857109774794,0.0
1690209704962620796,682749,0.42116635966723154,0.07670114506819042,0.0
1690209704962862967,682749,0.42111049104105003,0.07677353292817637,0.0
1690209704963117232,682749,0.42112665148340606,0.07675035865915322,0.0
1690209704963425061,682749,0.4212306469204745,0.07664065296581518,0.0
1690209704963436610,682749,0.42108097152377244,0.07678315556795016,0.0
1690209704963446683,682749,0.4211250890268442,0.0767734210310028,0.0
1690209704963452632,682749,0.42117158044233216,0.07665288826016108,0.0
1690209704963460215,682749,0.42108635861870114,0.07676582922352901,0.0
1690209704963542283,682749,0.4211010794908647,0.0767912773395392,0.0
1690209704969043090,682750,0.4210482125102387,0.07678195813830989,0.0
1690209704969666799,682750,0.42105205553874525,0.07678021426875116,0.0
1690209704969845801,682750,0.42099181194570373,0.0768605439983916,0.0
1690209704970152543,682750,0.4210872942021482,0.07675816197248735,0.0
1690209704970165369,682750,0.42102557611293867,0.07680592053110098,0.0
1690209704970171265,682750,0.4210088638193028,0.07689537473222081,0.0
1690209704970177479,682750,0.4210910347755044,0.07683174376045503,0.0
1690209704970208835,682750,0.4210542443898092,0.07690659499466267,0.0
1690209704970215060,682750,0.42104344771772656,0.07697402439825862,0.0
1690209704970230367,682750,0.42102069084328914,0.07703751544163086,0.0
1690209704978537262,682751,0.4210261131689069,0.07702320694688751,0.0
1690209704978563543,682751,0.4208986602499669,0.07717552674546879,0.0
1690209704978800042,682751,0.4208875845153117,0.07718631062404063,0.0
1690209704978820273,682751,0.42090161894124467,0.07710815455879752,0.0
1690209704978851918,682751,0.4208314178393951,0.07713064668829223,0.0
1690209704978861159,682751,0.42087420022620503,0.07707205132647257,0.0
1690209704978875946,682751,0.42098401007372194,0.07694194177022828,0.0
1690209704978894658,682751,0.4209700905544576,0.07691455475959953,0.0
1690209704978927878,682751,0.4210072000041938,0.07692973044428804,0.0
1690209704978933542,682751,0.4210635468600238,0.07686397423243735,0.0
1690209704985105202,682752,0.4211391156869979,0.07675772006832765,0.0
1690209704985505713,682752,0.42108502991025887,0.07683112695137112,0.0
1690209704985629375,682752,0.4210346293294167,0.0769027991171329,0.0
1690209704985797966,682752,0.42108498215277523,0.07684576630310971,0.0
1690209704986545083,682752,0.42097166634518945,0.07694802565892855,0.0
1690209704986789475,682752,0.42094534295036556,0.07702206251245505,0.0
1690209704987012996,682752,0.42095059823516695,0.07700973900695825,0.0
1690209704987032724,682752,0.42094309416923104,0.07701046422553988,0.0
1690209704987038894,682752,0.4208891837491976,0.07713193618863909,0.0
1690209704987054675,682752,0.4208678155797789,0.07718209878037988,0.0
1690209704993449779,682753,0.42078239135037787,0.07726469280245402,0.0
1690209704994473465,682753,0.42067996610900066,0.07741189170284848,0.0
1690209704994641096,682753,0.4206021021409253,0.0774676106052188,0.0
1690209704994948998,682753,0.4205446209748023,0.07755383952525645,0.0
1690209704994957538,682753,0.4204680303926546,0.07758939926982875,0.0
1690209704994962945,682753,0.42044453552147354,0.07758836006609098,0.0
1690209704994973224,682753,0.42047685618878283,0.07755852279766788,0.0
1690209704994985004,682753,0.4204713449104507,0.07757787263372562,0.0
1690209704994992271,682753,0.4205612899438693,0.07750256795069599,0.0
1690209704995023606,682753,0.42053785565338064,0.07749108355880076,0.0
1690209705001284734,682754,0.420587865612875,0.07745345436497178,0.0
1690209705002198079,682754,0.42067339000933224,0.07728197023872145,0.0
1690209705002248664,682754,0.42067903845613824,0.07727391013006733,0.0
1690209705002646717,682754,0.420694729191355,0.07719874862685358,0.0
1690209705002665002,682754,0.4207132651809667,0.07711255117906769,0.0
1690209705002677917,682754,0.4207602619317459,0.07701651404331948,0.0
1690209705002689266,682754,0.4207395188293872,0.07702841091828869,0.0
1690209705002701479,682754,0.4208691343153062,0.07687240369181218,0.0
1690209705002712374,682754,0.42092393480862467,0.07678569916232669,0.0
1690209705002752730,682754,0.42101451592253575,0.07675805793858297,0.0
1690209705010146766,682755,0.42112428590018136,0.07666779419238998,0.0
1690209705011055165,682755,0.42118191252483106,0.07674576620515905,0.0
1690209705012029992,682755,0.421185654355677,0.07678244822460276,0.0
1690209705012042392,682755,0.4211442498647246,0.07685041593327797,0.0
1690209705012049117,682755,0.421192148278,0.0768752366645164,0.0
1690209705012054506,682755,0.42108327441366133,0.07699007541327335,0.0
1690209705012072900,682755,0.4210373695708587,0.07706936893210453,0.0
1690209705012083071,682755,0.4208588055572813,0.07724112733049986,0.0
1690209705012090970,682755,0.4207954200486228,0.07731057545967265,0.0
1690209705012115489,682755,0.42073629622683684,0.0773136000996577,0.0
1690209705018043338,682756,0.42061578622056456,0.07745885781132918,0.0
1690209705018689283,682756,0.42066931384325584,0.07745666643519468,0.0
1690209705018785401,682756,0.4206841348704284,0.07737810548749234,0.0
1690209705019079458,682756,0.42072624109982304,0.07736614640162721,0.0
1690209705019089662,682756,0.42076470936479243,0.0774191703839929,0.0
1690209705019096494,682756,0.4208169082792689,0.07733728324009628,0.0
1690209705019104570,682756,0.42078449786195776,0.07735191265139461,0.0
1690209705019311591,682756,0.4207242337585796,0.07743018944546445,0.0
1690209705019418057,682756,0.420839580964675,0.07730880687822145,0.0
1690209705019432789,682756,0.4208147543453161,0.07731564370207071,0.0
1690209705027165290,682757,0.4207157586412471,0.07741677679434941,0.0
1690209705027338612,682757,0.4207919615036771,0.07733081660323177,0.0
1690209705028018280,682757,0.4208312800375009,0.07726353448992736,0.0
1690209705028129880,682757,0.42081030086864035,0.0773203000435181,0.0
1690209705028512833,682757,0.42080005450265084,0.07735168523826473,0.0
1690209705028526440,682757,0.42083363707251153,0.07729645907411353,0.0
1690209705028535177,682757,0.4207539383025689,0.0773323320905339,0.0
1690209705028544250,682757,0.42079080715255573,0.07733266367306187,0.0
1690209705028555958,682757,0.42080601148775487,0.07731546793481679,0.0
1690209705028566252,682757,0.4207106415346815,0.07737436927864398,0.0
1690209705034225794,682758,0.42065740479618785,0.07734597795044298,0.0
1690209705034232184,682758,0.42069648058648623,0.0772903067607253,0.0
1690209705034944746,682758,0.4207830614610245,0.07718964045232311,0.0
1690209705034947562,682758,0.4207623861232771,0.07718344839855006,0.0
1690209705034963516,682758,0.4207920213690213,0.0771780257982901,0.0
1690209705035171116,682758,0.420877039818698,0.07707639502527878,0.0
1690209705035175166,682758,0.42093302506744845,0.07704865725547179,0.0
1690209705035177498,682758,0.4209651166295688,0.07705630607427169,0.0
1690209705035183293,682758,0.42097603255754185,0.0770530691842486,0.0
1690209705035197070,682758,0.42091666982187403,0.07706408885743504,0.0
1690209705043874970,682759,0.42091649304694423,0.07708488552703864,0.0
1690209705044515776,682759,0.42091579133432255,0.07709153401818425,0.0
1690209705044842052,682759,0.42092207388194947,0.07707203455950021,0.0
1690209705044945217,682759,0.4208617829121858,0.07712895443396173,0.0
1690209705045199655,682759,0.42085612436733866,0.07711885158424395,0.0
1690209705045210372,682759,0.4209281203519901,0.07709266234215387,0.0
1690209705045225685,682759,0.42088909025356286,0.07717206378879335,0.0
1690209705045230725,682759,0.42084114559348257,0.07728211635408255,0.0
1690209705045247037,682759,0.4208178266236796,0.07733934555073636,0.0
1690209705045277118,682759,0.4207572447299014,0.07738316634783979,0.0
1690209705051353853,682760,0.4207690578192538,0.0774169411844148,0.0
1690209705051806948,682760,0.42072034401334596,0.07745616263871072,0.0
1690209705051954116,682760,0.42067967058662337,0.07747631408371872,0.0
1690209705051960078,682760,0.4207248863891355,0.07739718238740992,0.0
1690209705051974121,682760,0.42072661567671676,0.07738871439660905,0.0
1690209705052078925,682760,0.4208586611174321,0.07723949188717534,0.0
1690209705052083614,682760,0.42091582849945186,0.07715412860388879,0.0
1690209705052089101,682760,0.4209773286271301,0.07708252771035419,0.0
1690209705052093616,682760,0.4210273367128524,0.07699846818809274,0.0
1690209705052097044,682760,0.42114320492325896,0.07686036992198923,0.0
1690209705060263727,682761,0.4212013496347316,0.07681271293307457,0.0
1690209705061066173,682761,0.4212164489861193,0.07678334062784174,0.0
1690209705061160324,682761,0.4213055567480999,0.07665823651240858,0.0
1690209705061269245,682761,0.4213179585818691,0.0767134221895281,0.0
1690209705061431228,682761,0.4213520222404869,0.07670408213183945,0.0
1690209705061440977,682761,0.42132369976747414,0.07672641073621791,0.0
1690209705061455375,682761,0.42131826170335196,0.07680213298952811,0.0
1690209705061464009,682761,0.42124059229928745,0.07686598124323328,0.0
1690209705061475499,682761,0.42121334679102473,0.0769370919993064,0.0
1690209705061488054,682761,0.4210970529510767,0.07709041374280451,0.0
1690209705068649483,682762,0.42103882502512713,0.07719013526150797,0.0
1690209705069453623,682762,0.4209870632349558,0.07720293682806297,0.0
1690209705069881924,682762,0.4207791000003865,0.07744620776646957,0.0
1690209705070125511,682762,0.42078665375538593,0.07747762926352668,0.0
1690209705070326753,682762,0.4207569014185719,0.07743057567959372,0.0
1690209705070637376,682762,0.4206638918415193,0.07755807792824544,0.0
1690209705070660798,682762,0.42063575485890903,0.07758340194546187,0.0
1690209705070673309,682762,0.4206970232355376,0.07746426684064342,0.0
1690209705070682072,682762,0.420652165443967,0.07750360263284692,0.0
1690209705070690975,682762,0.42064000798491175,0.07752959440407338,0.0
1690209705078002782,682763,0.42076835180507666,0.07740046459491622,0.0
1690209705079464753,682763,0.42077777856751053,0.07738856107578757,0.0
1690209705079636695,682763,0.42074475544113477,0.07746535524245911,0.0
1690209705079762454,682763,0.42082459005061884,0.0773801101512004,0.0
1690209705079780791,682763,0.4208602036405851,0.0773729383468384,0.0
1690209705079919101,682763,0.42076177733332853,0.07744430399918377,0.0
1690209705080090438,682763,0.420741298413641,0.07744967358946085,0.0
1690209705080116608,682763,0.42078317572259144,0.07738681302938644,0.0
1690209705080132531,682763,0.42077752902819365,0.07734000807659033,0.0
1690209705080148638,682763,0.42074578356871206,0.07737280054029098,0.0
1690209705087388202,682764,0.4207563141618573,0.07732969972724503,0.0
1690209705088605339,682764,0.42078641826476715,0.07728267037634066,0.0
1690209705089217411,682764,0.4208061679225723,0.07723978612290557,0.0
1690209705089335161,682764,0.42080029523061524,0.07731770244696518,0.0
1690209705089536461,682764,0.42087296499647814,0.07725192104747075,0.0
1690209705089680844,682764,0.4208536770335131,0.07722580340163149,0.0
1690209705089895988,682764,0.4209192100294338,0.07720739251508482,0.0
1690209705089904043,682764,0.42094552039696154,0.07717299494610957,0.0
1690209705089911506,682764,0.4209781990933317,0.07717408366306433,0.0
1690209705089938688,682764,0.42093940571433514,0.07719487089662655,0.0
1690209705095947851,682765,0.42094606810667556,0.0771886685576428,0.0
1690209705096565240,682765,0.42111573400027547,0.07701796237065295,0.0
1690209705097136465,682765,0.421125276899031,0.07700315975103368,0.0
1690209705097254275,682765,0.4211335279247854,0.0770110216350732,0.0
1690209705097649101,682765,0.4211056098768417,0.07703867254130721,0.0
1690209705097665747,682765,0.4211589328556064,0.07699295693551232,0.0
1690209705097676577,682765,0.421204773037717,0.07701797601028759,0.0
1690209705097692224,682765,0.4211408823046665,0.07709333973106572,0.0
1690209705097705484,682765,0.42117108635109185,0.07703989446292903,0.0
1690209705097713297,682765,0.42111683216072215,0.07706889801648688,0.0
1690209705102154096,682766,0.4211129788513237,0.07708519018754717,0.0
1690209705102646364,682766,0.42108954192318243,0.0771020212603643,0.0
1690209705103163574,682766,0.42102796273554305,0.07713936314801362,0.0
1690209705103505021,682766,0.42098729515084105,0.07718332134432222,0.0
1690209705103612263,682766,0.421007438468495,0.07715906052420848,0.0
1690209705103781799,682766,0.4210362710462491,0.07717360519379894,0.0
1690209705103801734,682766,0.4209861292941803,0.07725320584706365,0.0
1690209705103821865,682766,0.4209566135299826,0.07726377748611946,0.0
1690209705103838961,682766,0.4209507932886948,0.07730913252802651,0.0
1690209705103852558,682766,0.42093015889754487,0.0773823523135981,0.0
1690209705109864796,682767,0.4209374399084612,0.07742643432551653,0.0
1690209705109989593,682767,0.4208650836194159,0.07750913276110766,0.0
1690209705110369713,682767,0.42079863012984264,0.07755243014045976,0.0
1690209705110513448,682767,0.4208711728492156,0.07749850145457181,0.0
1690209705110684968,682767,0.42086137777896515,0.07750039681693693,0.0
1690209705111009991,682767,0.4208066499793287,0.07755396913869805,0.0
1690209705111099717,682767,0.42090591753311746,0.07744595991199225,0.0
1690209705111284460,682767,0.42095065255849734,0.07736891631504333,0.0
1690209705111299838,682767,0.421093746458641,0.07726373166123085,0.0
1690209705111310059,682767,0.4211344057755479,0.07720715763818502,0.0
1690209705118840851,682768,0.42119258449113606,0.07717366574662926,0.0
1690209705119020193,682768,0.4212062647520155,0.07706974229344911,0.0
1690209705119487711,682768,0.4212402897572307,0.07701982565271918,0.0
1690209705119507245,682768,0.42130648094725703,0.07696018998967676,0.0
1690209705119528906,682768,0.42126412990503154,0.07692529243543311,0.0
1690209705119569624,682768,0.42128994396286734,0.07685684760693229,0.0
1690209705119581983,682768,0.4212811584145758,0.07683912206438195,0.0
1690209705119589692,682768,0.42144405829023424,0.07666900056273558,0.0
1690209705119597626,682768,0.4214299582069398,0.07666836973053763,0.0
1690209705119607257,682768,0.4214149922330604,0.07678730197730321,0.0
1690209705127055430,682769,0.42153396634324874,0.07668862948285154,0.0
1690209705128265556,682769,0.4215418960435665,0.07673576434287226,0.0
1690209705128447095,682769,0.4215344153914474,0.07683135512647023,0.0
1690209705128842658,682769,0.4215058227799551,0.07690562987723466,0.0
1690209705128865458,682769,0.4214952242796023,0.07691577214765585,0.0
1690209705128876399,682769,0.42129849153683774,0.0771415873739126,0.0
1690209705128889097,682769,0.4212856116174645,0.07721236124817588,0.0
1690209705128902803,682769,0.4212849363036784,0.0771488526805217,0.0
1690209705128919516,682769,0.4211258675593642,0.07730762972956426,0.0
1690209705128930828,682769,0.4211035114905065,0.07731093293857928,0.0
1690209705135388392,682770,0.42110148451454704,0.07729162262287854,0.0
1690209705136397040,682770,0.42109630194549513,0.0773189014280041,0.0
1690209705136698828,682770,0.421083850476983,0.07736139782710325,0.0
1690209705136843314,682770,0.4211076823845519,0.07732722331565527,0.0
1690209705137199439,682770,0.42112511380198353,0.07730078987001182,0.0
1690209705137216798,682770,0.42107718294229934,0.07736794256148402,0.0
1690209705137241431,682770,0.4210713073025579,0.07736724761103621,0.0
1690209705137252995,682770,0.4210780025673741,0.07734556291078659,0.0
1690209705137266339,682770,0.42102614535292116,0.07733892687588985,0.0
1690209705137287462,682770,0.42101282818320235,0.07733063805298529,0.0
1690209705144688532,682771,0.421024615911069,0.07728320993727715,0.0
1690209705144999450,682771,0.42102687265324784,0.07726428655278006,0.0
1690209705145297770,682771,0.4210446391457579,0.0772334395447314,0.0
1690209705145567290,682771,0.4210483113616241,0.07722313554200276,0.0
1690209705145583878,682771,0.4210984280343074,0.07717630420046774,0.0
1690209705145600805,682771,0.42110807342761086,0.07717284383598765,0.0
1690209705145611234,682771,0.42109990184254165,0.07719947871766623,0.0
1690209705145622488,682771,0.42110684462990056,0.0772041691683037,0.0
1690209705145637265,682771,0.4210961597509592,0.07721759041077589,0.0
1690209705145661536,682771,0.4210985866987333,0.0772428629786882,0.0
1690209705151358796,682772,0.4211031172239061,0.07723990864883377,0.0
1690209705152884197,682772,0.4210956943343989,0.07723033455689808,0.0
1690209705153138694,682772,0.4210957678506169,0.07722978663734179,0.0
1690209705153388539,682772,0.42110279646360793,0.07721932599535154,0.0
1690209705153744990,682772,0.4210861681741117,0.07724313266404827,0.0
1690209705153757224,682772,0.42109280259885706,0.07722925350048983,0.0
1690209705153776037,682772,0.4210990145490397,0.07720869543970721,0.0
1690209705153781590,682772,0.4210424232349984,0.07726418483541848,0.0
1690209705153835981,682772,0.4210518581605333,0.07724726593542909,0.0
1690209705153848980,682772,0.42103873685093646,0.07721867823678842,0.0
1690209705160469763,682773,0.4210345925472745,0.0772335469638862,0.0
1690209705161781369,682773,0.42100879853670664,0.07726794069845701,0.0
1690209705161913789,682773,0.4210835471432562,0.07718369274458556,0.0
1690209705162328729,682773,0.4211000998801432,0.07718177606662095,0.0
1690209705162348402,682773,0.4210754258836398,0.07722689918331138,0.0
1690209705162359555,682773,0.4211613683907347,0.07721312826703787,0.0
1690209705162369656,682773,0.42116447334047297,0.0772374774264413,0.0
1690209705162382155,682773,0.42114425160769664,0.07729571392163077,0.0
1690209705162391326,682773,0.42115886273905156,0.07731826451884745,0.0
1690209705162401515,682773,0.42115146277752014,0.07733792824254217,0.0
1690209705168111805,682774,0.42111708387923674,0.0773887461616337,0.0
1690209705168424631,682774,0.42103405730574284,0.07746864720345593,0.0
1690209705169229071,682774,0.42104427521389387,0.07745418481472278,0.0
1690209705169312169,682774,0.42110693001469474,0.07730809207245991,0.0
1690209705169520505,682774,0.4210424263559059,0.07735613727879163,0.0
1690209705169785614,682774,0.4210844709768768,0.07731256340156106,0.0
1690209705169802453,682774,0.42111099399411206,0.07718881154791976,0.0
1690209705169816639,682774,0.4211099726725046,0.07717541607092163,0.0
1690209705169826063,682774,0.42117679494811466,0.07714165244112414,0.0
1690209705169832907,682774,0.42125991722951434,0.0770189170582171,0.0
1690209705178172070,682775,0.4212970791061339,0.07696575782722961,0.0
1690209705179034006,682775,0.4211433129601634,0.07714905378064113,0.0
1690209705179329528,682775,0.42125529486390817,0.07704850122654018,0.0
1690209705179466225,682775,0.4212454610424492,0.07702169934425411,0.0
1690209705179690007,682775,0.4211081872117003,0.07717832221013433,0.0
1690209705180100499,682775,0.42115082861598063,0.0771420934990237,0.0
1690209705180110415,682775,0.4211576866360278,0.077104457711769,0.0
1690209705180115704,682775,0.4210931547406344,0.07721647160172684,0.0
1690209705180166251,682775,0.4210465907565899,0.07731444599151127,0.0
1690209705180213681,682775,0.4210337566256907,0.07728145640901349,0.0
1690209705185093848,682776,0.4209197501626519,0.07743489915310593,0.0
1690209705185439324,682776,0.4209063015622592,0.07748137915378324,0.0
1690209705185597303,682776,0.4208499500755698,0.07757571129450522,0.0
1690209705186383050,682776,0.42079149392626425,0.07766375278883955,0.0
1690209705186390252,682776,0.4207114697626705,0.07768111299216479,0.0
1690209705186666961,682776,0.42073359030303115,0.0776932000228382,0.0
1690209705186682264,682776,0.42074847062371,0.07770200779286303,0.0
1690209705186694671,682776,0.42072979749992784,0.0777040409848605,0.0
1690209705186703070,682776,0.42075530735906463,0.07767346686920311,0.0
1690209705186708736,682776,0.4207823291027148,0.07763893292053549,0.0
1690209705193204290,682777,0.42094214729767815,0.07745347723879988,0.0
1690209705193658889,682777,0.4209811354704669,0.07740780716929895,0.0
1690209705193872026,682777,0.4210127096486387,0.07739570203974647,0.0
1690209705194440920,682777,0.4210683202410258,0.07727840643161225,0.0
1690209705194545806,682777,0.42108666714971066,0.0772008971217624,0.0
1690209705194807465,682777,0.42112704669456724,0.07719866701603743,0.0
1690209705194817383,682777,0.4211681881018689,0.07711658714515467,0.0
1690209705194829937,682777,0.42116205803230017,0.07705496337024166,0.0
1690209705194859045,682777,0.4211895675117074,0.07699689458580049,0.0
1690209705194888974,682777,0.421299541477013,0.07687374020594283,0.0
1690209705203663455,682778,0.42136701903647,0.07684940843939056,0.0
1690209705203896416,682778,0.42133946467317174,0.07691401176857357,0.0
1690209705204917767,682778,0.42137545877608695,0.07690276803006804,0.0
1690209705205082625,682778,0.42142524710647983,0.0769016262504577,0.0
1690209705205606658,682778,0.4214192568475135,0.07694112757563626,0.0
1690209705205618017,682778,0.42137401181814693,0.07703025483904422,0.0
1690209705205623760,682778,0.4212377063346534,0.0771729136535997,0.0
1690209705205632494,682778,0.4211159936648533,0.07731670087261001,0.0
1690209705205640734,682778,0.42107104577490223,0.0773373094660859,0.0
1690209705205716640,682778,0.42103768419308063,0.07737651785905177,0.0
1690209705210027670,682779,0.4209480479845033,0.077455748188472,0.0
1690209705210599798,682779,0.4208994822462473,0.07744063319233957,0.0
1690209705211602493,682779,0.42094635979148104,0.07739466221247515,0.0
1690209705211613587,682779,0.42094618142109075,0.07742224359285035,0.0
1690209705211749737,682779,0.4210354313831396,0.07736902272264257,0.0
1690209705211844078,682779,0.4210148352142895,0.07736446283487906,0.0
1690209705211853676,682779,0.4210610710116557,0.07733494299419949,0.0
1690209705211862909,682779,0.4211090734378175,0.07731958041775415,0.0
1690209705211869951,682779,0.42113276627267104,0.07728780028495397,0.0
1690209705211876701,682779,0.4211116570752289,0.07731724325178184,0.0
1690209705218012029,682780,0.4210256875268862,0.07736724714867288,0.0
1690209705218387634,682780,0.4210873907236963,0.07728162418198645,0.0
1690209705218866736,682780,0.4210912944088679,0.07726091791648226,0.0
1690209705219299110,682780,0.4210707022991313,0.07727716402859741,0.0
1690209705219463287,682780,0.4210524514285729,0.07727555323937546,0.0
1690209705219676255,682780,0.42105318100284955,0.07719841152018307,0.0
1690209705219688854,682780,0.42109001604722324,0.07716406275485446,0.0
1690209705219698727,682780,0.4211282502794602,0.07717612206681915,0.0
1690209705219706757,682780,0.42108887449203747,0.07721482327304048,0.0
1690209705219716562,682780,0.42104418968022006,0.07725059423831451,0.0
1690209705226761271,682781,0.421024719673254,0.07725800778367471,0.0
1690209705227832995,682781,0.42106315243452014,0.07724627865764451,0.0
1690209705228034551,682781,0.4210822504605505,0.07723086657125454,0.0
1690209705228386201,682781,0.42094127520456137,0.07736863143838428,0.0
1690209705228538938,682781,0.42101495627078367,0.07731139463306869,0.0
1690209705228707807,682781,0.4210144159125925,0.07729791970810919,0.0
1690209705228943829,682781,0.4210978119914593,0.0772602988212401,0.0
1690209705228967761,682781,0.4211246325898493,0.0772234895233512,0.0
1690209705228998853,682781,0.421151713069669,0.07720143883572277,0.0
1690209705229011697,682781,0.4212145996851201,0.07715925652814709,0.0
1690209705236507512,682782,0.4211741867341459,0.07720093907825608,0.0
1690209705237495750,682782,0.42120124832058814,0.0771921679920493,0.0
1690209705237915990,682782,0.4211068777660544,0.07726232148516152,0.0
1690209705238196350,682782,0.42108835826611984,0.07724528974615996,0.0
1690209705238204880,682782,0.4210839717122655,0.07727673676011584,0.0
1690209705238209831,682782,0.4210973745981511,0.07728144216009651,0.0
1690209705238271507,682782,0.4210678335686204,0.07732175087796705,0.0
1690209705238283053,682782,0.42105460369786063,0.07739494516422361,0.0
1690209705238303609,682782,0.4210777738998313,0.07738925229562003,0.0
1690209705238316975,682782,0.42108395629836665,0.07741495756246651,0.0
1690209705243894617,682783,0.42101760193634674,0.07750326240668395,0.0
1690209705244323497,682783,0.4210220386983406,0.0775430289723104,0.0
1690209705244504401,682783,0.42102245300484753,0.07749501746848328,0.0
1690209705244520907,682783,0.42088225822672715,0.07763622470058984,0.0
1690209705244793359,682783,0.42087408054398734,0.07763609884629229,0.0
1690209705244811027,682783,0.4208715404702894,0.07755148086790095,0.0
1690209705244818695,682783,0.420806529584356,0.07757243180130076,0.0
1690209705245040059,682783,0.42081323922082675,0.07753924322649887,0.0
1690209705245055542,682783,0.42097807950981153,0.07731536734756858,0.0
1690209705245063037,682783,0.4209766577223088,0.07728253137834012,0.0
1690209705252753369,682784,0.4210215203518315,0.07728460781324359,0.0
1690209705252981388,682784,0.42114531547719436,0.077134237610409,0.0
1690209705253536121,682784,0.4211995595594991,0.07711306744283353,0.0
1690209705253605000,682784,0.421160693496177,0.0771782656024543,0.0
1690209705253805271,682784,0.42119769049308886,0.07713870365652072,0.0
1690209705254410139,682784,0.4212458959389695,0.07711044571390642,0.0
1690209705254518275,682784,0.42110393713977895,0.07722044214982375,0.0
1690209705254800096,682784,0.42112235800990927,0.07721932672743627,0.0
1690209705254823773,682784,0.4210095214244671,0.07730108091865208,0.0
1690209705254838467,682784,0.42095509095273625,0.0773758218422079,0.0
1690209705262076347,682785,0.42089891110484434,0.07741955634440377,0.0
1690209705263172241,682785,0.42084663348720597,0.0774952778096546,0.0
1690209705263304252,682785,0.42083780779510704,0.07752549087831924,0.0
1690209705263529833,682785,0.42077042746739834,0.07759102851161405,0.0
1690209705263844210,682785,0.4207647104301607,0.07765047139346358,0.0
1690209705263861495,682785,0.42070311964696644,0.07774671358275186,0.0
1690209705263876735,682785,0.4206839879120787,0.07772277973549281,0.0
1690209705263899566,682785,0.42064440906006073,0.07778216128325227,0.0
1690209705263908456,682785,0.4206606459942538,0.07777438879541396,0.0
1690209705263924919,682785,0.4206870055241678,0.07770888138186317,0.0
1690209705268976823,682786,0.4206667423215644,0.07773040790737949,0.0
1690209705269859388,682786,0.42065927225707944,0.07770548221559663,0.0
1690209705270428674,682786,0.4207973764639617,0.07753403204627608,0.0
1690209705270573141,682786,0.4208158502165805,0.07745181029550526,0.0
1690209705270818949,682786,0.4208685050848754,0.07743327852484945,0.0
1690209705270829874,682786,0.42103546281216425,0.07723369944549188,0.0
1690209705270836719,682786,0.42105893959990554,0.07716866683276094,0.0
1690209705270844858,682786,0.4211398779229186,0.07715730210027687,0.0
1690209705270877539,682786,0.4212165017404005,0.07705250281465949,0.0
1690209705270886103,682786,0.4213022113794205,0.07700582889781013,0.0
1690209705278578655,682787,0.42125318480733,0.0770713470830018,0.0
1690209705279306446,682787,0.4212877583373941,0.07705949235239681,0.0
1690209705279517683,682787,0.42133736334791944,0.07702628653734282,0.0
1690209705280202010,682787,0.42117809679261586,0.07719947967871911,0.0
1690209705280530298,682787,0.4212064761479284,0.07720324895134476,0.0
1690209705280645465,682787,0.42109744084383266,0.07730795466865292,0.0
1690209705280938384,682787,0.42102450037229117,0.07742319705317292,0.0
1690209705280960422,682787,0.4209853915643248,0.07750145278796738,0.0
1690209705280974318,682787,0.4209583507782505,0.07756019625437534,0.0
1690209705280982109,682787,0.4208271675811309,0.07771542759049047,0.0
1690209705286060883,682788,0.420792392152434,0.07776351784847663,0.0
1690209705286251022,682788,0.42077957799340354,0.07775300857786092,0.0
1690209705286419501,682788,0.42070462407799375,0.07786218565393332,0.0
1690209705286585382,682788,0.4207246114875869,0.07779323587490193,0.0
1690209705286744132,682788,0.4206700904464882,0.07781426917161631,0.0
1690209705286900150,682788,0.4206902923940101,0.07780393181048406,0.0
1690209705287205820,682788,0.4207578511538702,0.07771805559990287,0.0
1690209705287294103,682788,0.4208062008302226,0.07764918696375524,0.0
1690209705287352559,682788,0.42083108566381433,0.07760547944978584,0.0
1690209705287357700,682788,0.420819784466266,0.07759294057447025,0.0
1690209705293369099,682789,0.4209103914295791,0.07744756220130289,0.0
1690209705293819537,682789,0.42092096922131095,0.07744535783202053,0.0
1690209705294075237,682789,0.4209759236424986,0.0773669838127787,0.0
1690209705294101790,682789,0.4210156489466312,0.07728735054910774,0.0
1690209705294395739,682789,0.42108497680555934,0.07718621266947939,0.0
1690209705294407649,682789,0.4211225890086056,0.07713198207025812,0.0
1690209705294415004,682789,0.42117983518007984,0.07711701577688915,0.0
1690209705294427520,682789,0.4211698575489643,0.07708085778986384,0.0
1690209705294435817,682789,0.4211806367285701,0.07707626435640877,0.0
1690209705294461705,682789,0.4212039541530305,0.07707756850595994,0.0
1690209705302461996,682790,0.42119140512328246,0.07715768987991493,0.0
1690209705302605807,682790,0.42114931697021524,0.07721692693826014,0.0
1690209705303190743,682790,0.42098772409267393,0.07737159437477241,0.0
1690209705304076928,682790,0.42097394413826694,0.07745659635775118,0.0
1690209705304290694,682790,0.42091317922024146,0.07749498044626488,0.0
1690209705304704236,682790,0.42083098528530494,0.07760062570215805,0.0
1690209705304761162,682790,0.4207828405421613,0.07766421331881718,0.0
1690209705304769591,682790,0.4207357689000053,0.07766228355021361,0.0
1690209705304797406,682790,0.42088077402880064,0.07752459489455699,0.0
1690209705304854468,682790,0.42083674313623365,0.07758946226356529,0.0
1690209705311395500,682791,0.42089863397917127,0.07755465841783396,0.0
1690209705311609208,682791,0.4209418125594023,0.07747350315434863,0.0
1690209705311766952,682791,0.42092901171880936,0.07748900075212455,0.0
1690209705312124967,682791,0.42102455260450694,0.07741656354229907,0.0
1690209705312133732,682791,0.42098352539829553,0.07743252315903691,0.0
1690209705312146118,682791,0.42096030832840237,0.07740965497675362,0.0
1690209705312161609,682791,0.4209270140608451,0.07742015344534652,0.0
1690209705312167460,682791,0.42098719561620956,0.07730432147105538,0.0
1690209705312197282,682791,0.4209773186041766,0.07728000019236518,0.0
1690209705312202446,682791,0.42100804758452226,0.07725555485740972,0.0
1690209705319533109,682792,0.4210449477338764,0.07717037171246856,0.0
1690209705320302030,682792,0.42108577052814367,0.07718091193995226,0.0
1690209705320471576,682792,0.42117540426984873,0.07711448099318303,0.0
1690209705320879880,682792,0.42121050681753347,0.07720020102376278,0.0
1690209705321008053,682792,0.42120156672782194,0.07723523103015953,0.0
1690209705321129785,682792,0.4210648361456323,0.07738903265557902,0.0
1690209705321314298,682792,0.42109104256327035,0.0774159988229269,0.0
1690209705321330618,682792,0.42096464799964617,0.07752171661459328,0.0
1690209705321359422,682792,0.4208462278213977,0.07766289058412533,0.0
1690209705321369997,682792,0.4207163794719774,0.07774008798342096,0.0
1690209705326999665,682793,0.4206642918488797,0.07777595423569622,0.0
1690209705328107555,682793,0.420645813385599,0.07776022975754143,0.0
1690209705328210786,682793,0.4205728772889649,0.077855082081649,0.0
1690209705328499197,682793,0.42064290046402725,0.07778169857649431,0.0
1690209705328513215,682793,0.42065108329666967,0.077733371521577,0.0
1690209705328519429,682793,0.42066213490315896,0.07775410186082041,0.0
1690209705328525093,682793,0.42072769949839006,0.07770170582216238,0.0
1690209705328528809,682793,0.4207903365368487,0.07763722554032734,0.0
1690209705328539746,682793,0.42069046126519,0.07771973296334884,0.0
1690209705328580732,682793,0.4207153173125563,0.0776942574232272,0.0
1690209705336712197,682794,0.42082489741339635,0.07755775587381258,0.0
1690209705337215375,682794,0.42078885106152525,0.07759788717961648,0.0
1690209705337640610,682794,0.4207564793762224,0.07763872871227816,0.0
1690209705339132611,682794,0.42076316117988477,0.0775978041163262,0.0
1690209705339371281,682794,0.42082730701151666,0.0775304473809771,0.0
1690209705339461032,682794,0.4208096929396698,0.07758063438930347,0.0
1690209705339710661,682794,0.42081519289623265,0.07762747305533955,0.0
1690209705339885497,682794,0.4208454436558167,0.07759909626752788,0.0
1690209705339902437,682794,0.42082184629525204,0.07756117735638203,0.0
1690209705339935061,682794,0.4208448144958169,0.07757857089920363,0.0
1690209705344743194,682795,0.4208920563463403,0.07757185292347837,0.0
1690209705345706458,682795,0.4208532466169848,0.07755602846373251,0.0
1690209705345903090,682795,0.42080990997289514,0.07759268482967356,0.0
1690209705345984421,682795,0.4208383650398718,0.07756290107983581,0.0
1690209705346211154,682795,0.42104367014978905,0.07734063103605171,0.0
1690209705346221545,682795,0.42098568748064313,0.07738391003786087,0.0
1690209705346227467,682795,0.42096457574412693,0.07746194067597244,0.0
1690209705346233949,682795,0.42110554563156144,0.07729509364464374,0.0
1690209705346253663,682795,0.4211021488638513,0.07730415055126504,0.0
1690209705346271551,682795,0.4211128815326888,0.07738346031470429,0.0
1690209705350915707,682796,0.42108208614435483,0.0773790589291982,0.0
1690209705351244522,682796,0.421105771463273,0.0773207768596672,0.0
1690209705351588326,682796,0.42098066360828545,0.07746930136660136,0.0
1690209705352111494,682796,0.4210040968528427,0.0774788593879187,0.0
1690209705352255006,682796,0.4210053785202984,0.07744648110367329,0.0
1690209705352382824,682796,0.420821136921416,0.0776270679681884,0.0
1690209705352576893,682796,0.4208216781002986,0.07761161744547752,0.0
1690209705352588682,682796,0.4208545981977705,0.07760795609993172,0.0
1690209705352600886,682796,0.420838355174598,0.07765301297790096,0.0
1690209705352607813,682796,0.42078146275944794,0.07774755518723954,0.0
1690209705360199589,682797,0.4208139831184562,0.07773281119897703,0.0
1690209705360978271,682797,0.42071936679262006,0.07785785250041954,0.0
1690209705361450127,682797,0.4207137772908708,0.07791286913697727,0.0
1690209705361515802,682797,0.42059652537638725,0.07800236281377719,0.0
1690209705361873059,682797,0.42052681738866204,0.078083941911097,0.0
1690209705361890309,682797,0.4205030962909127,0.07800405576353528,0.0
1690209705361906405,682797,0.42045817016952836,0.07802273797834192,0.0
1690209705361914934,682797,0.4204785522702721,0.07797982346845127,0.0
1690209705361920953,682797,0.42046391006954514,0.07794962172470911,0.0
1690209705361938559,682797,0.42055739209730064,0.07779727675043192,0.0
1690209705370798809,682798,0.4205688711546977,0.07774822269490353,0.0
1690209705371250038,682798,0.4207735122848795,0.07755474308873733,0.0
1690209705372541530,682798,0.4208667389641773,0.07742451833921463,0.0
1690209705372752937,682798,0.4209435332030391,0.07737981053761392,0.0
1690209705373259435,682798,0.42102363027013023,0.0772602699488048,0.0
1690209705373283073,682798,0.4210873373718992,0.07725477829566046,0.0
1690209705373317199,682798,0.4211251580450198,0.07723613909357213,0.0
1690209705373333941,682798,0.4211062221804789,0.07725656945263096,0.0
1690209705373345859,682798,0.4211598604544126,0.07721674700317055,0.0
1690209705373358595,682798,0.42106648384331485,0.07728395845822124,0.0
1690209705377869954,682799,0.42111164916989646,0.07726500361411903,0.0
1690209705378275023,682799,0.4209615779631455,0.07740415363424626,0.0
1690209705378686815,682799,0.4208958033276604,0.07752701895722394,0.0
1690209705378766059,682799,0.42086189112010397,0.07753408804871653,0.0
1690209705378957109,682799,0.420773269909886,0.07766556320529605,0.0
1690209705378969302,682799,0.42076077256525213,0.07772821571632088,0.0
1690209705378979547,682799,0.4206961008435406,0.07779138757525103,0.0
1690209705378984574,682799,0.42068962604469795,0.07782673220110466,0.0
1690209705379025913,682799,0.42060584923792366,0.07794653672332452,0.0
1690209705379052109,682799,0.4206167646893399,0.07795403906936693,0.0
1690209705384855112,682800,0.4206366413474149,0.07788689711217522,0.0
1690209705385471458,682800,0.4205699235116351,0.07795627020077589,0.0
1690209705385485830,682800,0.42064553359136153,0.07785916090057957,0.0
1690209705385671611,682800,0.42067792590124536,0.07777369191771254,0.0
1690209705385681633,682800,0.42066542873848034,0.07776669305116389,0.0
1690209705385693627,682800,0.4206899011367073,0.07774278094661329,0.0
1690209705385698934,682800,0.42069945150450994,0.07764320582620995,0.0
1690209705385705763,682800,0.42070466439738285,0.0776124287446782,0.0
1690209705385728178,682800,0.420738765908783,0.07757600586064646,0.0
1690209705385748236,682800,0.42079430210929425,0.07747081393889495,0.0
1690209705394930987,682801,0.42084683613437723,0.0773885324784517,0.0
1690209705396118497,682801,0.42083496704151035,0.07738782662134867,0.0
1690209705396379453,682801,0.4209059012766109,0.07736242387954624,0.0
1690209705396528635,682801,0.4209013385877209,0.07733660235114835,0.0
1690209705396840686,682801,0.4208866812302888,0.07736988869937202,0.0
1690209705396860926,682801,0.42091229991421053,0.07739903028860401,0.0
1690209705396872142,682801,0.42086351514827103,0.07744986144924718,0.0
1690209705396901523,682801,0.42078651393594546,0.07757255895379095,0.0
1690209705396919238,682801,0.42066070215718876,0.07772381646283805,0.0
1690209705396931586,682801,0.42055832636874657,0.07784457908125492,0.0
1690209705402252102,682802,0.4204690372969949,0.07791711841416736,0.0
1690209705402521278,682802,0.42033429712146725,0.07803787777756677,0.0
1690209705403154905,682802,0.42034170385565295,0.07807213419386333,0.0
1690209705403241779,682802,0.42031555731051534,0.07806505651135658,0.0
1690209705403354176,682802,0.42029412822724665,0.07808720658102943,0.0
1690209705403539096,682802,0.4203191150693014,0.07809360847454362,0.0
1690209705403549059,682802,0.420387795552545,0.0780135608323024,0.0
1690209705403559692,682802,0.42046995340635096,0.07792731842479167,0.0
1690209705403566451,682802,0.4204924167871372,0.07791687047622865,0.0
1690209705403571615,682802,0.42057323720938783,0.07785277145364149,0.0
1690209705410495370,682803,0.42061463346586814,0.07777120649985723,0.0
1690209705411329459,682803,0.4205932205418538,0.07777861569386951,0.0
1690209705411508228,682803,0.42063388963175746,0.07776668345521037,0.0
1690209705411637886,682803,0.4206264947171917,0.07769065144231883,0.0
1690209705411981663,682803,0.4206266110443657,0.07766176896105124,0.0
1690209705411995247,682803,0.42069328106365134,0.07757777017571879,0.0
1690209705412023558,682803,0.4207133926812291,0.07750651676697957,0.0
1690209705412044745,682803,0.4207501935676707,0.07746139745170975,0.0
1690209705412055843,682803,0.4207927816535367,0.07745621813546806,0.0
1690209705412067828,682803,0.4208999935769864,0.07742382371150554,0.0
1690209705420669229,682804,0.4209213603720144,0.07740659802591049,0.0
1690209705421174173,682804,0.42090056065237724,0.07747269873190231,0.0
1690209705421375276,682804,0.4209201168406106,0.07752456533239864,0.0
1690209705421736414,682804,0.42086358958308584,0.07758888785221243,0.0
1690209705422034539,682804,0.4207453253087339,0.07773306537117676,0.0
1690209705422057926,682804,0.4206085886827582,0.07790108331000425,0.0
1690209705422073172,682804,0.4204983169300177,0.07800180853110478,0.0
1690209705422088691,682804,0.420379903865564,0.07810042970822162,0.0
1690209705422126886,682804,0.42026053156652643,0.07817043650428987,0.0
1690209705422161560,682804,0.4202622900828338,0.0781640860144247,0.0
1690209705429441589,682805,0.42025345369332956,0.07814686147076905,0.0
1690209705430383684,682805,0.420250897515146,0.07814301651504671,0.0
1690209705430448025,682805,0.4203490492252993,0.07807243627360692,0.0
1690209705430733624,682805,0.42036973601340405,0.07803942910995595,0.0
1690209705430743445,682805,0.42040636410954946,0.07801646744102858,0.0
1690209705430750290,682805,0.4205019219503076,0.07793482819896164,0.0
1690209705430758028,682805,0.42057392286425527,0.07784545608820612,0.0
1690209705430764709,682805,0.4205449189700911,0.07782415280655532,0.0
1690209705430786945,682805,0.4205132617030831,0.07781491659815189,0.0
1690209705430800195,682805,0.4205562309062838,0.07774202501898121,0.0
1690209705434882886,682806,0.4205427261067567,0.07768999508271328,0.0
1690209705434904125,682806,0.42053981703468485,0.07766705652057079,0.0
1690209705435274356,682806,0.4206259454185721,0.07755999509530137,0.0
1690209705435417193,682806,0.4206906818897671,0.07746413074952975,0.0
1690209705436048517,682806,0.4207330500702091,0.07741051224621655,0.0
1690209705436348675,682806,0.4208005605414068,0.07738776355595575,0.0
1690209705436365372,682806,0.42088075094787414,0.07736524480472855,0.0
1690209705436388530,682806,0.42089350784413354,0.07737864686193983,0.0
1690209705436399621,682806,0.42088706901682627,0.07743597144494836,0.0
1690209705436414100,682806,0.42091107453017895,0.07747487000582223,0.0
1690209705443540866,682807,0.42085922303317214,0.07753056551608305,0.0
1690209705444252294,682807,0.42071223430942495,0.0777005801808324,0.0
1690209705444340988,682807,0.420559040810018,0.07788484957728163,0.0
1690209705444510307,682807,0.42050156055784516,0.07791423595975694,0.0
1690209705444663258,682807,0.42036933785263364,0.07800026828228503,0.0
1690209705444984723,682807,0.42026563118880905,0.07806982883104165,0.0
1690209705444998054,682807,0.42028262146324014,0.07802957291389345,0.0
1690209705445003439,682807,0.42025475826903347,0.07801774716583969,0.0
1690209705445015747,682807,0.4202483881026263,0.07801401206601348,0.0
1690209705445028815,682807,0.42032779615464605,0.07795495400915628,0.0
1690209705451540096,682808,0.42039627759762266,0.07786941018443397,0.0
1690209705451934591,682808,0.4204529358192398,0.07782359109818346,0.0
1690209705452550221,682808,0.42053213652638954,0.07775715435173003,0.0
1690209705453155266,682808,0.42062817797806495,0.07767047612994588,0.0
1690209705453228003,682808,0.42062643318013865,0.07765917044441256,0.0
1690209705453548964,682808,0.42060727156931726,0.07765010875676673,0.0
1690209705453565813,682808,0.42065581671909985,0.07758351582714298,0.0
1690209705453578518,682808,0.42063523922545015,0.07753591310600068,0.0
1690209705453598382,682808,0.4206132548347,0.07752943267677088,0.0
1690209705453607520,682808,0.4206858277172428,0.07741495268029525,0.0
1690209705460714159,682809,0.420737839576522,0.07733740947951044,0.0
1690209705460951294,682809,0.42078016710292004,0.07729803869230041,0.0
1690209705461789377,682809,0.42084541499443107,0.07729011457475958,0.0
1690209705462111860,682809,0.42093125485958677,0.07728540353951625,0.0
1690209705462438282,682809,0.4209170139013429,0.07731506084998378,0.0
1690209705462455364,682809,0.4209053301075554,0.07737827099103582,0.0
1690209705462473870,682809,0.4208915800993564,0.07742668733684183,0.0
1690209705462483166,682809,0.4207829049442112,0.07755423115926076,0.0
1690209705462490100,682809,0.4206401782565977,0.07772946054199309,0.0
1690209705462497622,682809,0.42054950898610644,0.0778273793383865,0.0
1690209705469093346,682810,0.42051635818102084,0.0778303719801687,0.0
1690209705470128998,682810,0.4203900723315849,0.07792901775009227,0.0
1690209705470273287,682810,0.420349510847991,0.07798922855048203,0.0
1690209705470713012,682810,0.42038912868594513,0.07792926376995953,0.0
1690209705470731099,682810,0.42036858423617635,0.07791559584931039,0.0
1690209705470738539,682810,0.4204303733969209,0.07791630630479911,0.0
1690209705470751579,682810,0.42046797064806757,0.077881681259734,0.0
1690209705470765892,682810,0.4205157780160053,0.07782008860772949,0.0
1690209705470791401,682810,0.4204230134331242,0.07791614863138285,0.0
1690209705470814410,682810,0.420465857850857,0.0778716611951986,0.0
1690209705479201304,682811,0.42050882072245166,0.07776629590055792,0.0
1690209705480132164,682811,0.42042434076551377,0.07783110528338688,0.0
1690209705480321624,682811,0.4204409604909898,0.07777229566109567,0.0
1690209705480514053,682811,0.4204638757504894,0.07767520035939693,0.0
1690209705480792642,682811,0.4204872313334789,0.07763805686482401,0.0
1690209705480892857,682811,0.4204893874481515,0.07763493683228496,0.0
1690209705481196599,682811,0.42063212124194393,0.07748359163260858,0.0
1690209705481215700,682811,0.4206615768754418,0.07745625792749264,0.0
1690209705481228375,682811,0.4206337677746682,0.07754974294885199,0.0
1690209705481237820,682811,0.4207241376336159,0.07753389013588036,0.0
1690209705486527907,682812,0.4207175755823338,0.07758398526101251,0.0
1690209705487077476,682812,0.4206669852954905,0.07769072658349373,0.0
1690209705487149937,682812,0.4206659018877032,0.07772001649046979,0.0
1690209705487377898,682812,0.4206319531248048,0.0777100157904454,0.0
1690209705487456415,682812,0.4205659158920647,0.07779210344563257,0.0
1690209705487463622,682812,0.4205164435364461,0.0778620669552431,0.0
1690209705487470000,682812,0.4205768025450686,0.07779226438019501,0.0
1690209705487475940,682812,0.4206277847114661,0.0777462434121529,0.0
1690209705487487657,682812,0.4206085055397245,0.07778846574144566,0.0
1690209705487506157,682812,0.4207399085061747,0.07771997234711879,0.0
1690209705494353973,682813,0.420760516871086,0.07767463983483502,0.0
1690209705494937788,682813,0.42074363383726043,0.07769946049719868,0.0
1690209705495610398,682813,0.4208075970341103,0.0776868845798568,0.0
1690209705496344409,682813,0.4208008343546079,0.07764574796007505,0.0
1690209705496522391,682813,0.4208184759709032,0.07762061064083547,0.0
1690209705497009958,682813,0.42079114852245825,0.07764139024859354,0.0
1690209705497020746,682813,0.42088258118732397,0.07752375846455178,0.0
1690209705497044934,682813,0.420924488345525,0.07744627839799788,0.0
1690209705497068211,682813,0.4209291436094032,0.07746341242794658,0.0
1690209705497110039,682813,0.421012671205275,0.07741518178535285,0.0
1690209705503116250,682814,0.42101698958710704,0.07739920446799263,0.0
1690209705503488722,682814,0.4209971114565318,0.07746064381356894,0.0
1690209705503584300,682814,0.42102939011644047,0.07748978884861542,0.0
1690209705503785503,682814,0.42102553800325904,0.07748703991963053,0.0
1690209705503798378,682814,0.4209134292892194,0.07762707387263094,0.0
1690209705503808994,682814,0.4207706661985723,0.07780444840425511,0.0
1690209705503984146,682814,0.4206929758382508,0.0778681245467822,0.0
1690209705504173289,682814,0.42056159606220844,0.07795696419346114,0.0
1690209705504258921,682814,0.42041221671177914,0.07806349384392468,0.0
1690209705504267479,682814,0.4204002401042245,0.07807143269292335,0.0
1690209705511460408,682815,0.42036527717359334,0.07805196860717517,0.0
1690209705511727798,682815,0.4203309018165933,0.07808215173342452,0.0
1690209705511880757,682815,0.42039817449327227,0.07803796888084229,0.0
1690209705512161704,682815,0.42047233463928724,0.07795578555148579,0.0
1690209705512506157,682815,0.42056952318642116,0.07787937887172815,0.0
1690209705512640904,682815,0.420610157723009,0.07785051032884914,0.0
1690209705512948319,682815,0.42072274670213644,0.07775859959107914,0.0
1690209705513094405,682815,0.42076893709102575,0.07769679900524419,0.0
1690209705513202741,682815,0.4207475947797895,0.07771770314436233,0.0
1690209705513280717,682815,0.4208029019814064,0.07768682941561028,0.0
1690209705518174860,682816,0.42079565689754383,0.07763476610593038,0.0
1690209705518558247,682816,0.42078617654090644,0.07762142932934248,0.0
1690209705518946286,682816,0.42079743272148495,0.07759012756211568,0.0
1690209705519032575,682816,0.4208572116000818,0.07749868609520644,0.0
1690209705519162726,682816,0.4208800868421254,0.07746301001357503,0.0
1690209705519278522,682816,0.4209112849494272,0.07747388559840594,0.0
1690209705519283445,682816,0.4209956963583348,0.07745390151278764,0.0
1690209705519286388,682816,0.42098471180117003,0.07747262049755363,0.0
1690209705519316246,682816,0.4209763663803164,0.07753022929289545,0.0
1690209705519325356,682816,0.42099903294376906,0.07758189143004063,0.0
1690209705526343285,682817,0.42100511876914914,0.077586656589037,0.0
1690209705526672204,682817,0.420885366635157,0.07771918418731882,0.0
1690209705526721530,682817,0.42076770536831176,0.07788417520007557,0.0
1690209705526968319,682817,0.4207668049330561,0.07785600468821272,0.0
1690209705527070403,682817,0.420636881112583,0.07795305188776938,0.0
1690209705527234821,682817,0.42056272450242577,0.07801927540104922,0.0
1690209705527242278,682817,0.4205557166641697,0.07799107480312124,0.0
1690209705527247044,682817,0.4205180057039027,0.07796692886832417,0.0
1690209705527251785,682817,0.42054778306086704,0.0779805968085659,0.0
1690209705527259701,682817,0.42060976417382645,0.07793294691945424,0.0
1690209705535167272,682818,0.42069728682028046,0.07781757211631636,0.0
1690209705535169937,682818,0.4206520296052835,0.07789673509034334,0.0
1690209705535173183,682818,0.4207264331385123,0.07783076929730913,0.0
1690209705535454630,682818,0.4207953488418778,0.07773285230283766,0.0
1690209705535673629,682818,0.42076627309161435,0.07773043514268461,0.0
1690209705535760386,682818,0.4207419997044728,0.07771825330965945,0.0
1690209705535890338,682818,0.42076965130748334,0.07766130291360089,0.0
1690209705535894585,682818,0.42076343034308344,0.07761484428828737,0.0
1690209705535896689,682818,0.42074588005933167,0.07759697723720872,0.0
1690209705535914740,682818,0.4208373545827186,0.07748205139089721,0.0
1690209705544577228,682819,0.42090005937612424,0.07739195772054346,0.0
1690209705544993067,682819,0.42093557474311516,0.07736110975609906,0.0
1690209705545273715,682819,0.42101613917838365,0.07733889475871865,0.0
1690209705545329440,682819,0.4211070515283382,0.07731656631715277,0.0
1690209705545473952,682819,0.4211036163784022,0.07734846637906322,0.0
1690209705545480793,682819,0.4210905471171572,0.07741414508733696,0.0
1690209705545490575,682819,0.42110629051470205,0.07747389478335892,0.0
1690209705545494444,682819,0.42102917289015596,0.07755680020292395,0.0
1690209705545616858,682819,0.4208759058626651,0.07774587412120414,0.0
1690209705545624938,682819,0.4207780749668828,0.07786471303893941,0.0
1690209705551354739,682820,0.4207534155380224,0.0778516515534663,0.0
1690209705552142611,682820,0.4206258873388765,0.07793737564096906,0.0
1690209705552202707,682820,0.4205877410443652,0.07798685337573878,0.0
1690209705552395928,682820,0.42060620069872656,0.07794204171417005,0.0
1690209705552404726,682820,0.42059142006754635,0.07793511452093825,0.0
1690209705552411901,682820,0.4205979682997977,0.07793963497074247,0.0
1690209705552417499,682820,0.42066178583909364,0.07786927670490101,0.0
1690209705552431785,682820,0.42070368755779974,0.07783575960774637,0.0
1690209705552436551,682820,0.4206616403292104,0.07788740437590445,0.0
1690209705552441169,682820,0.4207685362191743,0.07777400594822641,0.0
1690209705561337999,682821,0.42078668993385976,0.0776851644873497,0.0
1690209705561649943,682821,0.420726885456246,0.07771510993022644,0.0
1690209705561971392,682821,0.42078605259996904,0.07764780811064938,0.0
1690209705562191084,682821,0.42080956399466996,0.0775512129979044,0.0
1690209705563144209,682821,0.4208143889271727,0.07752963161403917,0.0
1690209705563246678,682821,0.420849435328502,0.07750364452559269,0.0
1690209705563576782,682821,0.42092420165528044,0.0774022864594007,0.0
1690209705563594066,682821,0.42094184849381777,0.07740476342892696,0.0
1690209705563600489,682821,0.4208057797805694,0.07757956067346176,0.0
1690209705563632778,682821,0.42077647026879195,0.07764505424866741,0.0
1690209705569551164,682822,0.4207088911437359,0.07769933353814337,0.0
1690209705569906230,682822,0.42059883106610985,0.07780542010727669,0.0
1690209705570774576,682822,0.4205815866581999,0.07785654396112908,0.0
1690209705570841143,682822,0.4205468097587675,0.0778579862948532,0.0
1690209705571221651,682822,0.4205254687135924,0.0778893398947919,0.0
1690209705571229414,682822,0.42056617563614296,0.07788698110916803,0.0
1690209705571235801,682822,0.4206527087103549,0.07779729398283128,0.0
1690209705571251871,682822,0.42073729601833937,0.07771688499921305,0.0
1690209705571259446,682822,0.4207874985174885,0.07768579879327665,0.0
1690209705571278462,682822,0.4209019637849455,0.0776087756097808,0.0
1690209705578228241,682823,0.4209342752687381,0.07754626113434411,0.0
1690209705578865002,682823,0.42090095784927206,0.07754603176461244,0.0
1690209705579545803,682823,0.42094910975557437,0.07751365657918584,0.0
1690209705579673492,682823,0.4209547744170968,0.07743439033615745,0.0
1690209705580185392,682823,0.4209428241578834,0.07740863425735547,0.0
1690209705580198783,682823,0.4210108416655679,0.07732838657000944,0.0
1690209705580207888,682823,0.4210769290524604,0.07722417896105889,0.0
1690209705580223406,682823,0.42112854164996727,0.07717454491486907,0.0
1690209705580234820,682823,0.4211925272259681,0.07716042093410744,0.0
1690209705580243222,682823,0.4212954480760529,0.07713953447125518,0.0
1690209705585455032,682824,0.4213107353797239,0.07717151633817042,0.0
1690209705585739171,682824,0.42131324128581144,0.07722679843939684,0.0
1690209705586098896,682824,0.4213187131289481,0.07727313140316174,0.0
1690209705586229300,682824,0.4212240314082542,0.07739418524875863,0.0
1690209705586786753,682824,0.4210633169590318,0.07758119835206764,0.0
1690209705586880060,682824,0.42099604501050114,0.07764872092113592,0.0
1690209705587096173,682824,0.42092909116002136,0.0776906062589742,0.0
1690209705587115421,682824,0.42083618384330346,0.07777674412800228,0.0
1690209705587143012,682824,0.4208724738912757,0.07775743543948788,0.0
1690209705587166700,682824,0.42090989731996126,0.07769077971731594,0.0
1690209705594637020,682825,0.4208891829858586,0.07773237314062,0.0
1690209705594684839,682825,0.42089640223668157,0.07774805766863487,0.0
1690209705594938966,682825,0.42094868639325234,0.07767732732445871,0.0
1690209705595300599,682825,0.42096815437948143,0.0776469844052994,0.0
1690209705595311576,682825,0.42094851916082354,0.07766034486881293,0.0
1690209705595322830,682825,0.4210310918821909,0.07754419604251751,0.0
1690209705595365630,682825,0.4210544777715433,0.0774594129972068,0.0
1690209705595384768,682825,0.4210152751960602,0.07745703168782367,0.0
1690209705595398245,682825,0.4211043885273611,0.07740429680192865,0.0
1690209705595419192,682825,0.42111734684351027,0.07734589685216021,0.0
1690209705601711858,682826,0.42112608067256163,0.07734922400360193,0.0
1690209705602101913,682826,0.42115125321623476,0.07735254218382882,0.0
1690209705603170400,682826,0.4211200029585417,0.07736764291417735,0.0
1690209705603475705,682826,0.4210968828225821,0.07742222838376353,0.0
1690209705603629938,682826,0.4209511971225234,0.07760853084556556,0.0
1690209705603852326,682826,0.42088902234760006,0.07770325921713754,0.0
1690209705603863447,682826,0.4208080571147134,0.07776704188968261,0.0
1690209705603870819,682826,0.4206780798429698,0.07786706461101983,0.0
1690209705603875279,682826,0.4206716164129195,0.0778868761731386,0.0
1690209705603915793,682826,0.4206326805780793,0.07787559318298598,0.0
1690209705609415425,682827,0.42060848368515336,0.07790454343147422,0.0
1690209705610540178,682827,0.4206649435098131,0.07787233699516327,0.0
1690209705611017941,682827,0.42071613043006656,0.0778141026762066,0.0
1690209705611060821,682827,0.42068678241874513,0.07785520801935703,0.0
1690209705611078938,682827,0.4207281408369793,0.07782582762530368,0.0
1690209705611096010,682827,0.42082477850994443,0.07772860026276497,0.0
1690209705611107958,682827,0.420854624771875,0.0776715119016926,0.0
1690209705611118632,682827,0.4208363383456082,0.07765217676788766,0.0
1690209705611163967,682827,0.42088532152199726,0.07759466389326113,0.0
1690209705611178005,682827,0.4208747780009184,0.07752477486794469,0.0
1690209705618478430,682828,0.4208635603963512,0.07749910129052724,0.0
1690209705619862787,682828,0.4209572097118147,0.0773993909024806,0.0
1690209705619997269,682828,0.4210103031752881,0.07731483964526728,0.0
1690209705620006607,682828,0.4210446622201931,0.07730299239518607,0.0
1690209705620476914,682828,0.4210844885275557,0.07728297829282725,0.0
1690209705620485982,682828,0.4211344216345546,0.07728794840682694,0.0
1690209705620522109,682828,0.42114787671909876,0.07732852066252649,0.0
1690209705620531113,682828,0.4211374483924653,0.0773909482937518,0.0
1690209705620538938,682828,0.4211167988137565,0.07743598686067142,0.0
1690209705620553134,682828,0.42104012687246756,0.07754440374309977,0.0
1690209705627674056,682829,0.420892095610529,0.07772892862087964,0.0
1690209705628830112,682829,0.42087898027717013,0.07777285649699486,0.0
1690209705629113577,682829,0.4207607904356654,0.07785024288924686,0.0
1690209705629370585,682829,0.42065720170851917,0.07795615522440096,0.0
1690209705629382523,682829,0.4207019255929476,0.07791868444680468,0.0
1690209705629388542,682829,0.4206835518540865,0.07791102111498065,0.0
1690209705629405256,682829,0.4206950917183494,0.07791942827141829,0.0
1690209705629412021,682829,0.4207014610975411,0.07793970289496628,0.0
1690209705629446471,682829,0.4207580979015256,0.07783521732572841,0.0
1690209705629452603,682829,0.42076991478474557,0.07781583128441405,0.0
1690209705636383735,682830,0.42077509054915085,0.07780877769651488,0.0
1690209705636712685,682830,0.42087901465218747,0.07767061203371754,0.0
1690209705637740071,682830,0.42091220801507623,0.07758980439634271,0.0
1690209705637843390,682830,0.4208824493333365,0.07757634819163454,0.0
1690209705638251246,682830,0.4209563457620079,0.0775459597828821,0.0
1690209705638288889,682830,0.42098967738462084,0.07746662329790732,0.0
1690209705638301973,682830,0.4209750575276528,0.07749132964657154,0.0
1690209705638310293,682830,0.4210083186900354,0.07748337105051878,0.0
1690209705638334716,682830,0.4209409578218648,0.07751749449389854,0.0
1690209705638351636,682830,0.42092625628102487,0.07756728141618453,0.0
1690209705644682811,682831,0.4207988910803092,0.07770893931899577,0.0
1690209705645127174,682831,0.4207267959821069,0.07784122617813508,0.0
1690209705645289701,682831,0.4206729361808741,0.07788314864138272,0.0
1690209705645909032,682831,0.4205904131553311,0.07796290580160162,0.0
1690209705646063861,682831,0.420595037051771,0.0780029575735029,0.0
1690209705646210514,682831,0.42059054694801923,0.07800037460219474,0.0
1690209705646514348,682831,0.42055209569735263,0.07801641832650018,0.0
1690209705646535029,682831,0.42061531753252623,0.07798545788338773,0.0
1690209705646547778,682831,0.420632707792664,0.0779646727076306,0.0
1690209705646559420,682831,0.4207085751821545,0.07787091734382953,0.0
1690209705652967233,682832,0.42076611020015187,0.07780691368968372,0.0
1690209705653445021,682832,0.4208076455227804,0.07773601530363922,0.0
1690209705653600036,682832,0.4208629928845172,0.07764560217045155,0.0
1690209705653881290,682832,0.4208829654960182,0.07758236292652351,0.0
1690209705653888640,682832,0.42093116211086856,0.07752550566948775,0.0
1690209705653892900,682832,0.42092233860284617,0.07747671438575797,0.0
1690209705653911844,682832,0.42094818341558504,0.07741288915216217,0.0
1690209705653922524,682832,0.4210431787800742,0.07730781652502285,0.0
1690209705653933193,682832,0.421092909914498,0.07724359081950626,0.0
1690209705653956184,682832,0.42106588910124,0.07730605034351938,0.0
1690209705660279245,682833,0.42113139822593665,0.07729451559843577,0.0
1690209705660701540,682833,0.42114905913488765,0.07728693066936863,0.0
1690209705661630900,682833,0.42112985000301895,0.07738567845926766,0.0
1690209705661821678,682833,0.42111814737455827,0.07743694423457789,0.0
1690209705661831773,682833,0.42104762031956183,0.07749968874967773,0.0
1690209705661840421,682833,0.4210191678065781,0.07757697273756008,0.0
1690209705661986946,682833,0.4208638307119068,0.07776416114175162,0.0
1690209705662019925,682833,0.42093845988503303,0.07772464211915202,0.0
1690209705662027422,682833,0.4208679970808644,0.07776229751363646,0.0
1690209705662032602,682833,0.4207768180323621,0.07787162453282412,0.0
1690209705669480484,682834,0.42085583978343793,0.07780506124255213,0.0
1690209705669723670,682834,0.4208247973432865,0.07780522192051227,0.0
1690209705669908514,682834,0.4208243028289808,0.07781656945130754,0.0
1690209705670179763,682834,0.4208257261457291,0.0778009697803895,0.0
1690209705671025209,682834,0.42088749689080257,0.0777071550982937,0.0
1690209705671167100,682834,0.4209116836816819,0.07768133409974029,0.0
1690209705671482311,682834,0.42090070850074607,0.07767961982188375,0.0
1690209705671500170,682834,0.42099557507447816,0.07754226786529707,0.0
1690209705671525732,682834,0.42105876592510294,0.07745106052777616,0.0
1690209705671533703,682834,0.4210413522928122,0.07743459077690691,0.0
1690209705676685912,682835,0.4211422632996161,0.07737574127790092,0.0
1690209705677256588,682835,0.4211602350886313,0.07732004210520478,0.0
1690209705677366006,682835,0.4211316402071746,0.0773385409948806,0.0
1690209705677645163,682835,0.42116721980748345,0.0773059968297023,0.0
1690209705677844739,682835,0.4211079884597716,0.07733594014381058,0.0
1690209705678060272,682835,0.4211226414324677,0.07735703975840637,0.0
1690209705678069189,682835,0.4209479079879527,0.07753412559288735,0.0
1690209705678090777,682835,0.4208769671069583,0.07764483424185048,0.0
1690209705678112246,682835,0.4207833879199943,0.07770196621160427,0.0
1690209705678124243,682835,0.42065960879131936,0.07781652508792139,0.0
1690209705685375208,682836,0.4206520767419095,0.07785710656339251,0.0
1690209705685494304,682836,0.42060053544720566,0.07786000009688844,0.0
1690209705685743521,682836,0.42058196849074836,0.07789493946043403,0.0
1690209705685939127,682836,0.42058860417017047,0.07792916020790606,0.0
1690209705686067483,682836,0.4206288499736536,0.07786782974062749,0.0
1690209705686284269,682836,0.4207285360686095,0.07777436957576128,0.0
1690209705686466233,682836,0.4207435884677447,0.07776176173501814,0.0
1690209705687061745,682836,0.42084311351144693,0.07768336042053858,0.0
1690209705687178743,682836,0.42087720129740835,0.07761463685437484,0.0
1690209705687317009,682836,0.420832119552817,0.07762759614951073,0.0
1690209705692793412,682837,0.42089942645455525,0.07757497375917355,0.0
1690209705693448195,682837,0.4208636303168813,0.07752481155256839,0.0
1690209705693613245,682837,0.42086325638374134,0.07749150230431376,0.0
1690209705694200284,682837,0.42093368590948016,0.07740785437495902,0.0
1690209705694459971,682837,0.4209851609745078,0.07730724480673117,0.0
1690209705694478256,682837,0.42102809444615663,0.07726795794944137,0.0
1690209705694496466,682837,0.4210531049289211,0.07726511633532292,0.0
1690209705694509341,682837,0.42111806975188537,0.0772491581523892,0.0
1690209705694600878,682837,0.42112146405645867,0.07726918546868335,0.0
1690209705694666250,682837,0.42111292137042333,0.07733366043630933,0.0
1690209705702101703,682838,0.42112300033009853,0.07739141802454215,0.0
1690209705703064420,682838,0.42103081333397463,0.07748932957843856,0.0
1690209705703663710,682838,0.42086301321791925,0.07768978023989061,0.0
1690209705703679569,682838,0.4207563242204657,0.07780496200901346,0.0
1690209705703941795,682838,0.42067804950470045,0.07785907193921192,0.0
1690209705703956845,682838,0.4205683775392698,0.0779660828447875,0.0
1690209705703973138,682838,0.42053148075907304,0.07797717568824014,0.0
1690209705703990972,682838,0.420523060469166,0.07795285630472196,0.0
1690209705704023447,682838,0.42051499009710813,0.07796826149158359,0.0
1690209705704034675,682838,0.42050035364811433,0.07798675280429068,0.0
1690209705709928759,682839,0.42059729847983296,0.07790007925953951,0.0
1690209705710555027,682839,0.42061801317288633,0.07786602360336417,0.0
1690209705711325366,682839,0.420566289334586,0.07791289904191917,0.0
1690209705711433103,682839,0.42065183259131195,0.07780830924995258,0.0
1690209705711756350,682839,0.42065683124435016,0.0777251554756061,0.0
1690209705711774898,682839,0.42057545440973654,0.07776307838877153,0.0
1690209705711784931,682839,0.4206285624452553,0.07769018789514481,0.0
1690209705711800823,682839,0.4206463770073424,0.07761594721225665,0.0
1690209705711817194,682839,0.4206297627939182,0.07763199995085904,0.0
1690209705711830211,682839,0.4206487734742395,0.07761887149185087,0.0
1690209705718279553,682840,0.42072433661603925,0.07753339634257642,0.0
1690209705719287465,682840,0.4207364362999474,0.07753556608680118,0.0
1690209705719953796,682840,0.42061924950689317,0.07769105292318702,0.0
1690209705720124074,682840,0.4205956160286306,0.0777642640286475,0.0
1690209705720559144,682840,0.4205132341243284,0.07781400449417558,0.0
1690209705720577558,682840,0.4203759418995954,0.07794011179826316,0.0
1690209705720588383,682840,0.4203842310624688,0.07795684749251232,0.0
1690209705720593681,682840,0.42033878657519425,0.07795390483057367,0.0
1690209705720636575,682840,0.4203202317757388,0.0779672734207189,0.0
1690209705720655562,682840,0.4203686677267508,0.07793521938572939,0.0
1690209705726024595,682841,0.42042277733675526,0.07786149903936035,0.0
1690209705726748661,682841,0.42049322938820244,0.07779885869004642,0.0
1690209705727234728,682841,0.4205589313761682,0.07773507011395185,0.0
1690209705727331633,682841,0.4206136263701893,0.07763521139897032,0.0
1690209705727453201,682841,0.420627959694027,0.07758948436822263,0.0
1690209705727753585,682841,0.42062575618710313,0.07754124282183315,0.0
1690209705727765424,682841,0.42067143870788826,0.0774870558677554,0.0
1690209705727778599,682841,0.42068018242009725,0.0774121007423826,0.0
1690209705727785910,682841,0.42066330561447385,0.07739144765012591,0.0
1690209705727795500,682841,0.42078776987121924,0.07723881686650366,0.0
1690209705735489582,682842,0.42084344683006625,0.07715509494437761,0.0
1690209705736858347,682842,0.42087728695814164,0.07714728981404487,0.0
1690209705736995525,682842,0.4209412892277223,0.07713811632711175,0.0
1690209705737527899,682842,0.42100732506666844,0.07713546126695713,0.0
1690209705737549556,682842,0.4209772021421006,0.07720479850001814,0.0
1690209705737577414,682842,0.42097303362742433,0.07727431395226451,0.0
1690209705737603067,682842,0.42096719297730256,0.07734427866046845,0.0
1690209705737614320,682842,0.420868285098241,0.07745634448981013,0.0
1690209705737629241,682842,0.4207169947651308,0.07763504840671501,0.0
1690209705737657764,682842,0.4207102155408279,0.0776410622094897,0.0
1690209705744492481,682843,0.42064763019202633,0.07765743374937922,0.0
1690209705744899016,682843,0.42053798829547956,0.07775600660682766,0.0
1690209705745178138,682843,0.42059511447066134,0.07772213250772629,0.0
1690209705745901644,682843,0.4206070436670533,0.07766959515937795,0.0
1690209705746081574,682843,0.42057266439424573,0.07772377590080277,0.0
1690209705746402145,682843,0.42062761071326393,0.07772489303302899,0.0
1690209705746420382,682843,0.42064112576759344,0.07766792651852295,0.0
1690209705746429949,682843,0.4206570433084159,0.07765156805435662,0.0
1690209705746445969,682843,0.42058284448614774,0.07771599040080106,0.0
1690209705746458170,682843,0.42066385735582085,0.07761366554916585,0.0
1690209705753478044,682844,0.4206887590696414,0.07751930790288042,0.0
1690209705753869402,682844,0.42063532523251385,0.07755825839428024,0.0
1690209705754124650,682844,0.4207364409370906,0.0774921411046242,0.0
1690209705755356209,682844,0.42075668795223986,0.07741021426384732,0.0
1690209705755739995,682844,0.42076861095198625,0.07742079887569314,0.0
1690209705755865945,682844,0.42081175392144765,0.0774362922006614,0.0
1690209705755876421,682844,0.42079041639498904,0.07743752310238232,0.0
1690209705755888695,682844,0.420736219674917,0.07752579339238187,0.0
1690209705755898357,682844,0.420595456575625,0.07768271957801111,0.0
1690209705755913664,682844,0.42052999117196027,0.07776797200867376,0.0
1690209705760378702,682845,0.4204318768875853,0.07784080476005381,0.0
1690209705761436483,682845,0.42028629873697054,0.07794938110400175,0.0
1690209705761563514,682845,0.4202842249418878,0.07795088663482926,0.0
1690209705761855080,682845,0.42026539537316476,0.07793312427927143,0.0
1690209705761872771,682845,0.42026381234737564,0.07794723408996308,0.0
1690209705761886319,682845,0.4203370476010007,0.07788727961235448,0.0
1690209705761891857,682845,0.42040743102977207,0.07779878678396746,0.0
1690209705761938335,682845,0.4204449125795446,0.07777972670436624,0.0
1690209705761946831,682845,0.4205098389168369,0.07771710699696126,0.0
1690209705761955950,682845,0.4205910392320943,0.0776340393290893,0.0
1690209705769121056,682846,0.42058647380102065,0.07761618009917409,0.0
1690209705769207024,682846,0.42059403360903824,0.07758461332016671,0.0
1690209705769320958,682846,0.42062628774563254,0.07752220969160657,0.0
1690209705769534990,682846,0.42061316832566187,0.07748462153404759,0.0
1690209705769693289,682846,0.4206099112753628,0.07748808136849801,0.0
1690209705769973203,682846,0.42066220047935177,0.07741223750458502,0.0
1690209705769987095,682846,0.4207392937810488,0.07732357455118295,0.0
1690209705769993648,682846,0.42076988307729535,0.07728962961101528,0.0
1690209705769997269,682846,0.4208298970400521,0.07729595853351809,0.0
1690209705770059999,682846,0.42088867742480285,0.07731206149657009,0.0
1690209705778156825,682847,0.42085191419942913,0.07734268873178299,0.0
1690209705779580069,682847,0.4208378910282634,0.07741120594063697,0.0
1690209705780058478,682847,0.4208741826901332,0.07741633848633651,0.0
1690209705780071265,682847,0.42075955759597805,0.07751516376632858,0.0
1690209705780527864,682847,0.42070153213172384,0.07759525941585439,0.0
1690209705780559661,682847,0.42059508810572593,0.07768841663354685,0.0
1690209705780576954,682847,0.42064726422364496,0.07763796818479325,0.0
1690209705780586891,682847,0.42061039207059076,0.07763684961360383,0.0
1690209705780596530,682847,0.4205921520601567,0.07767846307527375,0.0
1690209705780618217,682847,0.4206441115071614,0.0776054736007119,0.0
1690209705786035627,682848,0.42060904513223074,0.07760681588557583,0.0
1690209705786883203,682848,0.4206541431199611,0.07761273668918185,0.0
1690209705787161286,682848,0.4206442614313326,0.07762224222780939,0.0
1690209705787241501,682848,0.4206408494631521,0.07759785424487449,0.0
1690209705787506040,682848,0.4205404107669716,0.07769610169314436,0.0
1690209705787521298,682848,0.4205939828381275,0.07763986172440376,0.0
1690209705787536138,682848,0.42060422505876105,0.07754382711089644,0.0
1690209705787546020,682848,0.42053522094043605,0.07759884052239953,0.0
1690209705787582935,682848,0.42056526333230543,0.07753087203254616,0.0
1690209705787588390,682848,0.4205729411616062,0.0774692988891368,0.0
1690209705792884784,682849,0.42058364680983773,0.07744857179721594,0.0
1690209705793301070,682849,0.4205866917334242,0.07746388670605725,0.0
1690209705793545787,682849,0.4206782588908634,0.07735581658001454,0.0
1690209705794477759,682849,0.4205989016801438,0.07744534628805988,0.0
1690209705794498525,682849,0.4204673220876014,0.07762549212090139,0.0
1690209705794761541,682849,0.42043050710888463,0.07766186092101642,0.0
1690209705794778884,682849,0.4203126626760803,0.0777435846490454,0.0
1690209705794785679,682849,0.4201860160716534,0.07784909888180307,0.0
1690209705794825812,682849,0.4202050660662112,0.07781977052898616,0.0
1690209705794834085,682849,0.42019552465680665,0.0777840038042441,0.0
1690209705802153049,682850,0.4201851225959298,0.07780834176386268,0.0
1690209705803650249,682850,0.4202724103302065,0.07774400632584329,0.0
1690209705803781835,682850,0.42033267554412795,0.07766221450388085,0.0
1690209705804284888,682850,0.4202758429350405,0.07773569323913103,0.0
1690209705804305900,682850,0.42035752240799157,0.0776551653972911,0.0
1690209705804314814,682850,0.4203873629899297,0.07756137162158677,0.0
1690209705804356143,682850,0.4203035227885901,0.07761072911981151,0.0
1690209705804373878,682850,0.4203261660063802,0.07754591567424647,0.0
1690209705804385792,682850,0.4203333170827284,0.07747999375629795,0.0
1690209705804404328,682850,0.420359377920256,0.07742303709623924,0.0
1690209705810540935,682851,0.42036093486222353,0.07745467164898422,0.0
1690209705810859805,682851,0.4205134236120679,0.0772750265877945,0.0
1690209705811674720,682851,0.42047362427685964,0.07731481876095889,0.0
1690209705811783845,682851,0.4204522293081382,0.07740915958409127,0.0
1690209705812109030,682851,0.4204880660919523,0.07736963012757746,0.0
1690209705812120511,682851,0.420399543068926,0.07745880132633275,0.0
1690209705812127254,682851,0.4202933566412792,0.07753548000871954,0.0
1690209705812149947,682851,0.42028646962031874,0.07752769474770897,0.0
1690209705812167425,682851,0.42023800876804945,0.0775061136745465,0.0
1690209705812175476,682851,0.420193861514987,0.07755544669263476,0.0
1690209705818222607,682852,0.4202579907444917,0.0775159287654952,0.0
1690209705819542165,682852,0.4203296693278096,0.07741476656517983,0.0
1690209705819689908,682852,0.4203464277211375,0.0774278459561635,0.0
1690209705820080526,682852,0.42042688207751966,0.0773520116795845,0.0
1690209705820099355,682852,0.42053769181692036,0.07726537969135275,0.0
1690209705820114507,682852,0.42051189094065056,0.07725877294346276,0.0
1690209705820128327,682852,0.42049559955360816,0.07726590270711349,0.0
1690209705820144835,682852,0.4205113532914873,0.07720919108519683,0.0
1690209705820174304,682852,0.42050460923427935,0.07716288820989321,0.0
1690209705820193042,682852,0.4204910078236007,0.07716042374427289,0.0
1690209705826472131,682853,0.4205883466504985,0.07703118146942182,0.0
1690209705827027808,682853,0.4206304561571332,0.07697819140676003,0.0
1690209705827286605,682853,0.42067274908314456,0.0769736245550379,0.0
1690209705828124075,682853,0.4207383896056796,0.07694531598972024,0.0
1690209705828247950,682853,0.4207577086111757,0.0769923867056401,0.0
1690209705828589687,682853,0.42069902832619177,0.07703591811746562,0.0
1690209705828604126,682853,0.42067126333510935,0.0770764880771411,0.0
1690209705828623135,682853,0.4207063311751911,0.07704972441122168,0.0
1690209705828631364,682853,0.42059416337309896,0.07714784176313241,0.0
1690209705828654440,682853,0.4206421179817007,0.07713661494938566,0.0
1690209705835029900,682854,0.4206247183188748,0.07712858983995217,0.0
1690209705835788991,682854,0.4206626457427162,0.07713358267833977,0.0
1690209705836225568,682854,0.42069963200001587,0.07707629538100358,0.0
1690209705836358619,682854,0.42073133660700995,0.07710880267985444,0.0
1690209705836716386,682854,0.4207806111207716,0.07705325809140015,0.0
1690209705836734030,682854,0.420753621556569,0.07708382737468619,0.0
1690209705836748641,682854,0.42080373591535913,0.07707092348843764,0.0
1690209705836760246,682854,0.4207851536733936,0.07708324650265341,0.0
1690209705836776892,682854,0.42075351913198616,0.07710299923528971,0.0
1690209705836810690,682854,0.4206756696999705,0.07713878036581284,0.0
1690209705845405003,682855,0.42071716017274974,0.07708184906875587,0.0
1690209705846054734,682855,0.42070680386692183,0.07701585645671326,0.0
1690209705846208448,682855,0.4206859128905937,0.07708664433701917,0.0
1690209705846718247,682855,0.4207354790921013,0.07704285655082074,0.0
1690209705846733768,682855,0.4207122453721827,0.07705175986483988,0.0
1690209705846752297,682855,0.4207368494816227,0.0770760800939262,0.0
1690209705846764096,682855,0.4207492445532107,0.07708673315181151,0.0
1690209705846778578,682855,0.42080141016403616,0.0770397407063693,0.0
1690209705846788456,682855,0.42070854327828355,0.07716176732321842,0.0
1690209705846801090,682855,0.42075439069239146,0.07716488925856003,0.0
1690209705851848950,682856,0.420827111851629,0.07706694978363733,0.0
1690209705852825991,682856,0.4207333155158637,0.0771238322724712,0.0
1690209705852993362,682856,0.4207107228946762,0.07719745776039127,0.0
1690209705853100896,682856,0.42072715973917435,0.07713853269228982,0.0
1690209705853216893,682856,0.42069223539456235,0.07711805855465942,0.0
1690209705853511531,682856,0.4207034589863097,0.07716832659900602,0.0
1690209705853529244,682856,0.4206925462210838,0.07716183580169528,0.0
1690209705853537068,682856,0.42076951174157984,0.07706517639725287,0.0
1690209705853553182,682856,0.42065734708537417,0.07717600605832671,0.0
1690209705853564744,682856,0.42069688716124354,0.07715406815356392,0.0
1690209705860915534,682857,0.4207638425135662,0.07705927595730772,0.0
1690209705861860072,682857,0.4206390963742884,0.07720231882121563,0.0
1690209705861985405,682857,0.4206530842109309,0.07718638386864793,0.0
1690209705862439638,682857,0.4206773342431056,0.07715490514193966,0.0
1690209705862456114,682857,0.42070319675244633,0.07712808002250575,0.0
1690209705862477281,682857,0.4206695123286469,0.07721629709718064,0.0
1690209705862489489,682857,0.4207717555461482,0.07712250736194737,0.0
1690209705862499239,682857,0.42064177251932977,0.07722062729703988,0.0
1690209705862513643,682857,0.4206687751207131,0.07726158304622291,0.0
1690209705862538648,682857,0.42073133975638277,0.07716768615297634,0.0
1690209705868057116,682858,0.42071678415654634,0.0772519424577339,0.0
1690209705868652958,682858,0.42067365042247007,0.07728231904438082,0.0
1690209705869395056,682858,0.4206484049311651,0.07726750976237047,0.0
1690209705869560903,682858,0.42069139659757215,0.07723543702745664,0.0
1690209705869833709,682858,0.4205781138653365,0.07734842145844023,0.0
1690209705869851164,682858,0.42063327068925604,0.07731684537370972,0.0
1690209705869879284,682858,0.42057716725386074,0.07730920489750491,0.0
1690209705869889914,682858,0.4205395447919039,0.07736125032396927,0.0
1690209705869927035,682858,0.4205811924915768,0.07728987625203156,0.0
1690209705869935665,682858,0.42066099911525356,0.07726604985986228,0.0
1690209705876777464,682859,0.4206532707398401,0.07727019145382646,0.0
1690209705877699951,682859,0.420659769378895,0.07727095081174894,0.0
1690209705878230717,682859,0.4207019658338835,0.07722473289689342,0.0
1690209705878420753,682859,0.42068083716603155,0.0772400169404608,0.0
1690209705878432132,682859,0.42067877964060313,0.07726241468503436,0.0
1690209705878804690,682859,0.42063584425878936,0.07726413240619766,0.0
1690209705878834567,682859,0.4206831801336899,0.07720912363255959,0.0
1690209705878853807,682859,0.42067324956409013,0.07717551981467106,0.0
1690209705878868125,682859,0.42068950217196743,0.07719485578856751,0.0
1690209705878873802,682859,0.4207274355404653,0.077196895232159,0.0
1690209705885885066,682860,0.4206691015058309,0.07720864487053221,0.0
1690209705886017017,682860,0.4206823817253964,0.07723870858631178,0.0
1690209705886152709,682860,0.42072373123968887,0.077212295725762,0.0
1690209705886386960,682860,0.42067029068255213,0.07724700068827503,0.0
1690209705886495281,682860,0.42066994825093995,0.07724508690813423,0.0
1690209705886641888,682860,0.4205708144174727,0.07732410996084278,0.0
1690209705886872947,682860,0.42066031364138334,0.07724862552744192,0.0
1690209705886882592,682860,0.42066781126108144,0.07718763090719402,0.0
1690209705886889377,682860,0.4206541272412884,0.07726468426216516,0.0
1690209705886898376,682860,0.42071979809228216,0.07718453298265003,0.0
1690209705893605006,682861,0.42068309279998317,0.07716713262280896,0.0
1690209705893952990,682861,0.42075893604754805,0.0771355820705998,0.0
1690209705894118113,682861,0.4207206989271818,0.07718277353673103,0.0
1690209705894237149,682861,0.4207669828428889,0.07711349201923491,0.0
1690209705894949441,682861,0.4206966028152501,0.07716086139267457,0.0
1690209705895130343,682861,0.4207772425099785,0.07711231188337539,0.0
1690209705895396087,682861,0.42080690664073417,0.0770537756809305,0.0
1690209705895411157,682861,0.42079531773697093,0.07714754184845593,0.0
1690209705895418710,682861,0.42081519155898117,0.07712575286538417,0.0
1690209705895425177,682861,0.4207826321643289,0.07712411381081392,0.0
1690209705902093659,682862,0.4208227104136103,0.07710903349951674,0.0
1690209705903705197,682862,0.4207997715835444,0.07714630947268836,0.0
1690209705903717257,682862,0.4208956931418487,0.07703966644824925,0.0
1690209705903923485,682862,0.4208254963166258,0.07709079704236463,0.0
1690209705904157087,682862,0.42080146004336116,0.07714328900093696,0.0
1690209705904171395,682862,0.4209903388550873,0.07692641793386443,0.0
1690209705904196955,682862,0.42096092979008737,0.07698147129617827,0.0
1690209705904210807,682862,0.4209477938519095,0.07705353381383317,0.0
1690209705904226105,682862,0.4209933421524867,0.07697746424237793,0.0
1690209705904233209,682862,0.4210034798850495,0.07695704888461688,0.0
1690209705911491416,682863,0.42096495364333947,0.0770512807248018,0.0
1690209705912753741,682863,0.42090773391004566,0.0770960087364501,0.0
1690209705912957381,682863,0.4209317729565154,0.07703183581116779,0.0
1690209705913275732,682863,0.42080814032138303,0.07715518748713841,0.0
1690209705913284652,682863,0.42082691540446526,0.07713565603536607,0.0
1690209705913292335,682863,0.42091370174998244,0.07706508119502221,0.0
1690209705913313452,682863,0.420835986899114,0.07717412577251928,0.0
1690209705913334839,682863,0.4208537683453644,0.07717946199383213,0.0
1690209705913347789,682863,0.420865852366459,0.07717106691731608,0.0
1690209705913394196,682863,0.4208636380916583,0.07720463611900265,0.0
1690209705918617557,682864,0.42081443354569936,0.07730416438932629,0.0
1690209705919820400,682864,0.4207870317903833,0.07731946146393066,0.0
1690209705919921272,682864,0.42065236593309857,0.07742918756305563,0.0
1690209705920168434,682864,0.42063960717907733,0.07739327767310616,0.0
1690209705920180377,682864,0.4206209895549615,0.07735749848521015,0.0
1690209705920194377,682864,0.42056534829480235,0.07742959403067579,0.0
1690209705920201134,682864,0.4205154659987156,0.07738893786258692,0.0
1690209705920209249,682864,0.42051790854052806,0.07733163268207105,0.0
1690209705920221147,682864,0.4205581635279211,0.07730280005736377,0.0
1690209705920248613,682864,0.42060722508911264,0.0772605004567258,0.0
1690209705928398335,682865,0.42067031157925794,0.07718951585712147,0.0
1690209705928873874,682865,0.4205789890844913,0.07727975938895279,0.0
1690209705930115942,682865,0.4205729084543677,0.07730875173548869,0.0
1690209705930324291,682865,0.4206233308397626,0.07723164725968154,0.0
1690209705930770673,682865,0.42054117822941606,0.0773262863617532,0.0
1690209705930790506,682865,0.4204665424605914,0.07739407258954306,0.0
1690209705930809607,682865,0.4204500012208624,0.07735786984330671,0.0
1690209705930825571,682865,0.42049074975002754,0.07732628123016129,0.0
1690209705930840639,682865,0.42045192338942616,0.07739297528086472,0.0
1690209705930862713,682865,0.42047860765854905,0.07739158647992073,0.0
1690209705936766593,682866,0.42044132981386295,0.07742615714377893,0.0
1690209705936886339,682866,0.42040998659181916,0.07749539135732289,0.0
1690209705937234986,682866,0.4204788182580062,0.07746545570360532,0.0
1690209705937251434,682866,0.42039203267615444,0.07758536363737364,0.0
1690209705937261437,682866,0.42029237600576486,0.07769935991475767,0.0
1690209705937267020,682866,0.42022039575866293,0.0777114551582503,0.0
1690209705937288119,682866,0.4202575020048458,0.0776713485763024,0.0
1690209705937297423,682866,0.4202474950448385,0.07768247727263378,0.0
1690209705937304495,682866,0.4202163443353637,0.07767129882100378,0.0
1690209705937311290,682866,0.42031536992647023,0.07754546924468562,0.0
1690209705945017553,682867,0.42035412734741495,0.07744141572986268,0.0
1690209705946391827,682867,0.4205164172594112,0.0772988571279125,0.0
1690209705946585159,682867,0.420634168454995,0.0772155693740374,0.0
1690209705947045733,682867,0.4206787554303636,0.07718246798794681,0.0
1690209705947068934,682867,0.42070461126673653,0.07714839317719614,0.0
1690209705947098472,682867,0.42075176490413385,0.07711679145391465,0.0
1690209705947135759,682867,0.42072839993308353,0.07715112601367712,0.0
1690209705947147720,682867,0.42067358337257515,0.0772019932393747,0.0
1690209705947168404,682867,0.42050164689498987,0.07733014166777419,0.0
1690209705947190426,682867,0.4204242939068938,0.07738932770171096,0.0
1690209705952294346,682868,0.42042969689079396,0.07736399521199006,0.0
1690209705953180212,682868,0.4204078664943741,0.07742649867480293,0.0
1690209705953287641,682868,0.4203915896842896,0.0775066304884133,0.0
1690209705953662453,682868,0.4203623125822894,0.07752426611926118,0.0
1690209705953678282,682868,0.4203915979743912,0.07754894871542531,0.0
1690209705953685981,682868,0.420387497989592,0.07761083435661945,0.0
1690209705953707463,682868,0.4203935429802881,0.07764321094235924,0.0
1690209705953740872,682868,0.42030146951530223,0.0777162315526345,0.0
1690209705953754610,682868,0.420269272126765,0.07775715597229449,0.0
1690209705953762456,682868,0.4202947388843834,0.07767682544057379,0.0
1690209705959619824,682869,0.4204033132390948,0.07754804267721103,0.0
1690209705960171304,682869,0.4204127082835533,0.07751177278509926,0.0
1690209705960309843,682869,0.42046015369812184,0.07745046340825375,0.0
1690209705960679298,682869,0.4205558029839746,0.07728424017129049,0.0
1690209705960843035,682869,0.4205773522164872,0.07723467245416543,0.0
1690209705961019499,682869,0.4207537708717665,0.07708390246504174,0.0
1690209705961284975,682869,0.42071937294036726,0.07707574031367981,0.0
1690209705961297566,682869,0.42067909785803753,0.07713082565580291,0.0
1690209705961307354,682869,0.4207468991832206,0.0770499342806706,0.0
1690209705961320843,682869,0.42079131004496595,0.07702910838102127,0.0
1690209705969134233,682870,0.4207336829100564,0.07712897486808848,0.0
1690209705969403224,682870,0.4207208762526072,0.07720066676229184,0.0
1690209705970339465,682870,0.42067388846668596,0.07720919295291612,0.0
1690209705970491012,682870,0.4206339647568125,0.0772777761336018,0.0
1690209705970910988,682870,0.42062027221669546,0.07734910868850757,0.0
1690209705970922653,682870,0.4206748784553708,0.07728432289316457,0.0
1690209705970934420,682870,0.4205884123296098,0.0773558752491267,0.0
1690209705970942657,682870,0.4206272096649488,0.07735663364365632,0.0
1690209705970959150,682870,0.4207536635297796,0.07724407594792052,0.0
1690209705970972145,682870,0.42086449259960346,0.07714604156855925,0.0
1690209705976875734,682871,0.4208694337960172,0.07714339258002527,0.0
1690209705977541392,682871,0.42091407249905305,0.07710505328831012,0.0
1690209705977718528,682871,0.42096585906188777,0.07699410213574379,0.0
1690209705977922401,682871,0.42096251693403924,0.07698601703610113,0.0
1690209705978023257,682871,0.42105188817924055,0.07689033586566746,0.0
1690209705978470287,682871,0.42104082482723937,0.07685010474445915,0.0
1690209705978483557,682871,0.4210759208771735,0.07676521526076704,0.0
1690209705978500782,682871,0.42113238944401965,0.07667553472540428,0.0
1690209705978509472,682871,0.42124530460174264,0.07663098804280842,0.0
1690209705978567632,682871,0.42122927117793896,0.07663665763988355,0.0
1690209705984484973,682872,0.4211962826490544,0.07672602595405913,0.0
1690209705986343976,682872,0.42120615044846005,0.07676138299518279,0.0
1690209705986390229,682872,0.4210977097646166,0.07685251055302501,0.0
1690209705986395143,682872,0.4210878204722397,0.07692095401557693,0.0
1690209705986423902,682872,0.42096702852079115,0.07700716828570289,0.0
1690209705986436488,682872,0.42085629865188,0.07711386556046197,0.0
1690209705986446336,682872,0.4208253436092605,0.07713738225319422,0.0
1690209705986454668,682872,0.4208384511552025,0.07713265868834097,0.0
1690209705986471740,682872,0.42098210967679306,0.07700762823379458,0.0
1690209705986481854,682872,0.42100156488852347,0.07696652483746473,0.0
1690209705993349938,682873,0.42107377137239466,0.07695117706325748,0.0
1690209705994176773,682873,0.42114288472878486,0.07686753110768071,0.0
1690209705994410067,682873,0.4211306729919095,0.07686097230283788,0.0
1690209705994743921,682873,0.42111401896690487,0.07688389262489473,0.0
1690209705994749208,682873,0.42111083984056286,0.07687507428454976,0.0
1690209705994810871,682873,0.42110956081397,0.07677308467514465,0.0
1690209705994933412,682873,0.4210614516081524,0.07677235741842939,0.0
1690209705995204391,682873,0.42112402228114865,0.07669577427302479,0.0
1690209705995222560,682873,0.42108997431476436,0.07668481387903775,0.0
1690209705995234211,682873,0.4211279148677282,0.07667801232634568,0.0
1690209706002759881,682874,0.4211240565056811,0.07668101662825191,0.0
1690209706003101946,682874,0.42118454065570665,0.07659984722460171,0.0
1690209706003741080,682874,0.4212011013004966,0.07661585169280336,0.0
1690209706003927744,682874,0.4211292410341025,0.07673946013373072,0.0
1690209706004491692,682874,0.4211647492389151,0.07669981160762188,0.0
1690209706004595607,682874,0.42113718651504295,0.07675708287277373,0.0
1690209706004837156,682874,0.42111248314904015,0.07681958491425102,0.0
1690209706004857683,682874,0.4212345980941281,0.07668539719334515,0.0
1690209706004881350,682874,0.4211895549968616,0.07667967944481856,0.0
1690209706004903706,682874,0.42120767228131634,0.07672631398334676,0.0
1690209706010473905,682875,0.4212436434247936,0.0766784295303005,0.0
1690209706011005461,682875,0.42129164564378435,0.07661067489432796,0.0
1690209706011373455,682875,0.4212606710992387,0.07668579755959863,0.0
1690209706011410563,682875,0.42122083899211116,0.07672980178200303,0.0
1690209706011644696,682875,0.42130416088686096,0.07662683648329405,0.0
1690209706011653361,682875,0.42123593382027436,0.07669435561588618,0.0
1690209706011667774,682875,0.42127757719563214,0.07667910868199584,0.0
1690209706011675104,682875,0.4212830598258095,0.07664714100265317,0.0
1690209706011679655,682875,0.4212728627083328,0.07666657818334045,0.0
1690209706011695465,682875,0.4212943558334731,0.07667985392823659,0.0
1690209706017810289,682876,0.4213129751580694,0.07666001466187555,0.0
1690209706018044285,682876,0.42131181474902046,0.07666043891417496,0.0
1690209706018571700,682876,0.4213225579466489,0.07668210161040273,0.0
1690209706018726320,682876,0.4213550637127631,0.076646301111323,0.0
1690209706019024341,682876,0.4212866612263636,0.07678382374444435,0.0
1690209706019114663,682876,0.42127827465507733,0.07681645574924625,0.0
1690209706019266416,682876,0.4212766863259439,0.07679236129246768,0.0
1690209706019277883,682876,0.4212310149526881,0.07687060665340445,0.0
1690209706019294040,682876,0.4211433491218047,0.07692708288008018,0.0
1690209706019299469,682876,0.42114295415492814,0.07691060019298489,0.0
1690209706027507305,682877,0.4210395506068474,0.07699490826514092,0.0
1690209706028068097,682877,0.42098498381279637,0.07707960137859243,0.0
1690209706028135699,682877,0.421012350993183,0.07698527433031822,0.0
1690209706028322744,682877,0.4210050704484418,0.07700978453673166,0.0
1690209706028328224,682877,0.420962182573937,0.07708490354696633,0.0
1690209706028330941,682877,0.42098086255174355,0.07703058490145206,0.0
1690209706028346697,682877,0.4210015819945548,0.07700710340577238,0.0
1690209706028373682,682877,0.42090184837052413,0.07711107020986122,0.0
1690209706028379917,682877,0.4209568429363163,0.07706021553939782,0.0
1690209706028385634,682877,0.420914077307827,0.07707617519768806,0.0
1690209706036186092,682878,0.42092954752399947,0.077080976485677,0.0
1690209706036753979,682878,0.42092994157423336,0.07703709506434951,0.0
1690209706036929079,682878,0.4209081070466961,0.07703475602525382,0.0
1690209706036936536,682878,0.4208878306643249,0.07703876838852315,0.0
1690209706037105855,682878,0.42087050289462397,0.07704839080402386,0.0
1690209706037115364,682878,0.4208863266677455,0.07703969205807351,0.0
1690209706037121006,682878,0.4208430456871058,0.07708648666168323,0.0
1690209706037151818,682878,0.42088774750509034,0.07698067580555305,0.0
1690209706037157203,682878,0.42089060750467844,0.07696197358067354,0.0
1690209706037169574,682878,0.4208686655474272,0.0769983129600009,0.0
1690209706043427449,682879,0.4209307977208724,0.0769208140546887,0.0
1690209706043869770,682879,0.4210239683932993,0.07684931273175033,0.0
1690209706044002604,682879,0.421011640645063,0.07685880966069909,0.0
1690209706044134051,682879,0.4210899847956131,0.07680042959810317,0.0
1690209706044254783,682879,0.42113572973331104,0.07669960056690882,0.0
1690209706044261602,682879,0.4211240933674033,0.07674137372115296,0.0
1690209706044320667,682879,0.4210571017420147,0.07678190101184361,0.0
1690209706044327886,682879,0.42112659813125375,0.07668462166743768,0.0
1690209706044344922,682879,0.421089549260749,0.07670864079528229,0.0
1690209706044353950,682879,0.4210719335935581,0.07674617624880843,0.0
1690209706052662091,682880,0.4211456847941264,0.07669569442129351,0.0
1690209706052848293,682880,0.421098958160096,0.07672605432699811,0.0
1690209706052920567,682880,0.4210803043376061,0.07679841176442972,0.0
1690209706053004886,682880,0.4210905750772823,0.0768111827473246,0.0
1690209706053167775,682880,0.42106751372939694,0.07681701674440924,0.0
1690209706053177811,682880,0.4210148121612224,0.07689964907896912,0.0
1690209706053188423,682880,0.4209425049218511,0.07689437161715454,0.0
1690209706053295029,682880,0.4209598626165473,0.07682562430477133,0.0
1690209706053348205,682880,0.42100264457949116,0.07672929731188431,0.0
1690209706053352782,682880,0.4210082948948818,0.07669213989684043,0.0
1690209706059064500,682881,0.4211535538432714,0.07654832631908413,0.0
1690209706059294809,682881,0.42118454528887994,0.07645342019063203,0.0
1690209706059473076,682881,0.4212501820850041,0.07641158113456323,0.0
1690209706059587835,682881,0.4213405143178175,0.07632013962478229,0.0
1690209706059911339,682881,0.42132358435059714,0.07633096862816564,0.0
1690209706060000582,682881,0.4212508218793637,0.07640007943902227,0.0
1690209706060101722,682881,0.42115019952602384,0.07647428300546037,0.0
1690209706060109378,682881,0.42113674549509683,0.07645893536849309,0.0
1690209706060125594,682881,0.4210755935534789,0.0764813492438353,0.0
1690209706060128372,682881,0.42098202670300644,0.07660484160919069,0.0
1690209706069923876,682882,0.42098484496114463,0.07659392823992352,0.0
1690209706071525363,682882,0.42096338096628333,0.07660672980413157,0.0
1690209706071680710,682882,0.42096380202238354,0.07667381173834953,0.0
1690209706072107954,682882,0.42093630478352145,0.07676590392486195,0.0
1690209706072125478,682882,0.4209001513117719,0.07682412960818856,0.0
1690209706072134759,682882,0.42081289555126594,0.0768443649387315,0.0
1690209706072144312,682882,0.4208126227968333,0.07686505458512065,0.0
1690209706072160265,682882,0.4208498602193511,0.07676941511620469,0.0
1690209706072201551,682882,0.4207985040828924,0.07679222253528781,0.0
1690209706072234965,682882,0.42088601162120887,0.07668977077517246,0.0
1690209706077828919,682883,0.4209072439390452,0.07661291128952982,0.0
1690209706079097964,682883,0.4210481894310471,0.07644625445557193,0.0
1690209706079289598,682883,0.421121675377473,0.07633274801632638,0.0
1690209706079591934,682883,0.4212657738226564,0.07619141778136178,0.0
1690209706079606771,682883,0.4212929474675436,0.07612068723920612,0.0
1690209706079634711,682883,0.42129640339373126,0.07614479093180646,0.0
1690209706079644130,682883,0.42140820828623754,0.07603879283590764,0.0
1690209706079657947,682883,0.42137439267571086,0.07607397567635732,0.0
1690209706079666069,682883,0.4213277758868838,0.07615865657391478,0.0
1690209706079674398,682883,0.42133524667320843,0.07612941579164091,0.0
1690209706086644980,682884,0.4213453907413396,0.07611792038001883,0.0
1690209706086812068,682884,0.4212774470424726,0.07622444738003722,0.0
1690209706087231338,682884,0.4212555829112911,0.0763221611090059,0.0
1690209706087382010,682884,0.4212586142574285,0.07632174671912217,0.0
1690209706087859878,682884,0.42115747569102907,0.07641443271547073,0.0
1690209706088012053,682884,0.42116777312722903,0.07646889788989636,0.0
1690209706088292296,682884,0.42125836882721224,0.07641305740244249,0.0
1690209706088303730,682884,0.42119820372066563,0.07646358588671913,0.0
1690209706088309954,682884,0.4212009486515044,0.07648619754181663,0.0
1690209706088315502,682884,0.42124452898799647,0.07641154824280129,0.0
1690209706094116259,682885,0.4213932189846915,0.0762531972299738,0.0
1690209706094552130,682885,0.42139947654893684,0.07622654764162946,0.0
1690209706094720546,682885,0.42144088688547376,0.07619675461116869,0.0
1690209706095062025,682885,0.4215130467979151,0.07605573152562421,0.0
1690209706095074790,682885,0.4215242486469845,0.07600194956545224,0.0
1690209706095092538,682885,0.42162320624923844,0.07592645125081778,0.0
1690209706095119844,682885,0.42166856679534237,0.07590377515966779,0.0
1690209706095131055,682885,0.42165493825854916,0.0758587437011554,0.0
1690209706095141001,682885,0.42160829722877496,0.07589552183454404,0.0
1690209706095165763,682885,0.42169044228599956,0.07583837682121086,0.0
1690209706102345872,682886,0.42166676385594554,0.07585120818010231,0.0
1690209706102664707,682886,0.42164713252092056,0.07594193577243147,0.0
1690209706103139164,682886,0.4215481906554569,0.07605737330056292,0.0
1690209706103616504,682886,0.42155067470768937,0.07610676686961806,0.0
1690209706103819617,682886,0.42153221261368334,0.07614794427808434,0.0
1690209706103978235,682886,0.4214597571283469,0.07628343552401325,0.0
1690209706104223638,682886,0.4214551898881196,0.07630471473720699,0.0
1690209706104242450,682886,0.4212911037484125,0.07642209507656438,0.0
1690209706104259906,682886,0.42130892078165527,0.07644071829102206,0.0
1690209706104308344,682886,0.4213444564970201,0.07639679808431046,0.0
1690209706110531645,682887,0.4213295708452777,0.07640359813651171,0.0
1690209706110894899,682887,0.42129745863013607,0.0764355214412199,0.0
1690209706111447940,682887,0.42134432752230844,0.07635421949406382,0.0
1690209706111703185,682887,0.4214203125813939,0.0762659294442545,0.0
1690209706112125523,682887,0.4214068385739259,0.07633172812331862,0.0
1690209706112215387,682887,0.4213556357670958,0.07633568088211205,0.0
1690209706112522833,682887,0.42139384439690314,0.07624285059315639,0.0
1690209706112541501,682887,0.4213637039987559,0.07620945418950971,0.0
1690209706112568125,682887,0.4214089558874723,0.07615571310650633,0.0
1690209706112577466,682887,0.42152919225236657,0.07601168260802221,0.0
1690209706118347196,682888,0.4214894111229616,0.07604300760779716,0.0
1690209706118986072,682888,0.4215554553066746,0.07603018696285695,0.0
1690209706119101019,682888,0.421654795186876,0.07596150917643785,0.0
1690209706119624222,682888,0.4216489974263884,0.07604048737618639,0.0
1690209706119776789,682888,0.4216163246004303,0.07614837850385857,0.0
1690209706120008316,682888,0.42160107637064786,0.07618505165028072,0.0
1690209706120018482,682888,0.4214783614599171,0.0763138266215389,0.0
1690209706120022518,682888,0.4213795904793831,0.07645085686148079,0.0
1690209706120057755,682888,0.4213913546609204,0.07641640742032518,0.0
1690209706120062571,682888,0.4213416589431617,0.07644194662747947,0.0
1690209706126872697,682889,0.42127632235925977,0.0765191022100133,0.0
1690209706127308300,682889,0.4213078001558744,0.07642723430008022,0.0
1690209706127467083,682889,0.4213373228203203,0.07641892309886372,0.0
1690209706127667388,682889,0.4213507459988346,0.07646402068926829,0.0
1690209706128003209,682889,0.421306266612795,0.07649407278040148,0.0
1690209706128197437,682889,0.4213340872686966,0.076444945462145,0.0
1690209706128368476,682889,0.4213084851666245,0.07649346660878652,0.0
1690209706128575013,682889,0.42134975362516935,0.07647676550110388,0.0
1690209706128586687,682889,0.4213212046246153,0.07648473518030537,0.0
1690209706128609753,682889,0.4212678990144296,0.0765440025613078,0.0
1690209706136343865,682890,0.4212844239600886,0.07645715150033697,0.0
1690209706136734572,682890,0.42132563373903564,0.0764308402324216,0.0
1690209706137034133,682890,0.4213647206648756,0.07643590235355097,0.0
1690209706137166902,682890,0.42131655245070243,0.07647551550321402,0.0
1690209706138055382,682890,0.4213384490360127,0.07645140695279391,0.0
1690209706138300237,682890,0.42122425439358585,0.07657353606039097,0.0
1690209706138542001,682890,0.4212758313506276,0.07655257986351234,0.0
1690209706138556880,682890,0.4212732097682488,0.07650444944239206,0.0
1690209706138567511,682890,0.4210540243063313,0.07673106789082516,0.0
1690209706138588838,682890,0.4210874300558995,0.07668881341173399,0.0
1690209706143709619,682891,0.4211026927854258,0.07660952522498647,0.0
1690209706143951753,682891,0.4210379882235898,0.07671576830592317,0.0
1690209706144078820,682891,0.42104831031234713,0.07674499944894118,0.0
1690209706144505372,682891,0.4210415650440411,0.07667609912979417,0.0
1690209706144971610,682891,0.4210805179992958,0.0766492306241934,0.0
1690209706145045349,682891,0.4210316244808694,0.0767350174964401,0.0
1690209706145275595,682891,0.4211124010327906,0.07663989315729422,0.0
1690209706145284987,682891,0.4210756844521857,0.07665983421206544,0.0
1690209706145296181,682891,0.4209940243510567,0.07675282986871597,0.0
1690209706145304297,682891,0.4211271813137025,0.0766060747031789,0.0
1690209706153980138,682892,0.4211473286112053,0.07659126936792943,0.0
1690209706154149150,682892,0.421116406935907,0.07662146251623007,0.0
1690209706154389835,682892,0.4211020049525965,0.07664941443361363,0.0
1690209706154720864,682892,0.4211204529083788,0.0765786328139446,0.0
1690209706154735415,682892,0.4210065216446478,0.076692392242791,0.0
1690209706154744817,682892,0.42110845286502874,0.07661002945128276,0.0
1690209706154762803,682892,0.4210534185909921,0.07661335935464693,0.0
1690209706154776496,682892,0.42101186415103997,0.07668962773498142,0.0
1690209706154786045,682892,0.42109033960126346,0.07658805772492415,0.0
1690209706154794102,682892,0.4211245627063026,0.0765503198518681,0.0
1690209706161783278,682893,0.4211295960913871,0.076568676794676,0.0
1690209706163127929,682893,0.4211066221173123,0.07659924186287077,0.0
1690209706163329644,682893,0.42117636172894496,0.07651783080474774,0.0
1690209706163341251,682893,0.42113866433071034,0.07654612403210385,0.0
1690209706163617692,682893,0.4210703941782533,0.07665232053991412,0.0
1690209706163634429,682893,0.42115821056409836,0.07654396396106908,0.0
1690209706163644830,682893,0.4211023560557141,0.07659595190514364,0.0
1690209706163650824,682893,0.4210070758480126,0.07666914081149545,0.0
1690209706163666365,682893,0.42111188485550977,0.07657717077270826,0.0
1690209706163679375,682893,0.4210897862171187,0.07657598738946178,0.0
1690209706171316411,682894,0.4210474322882254,0.07666035584747491,0.0
1690209706171720611,682894,0.4210421929327651,0.07667587284876388,0.0
1690209706171988329,682894,0.42106521794049667,0.07664107175566837,0.0
1690209706172141036,682894,0.4210282138860213,0.07671001055635494,0.0
1690209706172814780,682894,0.4209640117002224,0.07677803969352089,0.0
1690209706172921426,682894,0.42093506722662216,0.07681347331530297,0.0
1690209706173232974,682894,0.42085902441264056,0.07681722258919346,0.0
1690209706173245237,682894,0.4207956085528368,0.076803888737116,0.0
1690209706173268811,682894,0.42081381547900676,0.07677350162364369,0.0
1690209706173274989,682894,0.42081135007944825,0.07671351232191843,0.0
1690209706177855814,682895,0.42077194958334474,0.07669301866529943,0.0
1690209706178333373,682895,0.4208874377745766,0.07656861696797429,0.0
1690209706178505152,682895,0.420956570461495,0.07645891141617929,0.0
1690209706178584897,682895,0.42106271073474066,0.07636162339725541,0.0
1690209706179031624,682895,0.42102817520410657,0.07640319703108542,0.0
1690209706179156514,682895,0.4211021939717985,0.07636026112345273,0.0
1690209706179451761,682895,0.42107493896792303,0.07633812875890313,0.0
1690209706179473000,682895,0.42102289044291336,0.07640923642353459,0.0
1690209706179478686,682895,0.4210735582693944,0.07638451432153956,0.0
1690209706179484116,682895,0.42101638645352957,0.07638486459237921,0.0
1690209706187052697,682896,0.42101833196651617,0.07638816644100228,0.0
1690209706187448791,682896,0.42100737524182097,0.07641109288868836,0.0
1690209706187651153,682896,0.42111552681301445,0.07631141459406847,0.0
1690209706188041125,682896,0.42106811375678743,0.07635342004665295,0.0
1690209706188063927,682896,0.4210465904442248,0.07646164784751477,0.0
1690209706188084911,682896,0.42112885145527756,0.07639789349031327,0.0
1690209706188097247,682896,0.42106428334076706,0.07648143486354107,0.0
1690209706188108927,682896,0.421045644115262,0.07654908719084866,0.0
1690209706188114873,682896,0.42103467952265533,0.07654801115363888,0.0
1690209706188127342,682896,0.4210013594024302,0.07652563679249258,0.0
1690209706195914098,682897,0.4209379559513592,0.07659986581104178,0.0
1690209706196401348,682897,0.42103960659734,0.07648508756257258,0.0
1690209706196596166,682897,0.42118215359365624,0.07628707373296079,0.0
1690209706196939392,682897,0.4212490783919969,0.07623238608778941,0.0
1690209706197436859,682897,0.42136566439857454,0.07614807861789263,0.0
1690209706197784198,682897,0.42148954207405476,0.07604994116581054,0.0
1690209706197881089,682897,0.42148281811534094,0.07607087666198421,0.0
1690209706198028585,682897,0.42149644780773526,0.07610794214139396,0.0
1690209706198224132,682897,0.4214869487644308,0.07609035086882687,0.0
1690209706198240069,682897,0.4214433674360574,0.07611421276558139,0.0
1690209706202187510,682898,0.42135483361115317,0.07623029945011751,0.0
1690209706202196698,682898,0.4213019340535519,0.07626534844992507,0.0
1690209706202634343,682898,0.4212196137836267,0.07632334811961693,0.0
1690209706203062228,682898,0.42109835012605595,0.07643180117705717,0.0
1690209706203153512,682898,0.4211308251126517,0.07644190034054187,0.0
1690209706203397160,682898,0.4211488713887012,0.07644147997895777,0.0
1690209706203404034,682898,0.4211013596943735,0.07651469845536907,0.0
1690209706203407235,682898,0.4211005101428923,0.07657055740346233,0.0
1690209706203419918,682898,0.42109462124902075,0.0766093409211666,0.0
1690209706203452540,682898,0.42098891329796634,0.07676155078036329,0.0
1690209706209955444,682899,0.4209242752890859,0.07685587502065984,0.0
1690209706210248800,682899,0.4209240457910106,0.076811898128488,0.0
1690209706210391200,682899,0.4208377105842384,0.07682999840788104,0.0
1690209706210770620,682899,0.4208186920449667,0.07683574602865806,0.0
1690209706210852127,682899,0.42085021248350474,0.0767309892253288,0.0
1690209706211128887,682899,0.4208498733206633,0.07669001532418913,0.0
1690209706211221645,682899,0.4209113402074834,0.07662989562151527,0.0
1690209706211426650,682899,0.42093397095930707,0.07658536593443101,0.0
1690209706211450714,682899,0.42105047120828604,0.07644400269658463,0.0
1690209706211457772,682899,0.42100577732535827,0.0764705942061573,0.0
1690209706218727309,682900,0.4209731222490518,0.07653865547002994,0.0
1690209706219693973,682900,0.42103110720280257,0.07647116806819952,0.0
1690209706219927540,682900,0.42095440516834987,0.07656427412132434,0.0
1690209706220171425,682900,0.4209120445826757,0.07665027706159655,0.0
1690209706220431006,682900,0.42093104923328606,0.07665409018566116,0.0
1690209706220826597,682900,0.42090676624713963,0.07667241108328252,0.0
1690209706220842479,682900,0.42088072207331795,0.07676629025411147,0.0
1690209706220851162,682900,0.42084241881035167,0.0768373146827752,0.0
1690209706220858417,682900,0.42077107147798387,0.07691264010291991,0.0
1690209706220875320,682900,0.4207179238880746,0.07699581048228854,0.0
1690209706228263953,682901,0.42070475218501496,0.07700117058598709,0.0
1690209706228428366,682901,0.4207217590949598,0.07699261651194543,0.0
1690209706228694458,682901,0.420720231912719,0.0770199980669099,0.0
1690209706228803862,682901,0.420777046189738,0.0769359279629615,0.0
1690209706229076755,682901,0.4207977637354242,0.07690845174481517,0.0
1690209706229091046,682901,0.42082921651607186,0.07688673355330877,0.0
1690209706229102745,682901,0.42080667197873245,0.07688927561323927,0.0
1690209706229112217,682901,0.420880587031492,0.07677276453565889,0.0
1690209706229120732,682901,0.42084175250946587,0.07678317691261802,0.0
1690209706229151624,682901,0.4209368142911737,0.07669387161017034,0.0
1690209706234788802,682902,0.42097195777338603,0.07662934617176424,0.0
1690209706235448517,682902,0.42099599349832867,0.07669408775849638,0.0
1690209706235559276,682902,0.4209907657845435,0.07667634664113712,0.0
1690209706235731155,682902,0.4209640421292252,0.0767153523816586,0.0
1690209706235844686,682902,0.42101756401691814,0.07672773087861456,0.0
1690209706236130315,682902,0.4209698071238838,0.0767962194835452,0.0
1690209706236272230,682902,0.4209123676987762,0.07686886739460214,0.0
1690209706236461646,682902,0.4207103832873045,0.07707477218987659,0.0
1690209706236467831,682902,0.4206974089587792,0.07709397215851922,0.0
1690209706236472294,682902,0.42079512376602946,0.07695885427201135,0.0
1690209706244102018,682903,0.42070123287601374,0.07707576790713488,0.0
1690209706245220486,682903,0.4207396780022829,0.0770751992580779,0.0
1690209706245316025,682903,0.42076686837099264,0.07697103560453353,0.0
1690209706245693929,682903,0.42078574349845677,0.07696457724678507,0.0
1690209706245704181,682903,0.42078497141126414,0.07701511875162344,0.0
1690209706245711939,682903,0.4207762616887126,0.0770051405757141,0.0
1690209706245729239,682903,0.4207457664066757,0.07700890270252533,0.0
1690209706245739332,682903,0.42070633694760545,0.07703759444824806,0.0
1690209706245749055,682903,0.4207827591063903,0.07692280398820531,0.0
1690209706245771747,682903,0.42073631428812125,0.07694469972199855,0.0
1690209706253802072,682904,0.42069362592793513,0.0770295884174933,0.0
1690209706254932437,682904,0.42069885097982096,0.07700637321620696,0.0
1690209706255079538,682904,0.42069631013978603,0.0769734574005181,0.0
1690209706255215136,682904,0.42068932164888984,0.07702599154941,0.0
1690209706255885226,682904,0.42076732750488144,0.07696357143032613,0.0
1690209706256126032,682904,0.42073286546504024,0.07694763467770291,0.0
1690209706256399289,682904,0.4207701297475803,0.07692398890708538,0.0
1690209706256429118,682904,0.4208642203097012,0.07681210567366688,0.0
1690209706256441403,682904,0.4210554652827808,0.07669435830515489,0.0
1690209706256465465,682904,0.42106852495673236,0.07668669925618792,0.0
1690209706261913474,682905,0.4210858405976353,0.07671687135438018,0.0
1690209706262122791,682905,0.4211787042524399,0.07662099796068979,0.0
1690209706262842336,682905,0.4210793451861406,0.0767114412283776,0.0
1690209706263087578,682905,0.4211112501840766,0.07674292154741762,0.0
1690209706263396982,682905,0.42100790428953816,0.07680574045479026,0.0
1690209706263480973,682905,0.42092533111617086,0.07686775694288597,0.0
1690209706263731416,682905,0.4208625411557409,0.0768932219857438,0.0
1690209706263743130,682905,0.42089449267052415,0.0768993164161874,0.0
1690209706263748340,682905,0.42088487482607767,0.07691404203125547,0.0
1690209706263781771,682905,0.4208402643407837,0.0770291435557176,0.0
1690209706270066484,682906,0.42088020250715663,0.0770109030193764,0.0
1690209706270347029,682906,0.4208659518218075,0.07708865807385847,0.0
1690209706271225872,682906,0.4208785946319471,0.07713474266747751,0.0
1690209706271417477,682906,0.4208355699477202,0.07719372669546609,0.0
1690209706271642245,682906,0.4207952698703899,0.07723414465588543,0.0
1690209706271931351,682906,0.42073035661297936,0.0772452755040324,0.0
1690209706271947714,682906,0.42072532269320484,0.07722923849964146,0.0
1690209706271959684,682906,0.4208245523804215,0.07707776823305258,0.0
1690209706271967996,682906,0.4208214256448046,0.07701382669818199,0.0
1690209706271973486,682906,0.42086722291616396,0.0769618335310598,0.0
1690209706279159215,682907,0.42094419022197826,0.07684217095109866,0.0
1690209706279585123,682907,0.4210670456995727,0.07668898203875889,0.0
1690209706280387755,682907,0.421123319357054,0.07663065757098923,0.0
1690209706280481126,682907,0.421117658031072,0.07665821639108207,0.0
1690209706280775008,682907,0.42117960338663696,0.07656391773194404,0.0
1690209706280898033,682907,0.4212271960231341,0.07656873942241815,0.0
1690209706280908252,682907,0.4212663168444605,0.07657591224553913,0.0
1690209706280956356,682907,0.42125245096706854,0.07660183154326863,0.0
1690209706280964926,682907,0.421278729445971,0.07667750423531924,0.0
1690209706280971631,682907,0.4211908598512273,0.07678915669985346,0.0
1690209706284821066,682908,0.42115044119723805,0.07687158670800194,0.0
1690209706285364556,682908,0.4210464704250222,0.07699982319943809,0.0
1690209706285584171,682908,0.4209606881221234,0.07710954163537975,0.0
1690209706286219461,682908,0.42091555168070444,0.07714192366529318,0.0
1690209706286402543,682908,0.42084706213699724,0.07724314154213546,0.0
1690209706286491373,682908,0.420835339881123,0.07727607681524076,0.0
1690209706286605125,682908,0.420923996082318,0.0771776507616703,0.0
1690209706286616774,682908,0.420947642091481,0.07715647242034716,0.0
1690209706286623366,682908,0.421027131035145,0.07714066098405752,0.0
1690209706286629421,682908,0.4211266026050279,0.07704139724943421,0.0
1690209706294169925,682909,0.421074775374172,0.0770748938458377,0.0
1690209706294716133,682909,0.4211316748321059,0.07706373629539384,0.0
1690209706294882324,682909,0.4211053490771425,0.07698948107457722,0.0
1690209706295391030,682909,0.4210863465208108,0.07695513435541833,0.0
1690209706295408845,682909,0.4210554472581253,0.07696430794929514,0.0
1690209706295420890,682909,0.4211168800107675,0.0768611824110842,0.0
1690209706295459943,682909,0.4211490658750976,0.0767978380482979,0.0
1690209706295471146,682909,0.42114498194999783,0.07685461241224545,0.0
1690209706295513959,682909,0.4212829410468522,0.07670267794921605,0.0
1690209706295546524,682909,0.4213093876240294,0.07669309451285139,0.0
1690209706302815043,682910,0.42127074040492307,0.07681643717229787,0.0
1690209706303125195,682910,0.4213294051939676,0.07679392967196427,0.0
1690209706303395121,682910,0.42130649752111315,0.07683450965088957,0.0
1690209706303542570,682910,0.4211324615867004,0.07705470878142433,0.0
1690209706303564697,682910,0.4211204864750274,0.077074015905747,0.0
1690209706303574296,682910,0.42116701326626893,0.07697226332473416,0.0
1690209706303584375,682910,0.42108765415729943,0.07706345619063862,0.0
1690209706303592078,682910,0.4210909176020875,0.077106444778881,0.0
1690209706303615915,682910,0.4212075041484169,0.07695509191988782,0.0
1690209706303623220,682910,0.4211530628418391,0.07701092197006422,0.0
1690209706310506919,682911,0.42119774969044455,0.07704376826965678,0.0
1690209706310895164,682911,0.421231881079258,0.0769972222526637,0.0
1690209706311172695,682911,0.42121216006796885,0.07699525455265613,0.0
1690209706311905938,682911,0.4211311409560573,0.0771110899667731,0.0
1690209706311952850,682911,0.4211983197183445,0.07703384398303814,0.0
1690209706312288598,682911,0.42119700147975475,0.07701214565495731,0.0
1690209706312299561,682911,0.42116809576574377,0.07709984788468822,0.0
1690209706312304102,682911,0.42117003428242406,0.0770856683930633,0.0
1690209706312325910,682911,0.421214748997569,0.07706613282152831,0.0
1690209706312333788,682911,0.4212210124633695,0.0770535383975198,0.0
1690209706318013094,682912,0.4212232564684229,0.07706396828435844,0.0
1690209706318228904,682912,0.42126030488729627,0.07703809980599788,0.0
1690209706318448230,682912,0.42119205772129586,0.07708612648330476,0.0
1690209706318784593,682912,0.42119459913601465,0.07707133791176082,0.0
1690209706319213267,682912,0.42136040150334175,0.07691592540603212,0.0
1690209706319668032,682912,0.4213894262892489,0.07687929834482302,0.0
1690209706319807894,682912,0.42142505342868214,0.07688773269416972,0.0
1690209706319899867,682912,0.4213753909642461,0.07691535312940345,0.0
1690209706320077895,682912,0.42138363662762834,0.0768898860227104,0.0
1690209706320094934,682912,0.4213762775877781,0.07689123950464954,0.0
1690209706326583865,682913,0.421291726182675,0.07698805905368798,0.0
1690209706327487233,682913,0.42128381419047173,0.07697575951823397,0.0
1690209706327673382,682913,0.4212323221470514,0.07694684955464419,0.0
1690209706327970997,682913,0.4213287503655376,0.07689372426191783,0.0
1690209706328222658,682913,0.42130672080331166,0.07694382661333977,0.0
1690209706328474497,682913,0.4213682784493245,0.07695198190209178,0.0
1690209706328487876,682913,0.42129501838709726,0.07703384761123507,0.0
1690209706328496355,682913,0.4212540213028506,0.07707621290786007,0.0
1690209706328503815,682913,0.4213185061089345,0.07701691279294517,0.0
1690209706328528039,682913,0.42127429985921644,0.07704966241515698,0.0
1690209706334146073,682914,0.4212204485880595,0.07705961599629756,0.0
1690209706334718959,682914,0.4213009718952599,0.07695005549744348,0.0
1690209706334869673,682914,0.421339085839923,0.07684244835454597,0.0
1690209706335221637,682914,0.42148671159609374,0.07672661375799228,0.0
1690209706335960478,682914,0.42164704331545366,0.07652369791812304,0.0
1690209706336055255,682914,0.4216837094342653,0.07646975859037378,0.0
1690209706336212838,682914,0.4217572530255478,0.07638774910061684,0.0
1690209706336324968,682914,0.42186663307509364,0.0762763161008704,0.0
1690209706336340407,682914,0.42197448448436853,0.07624519078942225,0.0
1690209706336348523,682914,0.42196470782970913,0.07625195890823376,0.0
1690209706344165015,682915,0.42193823766506133,0.07625221998970293,0.0
1690209706344342893,682915,0.4219861685203969,0.07622091898748283,0.0
1690209706345302217,682915,0.42196175834035765,0.07625344374158384,0.0
1690209706345307364,682915,0.4219330504344813,0.07631441740007368,0.0
1690209706345729107,682915,0.421814358728681,0.07649478898390082,0.0
1690209706345744385,682915,0.42174732300877615,0.07657872827630767,0.0
1690209706345769504,682915,0.4216842232598913,0.0766175193424437,0.0
1690209706345782431,682915,0.4216095727897412,0.07675917995115275,0.0
1690209706345789803,682915,0.4216186646434813,0.07675894436073562,0.0
1690209706345796068,682915,0.4215518362443724,0.07676683587944023,0.0
1690209706351932912,682916,0.42157729691503143,0.07677247372646624,0.0
1690209706352376278,682916,0.4215836911626634,0.07678315484713527,0.0
1690209706353075868,682916,0.4217520361410836,0.07662177608917628,0.0
1690209706353385368,682916,0.4217707676415749,0.07658552721549966,0.0
1690209706353538691,682916,0.4218254998995868,0.07657912062094742,0.0
1690209706353551157,682916,0.42187909487616027,0.0764454544027432,0.0
1690209706353558352,682916,0.4218473395163821,0.07645671642399195,0.0
1690209706353566816,682916,0.4218986856615702,0.07639590067209197,0.0
1690209706353577809,682916,0.4218861205179594,0.07634865121441071,0.0
1690209706353597971,682916,0.42191826811520416,0.0762407077405104,0.0
1690209706359878428,682917,0.4219033318224853,0.07621924764892922,0.0
1690209706360885245,682917,0.42206744936543783,0.07606557546023007,0.0
1690209706361079402,682917,0.4220623459974288,0.07602226828829449,0.0
1690209706361362191,682917,0.4220736363898783,0.07611199431710604,0.0
1690209706361370545,682917,0.42217554604734914,0.07600927704442957,0.0
1690209706361379846,682917,0.42220450511293245,0.07605302925936228,0.0
1690209706361438522,682917,0.42217368499901564,0.076147863208401,0.0
1690209706361453464,682917,0.42212954369377337,0.07624316223762805,0.0
1690209706361473851,682917,0.4221187002411891,0.07626000107281525,0.0
1690209706361508477,682917,0.42190087294484113,0.07650098099330144,0.0
1690209706368615455,682918,0.4218713254586385,0.07659053204039157,0.0
1690209706369638736,682918,0.4218562515957036,0.07653552874745909,0.0
1690209706369861076,682918,0.4216919920247077,0.07671024012453859,0.0
1690209706370335494,682918,0.4216577436575153,0.07671676772461496,0.0
1690209706370350479,682918,0.42169229781376727,0.0766746310212047,0.0
1690209706370370014,682918,0.42169568022116916,0.07668849790325763,0.0
1690209706370380721,682918,0.4216579487929639,0.07672902667788042,0.0
1690209706370397069,682918,0.4217349621596675,0.0766337489633974,0.0
1690209706370412893,682918,0.42176925615480904,0.07660283203145628,0.0
1690209706370473276,682918,0.42176151064502815,0.07663541276418886,0.0
1690209706377255920,682919,0.4217841977820772,0.07659235844928829,0.0
1690209706378103579,682919,0.4218005005119876,0.07655682926714705,0.0
1690209706378234934,682919,0.42172777574434983,0.0765432347583335,0.0
1690209706378737911,682919,0.4217302036224455,0.07652126745698754,0.0
1690209706378754236,682919,0.421758674513158,0.0764465628558145,0.0
1690209706378768560,682919,0.4217532147405215,0.07642081854002934,0.0
1690209706378961344,682919,0.4217648853365433,0.0763952894218728,0.0
1690209706378980160,682919,0.421792837450911,0.0763343354213579,0.0
1690209706378994641,682919,0.4219084647621759,0.07622942947423386,0.0
1690209706379006152,682919,0.42187854064522934,0.07626193988516324,0.0
1690209706385124764,682920,0.42181821009218484,0.07640935685016699,0.0
1690209706386044397,682920,0.42186361809690204,0.07638877704086065,0.0
1690209706386170725,682920,0.42180356785017803,0.07641506186920184,0.0
1690209706386296449,682920,0.4217588522503818,0.07649827952466294,0.0
1690209706386414047,682920,0.42175956975390594,0.0765008695643768,0.0
1690209706386613955,682920,0.4217381374125664,0.07649758086188235,0.0
1690209706386741965,682920,0.4217782531603687,0.07648102546013233,0.0
1690209706386870189,682920,0.4217651083887786,0.07647651109486016,0.0
1690209706386992934,682920,0.42183955894389774,0.07638604993199605,0.0
1690209706387006663,682920,0.42183257287713405,0.0763926648567604,0.0
1690209706394607265,682921,0.42183331568697957,0.07640833363453858,0.0
1690209706394995651,682921,0.4219026734814617,0.07632742119402026,0.0
1690209706395344773,682921,0.42187707618674375,0.07634261102094242,0.0
1690209706395851312,682921,0.42188351391631146,0.07634016751588583,0.0
1690209706396231339,682921,0.42188477239022604,0.07633718123800794,0.0
1690209706396654821,682921,0.42187675817039055,0.07632203046206329,0.0
1690209706396937266,682921,0.4218494318346692,0.07633721829979005,0.0
1690209706396956937,682921,0.42185590343378015,0.07632720756888704,0.0
1690209706396972402,682921,0.42186251805738273,0.0763185505394331,0.0
1690209706396982170,682921,0.42188082132669724,0.07631957762460963,0.0
1690209706401747654,682922,0.4219052871848449,0.07630545863821807,0.0
1690209706402787591,682922,0.42190803613319455,0.07629767377949337,0.0
1690209706403016031,682922,0.42193291056575377,0.07627674860698515,0.0
1690209706403224370,682922,0.4219295191066549,0.07627934802498977,0.0
1690209706403237473,682922,0.4219412135326663,0.07627394231209904,0.0
1690209706403261681,682922,0.4219414152041273,0.07626822710348413,0.0
1690209706403311055,682922,0.42193045525038725,0.07628107729124349,0.0
1690209706403318585,682922,0.4219382923502042,0.07628311485167731,0.0
1690209706403327936,682922,0.42191847680885325,0.07628749640840472,0.0
1690209706403338288,682922,0.42191757016074705,0.07629135959354161,0.0
1690209706411002194,682923,0.4219344815951872,0.07627084435670016,0.0
1690209706412401475,682923,0.42192935063342457,0.07627432115682675,0.0
1690209706412466940,682923,0.4219231624408909,0.07626034506061456,0.0
1690209706412640482,682923,0.4219171812902516,0.07627547553887248,0.0
1690209706413095267,682923,0.42191973905484137,0.07627875309210719,0.0
1690209706413107586,682923,0.42196223463455573,0.07622927967849737,0.0
1690209706413113239,682923,0.42197676716482085,0.07624150149321653,0.0
1690209706413173191,682923,0.42197117317272553,0.07625568154463469,0.0
1690209706413196742,682923,0.4220066160948814,0.07623833689177083,0.0
1690209706413238339,682923,0.4219591075006996,0.07627910309497662,0.0
1690209706418946114,682924,0.4219429669734401,0.07628676846799327,0.0
1690209706419639176,682924,0.4219523886458196,0.0762829924886445,0.0
1690209706419759047,682924,0.42195443456349424,0.07628085253803821,0.0
1690209706420126015,682924,0.4219398439795717,0.07627666967863055,0.0
1690209706420243347,682924,0.42197950373703386,0.07622557705442028,0.0
1690209706420661442,682924,0.42199227273614015,0.07617186810386513,0.0
1690209706420674708,682924,0.42211282828538077,0.0760799639842942,0.0
1690209706420690179,682924,0.422172420388836,0.07600531380916335,0.0
1690209706420714114,682924,0.42220258461155546,0.07601871927608897,0.0
1690209706420728217,682924,0.4222107699070913,0.07601420102469426,0.0
1690209706428443564,682925,0.4221965667200963,0.07601729329677005,0.0
1690209706429451874,682925,0.42223476690744755,0.07599829609262303,0.0
1690209706429806066,682925,0.4221682447613905,0.0760651691616688,0.0
1690209706430045747,682925,0.422171813506979,0.07606464536935832,0.0
1690209706430062523,682925,0.4221257094610802,0.07609735555533191,0.0
1690209706430079576,682925,0.4220974482164502,0.07613164673304808,0.0
1690209706430097034,682925,0.4220726210158274,0.07614632144539892,0.0
1690209706430107685,682925,0.4220991395804084,0.07616932886185268,0.0
1690209706430132076,682925,0.42210802303928724,0.07616452855139809,0.0
1690209706430142199,682925,0.4221122263550353,0.07620913786611742,0.0
1690209706436137352,682926,0.42210611522945596,0.07624758368182356,0.0
1690209706436826881,682926,0.42211088665054647,0.07627140772690363,0.0
1690209706437604454,682926,0.4220993431248129,0.07631160178954896,0.0
1690209706437615926,682926,0.4219945780103952,0.07640533932848538,0.0
1690209706437656047,682926,0.42199437883257684,0.0763927400791838,0.0
1690209706437871850,682926,0.4219648868009971,0.07635573030710718,0.0
1690209706437892056,682926,0.4219281459915479,0.07638390161593375,0.0
1690209706437904954,682926,0.42192744343579636,0.07637526753605332,0.0
1690209706437913689,682926,0.421931849203468,0.07632277719015247,0.0
1690209706437921783,682926,0.42194731160345794,0.07630797766364247,0.0
1690209706442444742,682927,0.42195866151037187,0.0762996181639036,0.0
1690209706443514160,682927,0.42197587229067546,0.07627318269551202,0.0
1690209706443625042,682927,0.4219916559294954,0.07625175393682548,0.0
1690209706443891899,682927,0.42202362897651485,0.0762166658339497,0.0
1690209706443907266,682927,0.42206772752681165,0.07617300845438191,0.0
1690209706443914743,682927,0.42204490912024306,0.0761688888238691,0.0
1690209706443927869,682927,0.4219669350883425,0.0762357683331176,0.0
1690209706443935896,682927,0.4220067400296257,0.07619099278428855,0.0
1690209706443961979,682927,0.4219916643373625,0.07616100458222613,0.0
1690209706443989601,682927,0.42199398182065156,0.07617683255723588,0.0
1690209706452995831,682928,0.421985684495251,0.07620650150286438,0.0
1690209706453996992,682928,0.42203291555017103,0.07614346641176967,0.0
1690209706454113591,682928,0.42201125411916407,0.07616984772034653,0.0
1690209706454244841,682928,0.421997021632295,0.07621420368435795,0.0
1690209706454691456,682928,0.42203859054946735,0.07620927864894214,0.0
1690209706454805570,682928,0.4219930333005859,0.0762513304086461,0.0
1690209706455014946,682928,0.4219442638424051,0.0762596236920662,0.0
1690209706455219049,682928,0.4219607328741517,0.07622855399857363,0.0
1690209706455237248,682928,0.4219861115826425,0.07615733000821126,0.0
1690209706455253817,682928,0.421958960497238,0.07616240275848239,0.0
1690209706460304264,682929,0.42209079105620173,0.07602923712782454,0.0
1690209706460422534,682929,0.4221052299440421,0.07595015766095665,0.0
1690209706460546626,682929,0.4222725574101546,0.07583422951042398,0.0
1690209706461180841,682929,0.422397295199755,0.07569946328650379,0.0
1690209706461356982,682929,0.42244491284946906,0.07571264434587192,0.0
1690209706461525442,682929,0.42251179322455235,0.07566454648019279,0.0
1690209706461539973,682929,0.42250175481320834,0.07566697748923264,0.0
1690209706461558055,682929,0.4225427372174203,0.07563869874976512,0.0
1690209706461565711,682929,0.4224648162083203,0.07571549180101254,0.0
1690209706461575619,682929,0.42243039200891774,0.0757388079512253,0.0
1690209706469630616,682930,0.42239649064177853,0.07574338848783767,0.0
1690209706470488985,682930,0.42236158163547904,0.07578217203181217,0.0
1690209706470937274,682930,0.42234196059329926,0.07579403140104801,0.0
1690209706471119356,682930,0.42237811336705977,0.07583931221556878,0.0
1690209706471344743,682930,0.4223757457995967,0.07585302744354737,0.0
1690209706471718904,682930,0.4223322264452664,0.07595601837065157,0.0
1690209706471738977,682930,0.4223333639509469,0.07600226324728869,0.0
1690209706471752632,682930,0.4223309877517849,0.07603898963448029,0.0
1690209706471770313,682930,0.4222934641967505,0.07611341196323539,0.0
1690209706471778445,682930,0.42219586577289203,0.07620448578049537,0.0
1690209706477198434,682931,0.42218882002743247,0.07620650758567726,0.0
1690209706477747986,682931,0.422249290737238,0.07605390072859387,0.0
1690209706478063423,682931,0.4221988143818557,0.07608399755335125,0.0
1690209706478388725,682931,0.4222436782552892,0.07604512329494288,0.0
1690209706478519372,682931,0.42229142426062904,0.075921514548976,0.0
1690209706478789652,682931,0.4222749897464095,0.0759303778304035,0.0
1690209706478803452,682931,0.4223471260177309,0.07592207619166283,0.0
1690209706478813586,682931,0.4223413738605564,0.07589616979932405,0.0
1690209706478821311,682931,0.42231986454131326,0.07591282646870888,0.0
1690209706478852063,682931,0.4221404120783028,0.07610440160142604,0.0
1690209706485081270,682932,0.42216345592883453,0.07607075736195777,0.0
1690209706485340969,682932,0.42213977043725154,0.0760436847626108,0.0
1690209706485986146,682932,0.42199082991104975,0.07617618404924248,0.0
1690209706486424976,682932,0.4220088327608186,0.07615560547101217,0.0
1690209706486546926,682932,0.42197194416851047,0.07612583124163855,0.0
1690209706486856329,682932,0.42199735298306007,0.07613446258957832,0.0
1690209706486864618,682932,0.4219837770735922,0.07618073566202038,0.0
1690209706486891285,682932,0.42202059258790736,0.07612525664097865,0.0
1690209706486906039,682932,0.42197459662467607,0.0761939805458379,0.0
1690209706486914145,682932,0.4219526507794163,0.07625194162003134,0.0
1690209706492609952,682933,0.42197898103427617,0.07622773181730264,0.0
1690209706493875045,682933,0.42192271927469666,0.0762838472209334,0.0
1690209706493888868,682933,0.42184397342470903,0.07627257878584379,0.0
1690209706494340317,682933,0.421854939083743,0.07625288860585278,0.0
1690209706494352752,682933,0.4218981933605216,0.07617224981611101,0.0
1690209706494360012,682933,0.42187654209569786,0.07615455053297279,0.0
1690209706494364920,682933,0.42207134023562365,0.0759639954349866,0.0
1690209706494404769,682933,0.42206482586191413,0.07589876311635566,0.0
1690209706494412155,682933,0.42221113990089426,0.07580530164569105,0.0
1690209706494420417,682933,0.4223522686419306,0.07565956045858979,0.0
1690209706501693021,682934,0.4223969653065947,0.07566431203028226,0.0
1690209706503592633,682934,0.4224560845738081,0.07562044898951549,0.0
1690209706503611349,682934,0.4224317436364653,0.07563792424032029,0.0
1690209706503663179,682934,0.4224798697546313,0.07560159617009186,0.0
1690209706503669287,682934,0.422404936797944,0.07566880880571122,0.0
1690209706503677334,682934,0.4223584950152191,0.07569688704873427,0.0
1690209706503683059,682934,0.4223796993974625,0.0756508424016061,0.0
1690209706503694835,682934,0.42235396114631135,0.0756963057711744,0.0
1690209706503700622,682934,0.4223265841582697,0.07573797911849117,0.0
1690209706503723072,682934,0.42237244675885843,0.07577150484411509,0.0
1690209706510460816,682935,0.422342777184532,0.07581896107213444,0.0
1690209706510673765,682935,0.4223271003521972,0.07589649843500047,0.0
1690209706510739760,682935,0.4223472350773353,0.07593219192205006,0.0
1690209706510920690,682935,0.4223294702797926,0.0759897037712019,0.0
1690209706511041916,682935,0.42230141070877014,0.07603371109844881,0.0
1690209706511050370,682935,0.4221933168902359,0.07612923224086716,0.0
1690209706511053518,682935,0.4222114469754422,0.0760987283588844,0.0
1690209706511087598,682935,0.4223401710981347,0.0758982521033271,0.0
1690209706511095555,682935,0.422325975264584,0.07588835953189536,0.0
1690209706511106363,682935,0.42240242750729706,0.0758618339820706,0.0
1690209706518482142,682936,0.4224818072562742,0.07571257728688566,0.0
1690209706518671954,682936,0.4224841693038478,0.07570572159046272,0.0
1690209706518745653,682936,0.4225921767221284,0.07566596524792676,0.0
1690209706519264729,682936,0.4225391441481566,0.07568111101789912,0.0
1690209706519357266,682936,0.42254295085624316,0.07567795185160894,0.0
1690209706519551580,682936,0.422340790138229,0.0758809397143188,0.0
1690209706519561751,682936,0.42236397185257113,0.07586485743920145,0.0
1690209706519571306,682936,0.42232955958309565,0.07584646844122264,0.0
1690209706519594604,682936,0.4221979203479186,0.07603557093372681,0.0
1690209706519601795,682936,0.42223231705402015,0.076002438098749,0.0
1690209706526057939,682937,0.42219240076435394,0.07602449631836435,0.0
1690209706526250391,682937,0.4222287761328285,0.07606324203770523,0.0
1690209706526837836,682937,0.4222106937613245,0.07616264044734045,0.0
1690209706527014800,682937,0.4222593050773951,0.0761251682237892,0.0
1690209706527146213,682937,0.4220682387673546,0.07631468974081682,0.0
1690209706527335577,682937,0.42207046976626356,0.07636817568381121,0.0
1690209706527341787,682937,0.4220997741732594,0.07627589494268577,0.0
1690209706527345337,682937,0.42197112682249704,0.07640615520213062,0.0
1690209706527363639,682937,0.42192037409863337,0.0763931830631995,0.0
1690209706527371861,682937,0.4219338216676941,0.07630192484136519,0.0
1690209706536134572,682938,0.4219632145438153,0.07621779490697186,0.0
1690209706536218548,682938,0.421951497887488,0.07623949781555803,0.0
1690209706536532907,682938,0.42215967722369957,0.07599850078710976,0.0
1690209706536536670,682938,0.42220137183779305,0.07591392456137822,0.0
1690209706536538759,682938,0.42219045230933505,0.07599216737651394,0.0
1690209706536548947,682938,0.4223417191388543,0.07580554489322126,0.0
1690209706536556927,682938,0.42238696507907264,0.07579876785776775,0.0
1690209706536560329,682938,0.42232238845276393,0.07586663364759735,0.0
1690209706536568641,682938,0.4223267837066114,0.07584634810682639,0.0
1690209706536581152,682938,0.4223572204051524,0.07578814483214169,0.0
1690209706542677743,682939,0.4222385708558891,0.07591679459522511,0.0
1690209706542778060,682939,0.42218625137536986,0.07598602047909238,0.0
1690209706542855461,682939,0.4221877422173494,0.07595276745780322,0.0
1690209706543034268,682939,0.42213739808903167,0.07602991214029714,0.0
1690209706543043308,682939,0.4221121701883745,0.07607986793683046,0.0
1690209706543047776,682939,0.42217698268818704,0.07611028846056093,0.0
1690209706543051443,682939,0.4221400756112737,0.07617127468872133,0.0
1690209706543060850,682939,0.4220727473954264,0.07625015526892577,0.0
1690209706543085560,682939,0.42209317055715107,0.07626971583679469,0.0
1690209706543089202,682939,0.4220929959524184,0.07627140552619889,0.0
1690209706551778225,682940,0.42204065369216026,0.07632027638838725,0.0
1690209706553117240,682940,0.4219804471633226,0.07636107731544584,0.0
1690209706553344928,682940,0.42199384773405324,0.0762997871866419,0.0
1690209706553820474,682940,0.42212029640715953,0.076110736582978,0.0
1690209706553835503,682940,0.422164393211822,0.07605530115443067,0.0
1690209706553850344,682940,0.4222581555403692,0.07604211447323853,0.0
1690209706553863340,682940,0.4223399956980867,0.07591379811607403,0.0
1690209706553872665,682940,0.42234733431118454,0.07591715691884662,0.0
1690209706553883390,682940,0.42244929179065926,0.07590815798902613,0.0
1690209706553919417,682940,0.42237004480881035,0.07595619355298648,0.0
1690209706559650207,682941,0.42236107957385916,0.07596157936304905,0.0
1690209706560236895,682941,0.42217491203470947,0.07613145321599468,0.0
1690209706561051825,682941,0.4221459452999531,0.07615310465422295,0.0
1690209706561282081,682941,0.42212585441040085,0.07614131944539602,0.0
1690209706561603885,682941,0.42201379692511576,0.07630169599044351,0.0
1690209706561619073,682941,0.4220461147216579,0.07630577109909845,0.0
1690209706561637781,682941,0.422010676996327,0.07633591836752235,0.0
1690209706561651327,682941,0.42202814038836645,0.0763680077101484,0.0
1690209706561664044,682941,0.4220201494703432,0.07646113221948961,0.0
1690209706561673531,682941,0.42202432697481934,0.07647185895501993,0.0
1690209706567502640,682942,0.4218647783094872,0.07663425934499903,0.0
1690209706568635527,682942,0.42186103008458814,0.07669264648002777,0.0
1690209706568841462,682942,0.4218384277414385,0.07663740212507095,0.0
1690209706569119812,682942,0.4217492517478988,0.07673256594964145,0.0
1690209706569135251,682942,0.4217216619008657,0.07669482170324024,0.0
1690209706569144580,682942,0.4217139286776356,0.07660572834115632,0.0
1690209706569153027,682942,0.4217502513980868,0.07651678591687384,0.0
1690209706569163556,682942,0.42174447842163854,0.0764971359025078,0.0
1690209706569173540,682942,0.4219622494121841,0.0762604786808886,0.0
1690209706569178915,682942,0.42199778302369534,0.07618469352889748,0.0
1690209706576216132,682943,0.42199548014332167,0.07625263415047312,0.0
1690209706576494131,682943,0.4221696233552672,0.07607097013360675,0.0
1690209706577870193,682943,0.4221658860273185,0.07608124911527074,0.0
1690209706578176434,682943,0.4220690176284433,0.07619337773433699,0.0
1690209706578196258,682943,0.4220949749687462,0.07616112785485944,0.0
1690209706578230281,682943,0.4220893642566005,0.0760977543159696,0.0
1690209706578246727,682943,0.42208366422393434,0.07613731673114958,0.0
1690209706578273977,682943,0.42205953202264773,0.07617124980558333,0.0
1690209706578283214,682943,0.4221133700275269,0.07609187855331918,0.0
1690209706578319269,682943,0.4220870461964559,0.0761363811093917,0.0
1690209706586545948,682944,0.42205484224749024,0.07619647190435816,0.0
1690209706587481759,682944,0.4221411433044811,0.07618847179916816,0.0
1690209706587615169,682944,0.42209071241425494,0.07624978289273521,0.0
1690209706588027932,682944,0.422026388239388,0.07633170788979116,0.0
1690209706588281262,682944,0.42204214293872905,0.07633522773785424,0.0
1690209706588300837,682944,0.4220113059383566,0.07633530481572862,0.0
1690209706588317927,682944,0.4219757237018853,0.07637731028990141,0.0
1690209706588328914,682944,0.4219728747710277,0.07635864541473768,0.0
1690209706588339628,682944,0.42199519178827705,0.07629427311363994,0.0
1690209706588368121,682944,0.4221810013405338,0.07608329811383162,0.0
1690209706594775480,682945,0.4222266041366849,0.07601236316579023,0.0
1690209706595863413,682945,0.4223342762884495,0.07601233928799998,0.0
1690209706595962526,682945,0.4224092875063883,0.07589834410644315,0.0
1690209706596302447,682945,0.4223800656990609,0.07592558828619607,0.0
1690209706596325660,682945,0.4224607052646163,0.07592029362547288,0.0
1690209706596336085,682945,0.42233823411762555,0.07602449890981659,0.0
1690209706596348842,682945,0.42232352031493703,0.07603333979604647,0.0
1690209706596359880,682945,0.4222149112516276,0.07611316794320455,0.0
1690209706596370101,682945,0.42217804012279336,0.07616533534778192,0.0
1690209706596379906,682945,0.4221659338003664,0.07615100007914014,0.0
1690209706601751699,682946,0.422116425494825,0.07627143006558042,0.0
1690209706601911046,682946,0.4221168779973742,0.0762990253435364,0.0
1690209706602113117,682946,0.4220996871362672,0.07635294213309747,0.0
1690209706602431053,682946,0.4221217527451831,0.0763897299959763,0.0
1690209706602446278,682946,0.42212663636049375,0.07645414515103459,0.0
1690209706602473344,682946,0.42212455901912366,0.07648233408104455,0.0
1690209706602492891,682946,0.4219359714967339,0.07664793456941235,0.0
1690209706602510847,682946,0.42194067251908635,0.07663097523980335,0.0
1690209706602519360,682946,0.42197150468475864,0.07648995756179629,0.0
1690209706602529725,682946,0.4218884432578046,0.07655065634408596,0.0
1690209706611611676,682947,0.4219328156849473,0.07648554815719154,0.0
1690209706612930843,682947,0.42194988226527813,0.07636775584473257,0.0
1690209706613728309,682947,0.4219648008948687,0.07633491586413053,0.0
1690209706613941195,682947,0.42206261070376344,0.07629322192866748,0.0
1690209706614593568,682947,0.4221458090309236,0.07618440492174207,0.0
1690209706614623108,682947,0.42216192115269746,0.07615443008021001,0.0
1690209706614638467,682947,0.421983346049308,0.0763497485887684,0.0
1690209706614674270,682947,0.4220447743434619,0.07629124789401447,0.0
1690209706614743627,682947,0.4220244448235457,0.07627903321669086,0.0
1690209706614811966,682947,0.42187815781615895,0.07644214343841821,0.0
1690209706618403657,682948,0.42193251707501456,0.07641007391629069,0.0
1690209706618795615,682948,0.4219209168163218,0.07635995823028624,0.0
1690209706619004096,682948,0.42194591072901155,0.07639324973152814,0.0
1690209706619109486,682948,0.42192958621198967,0.07646769933807346,0.0
1690209706619238291,682948,0.42198969755565396,0.07639762216465168,0.0
1690209706619342900,682948,0.42193595670707235,0.07647641941877419,0.0
1690209706619709602,682948,0.42189883876298506,0.07655453521018202,0.0
1690209706619781753,682948,0.42193789308351354,0.07653778527765344,0.0
1690209706619880176,682948,0.42185665444156,0.07662555131034293,0.0
1690209706619888058,682948,0.4217727553283427,0.0766592239406979,0.0
1690209706627178943,682949,0.421761776284718,0.07665276019136297,0.0
1690209706627652463,682949,0.42176793765012477,0.07659972993547504,0.0
1690209706627669648,682949,0.42171541793913375,0.07662291312586382,0.0
1690209706627679282,682949,0.4218485810205616,0.07648564637518832,0.0
1690209706627690441,682949,0.4218947596514856,0.07639250733750276,0.0
1690209706627921066,682949,0.42208950239237925,0.07621758903749865,0.0
1690209706628149287,682949,0.42225110134726046,0.07605399277795484,0.0
1690209706628169835,682949,0.42233944027769443,0.07606349486815017,0.0
1690209706628180502,682949,0.42238275748690535,0.07601142756547753,0.0
1690209706628187799,682949,0.42235739926802346,0.07602530064462605,0.0
1690209706633785989,682950,0.4224301936881708,0.07600941079465001,0.0
1690209706634159263,682950,0.42232354104244774,0.07609488440677098,0.0
1690209706635036089,682950,0.4222971890040365,0.07610916236085262,0.0
1690209706635359546,682950,0.42229920216942685,0.07608609369811584,0.0
1690209706635535133,682950,0.42225966266829007,0.07613686062164998,0.0
1690209706635547241,682950,0.4222556179421654,0.07614314655717962,0.0
1690209706635552657,682950,0.42228358109214337,0.07618096658851294,0.0
1690209706635640119,682950,0.42227854713543567,0.07620437494684706,0.0
1690209706635646920,682950,0.4222689662625456,0.07626197362195275,0.0
1690209706635676912,682950,0.4222697224091572,0.07629364764253774,0.0
1690209706643763636,682951,0.4222600887056973,0.07630816386605221,0.0
1690209706644114309,682951,0.422224901393936,0.07635859231901673,0.0
1690209706644342029,682951,0.4221513572365512,0.07643044270536974,0.0
1690209706645557527,682951,0.4221619129990179,0.07641166305391564,0.0
1690209706645699149,682951,0.42218970810024975,0.0763563178521031,0.0
1690209706646106440,682951,0.4221699558776273,0.07637629982100284,0.0
1690209706646130747,682951,0.42221575843219067,0.07638353818615737,0.0
1690209706646140747,682951,0.42222732494339593,0.0763475181563748,0.0
1690209706646211040,682951,0.4222382809362591,0.07635218591315063,0.0
1690209706646239930,682951,0.42227898316388707,0.07635579027372963,0.0
1690209706651281305,682952,0.4222268801447456,0.07637735652490998,0.0
1690209706651715221,682952,0.4222159627698832,0.07639169558265896,0.0
1690209706652055993,682952,0.4221319672723875,0.07646748822096128,0.0
1690209706652209767,682952,0.42211775485988784,0.07648826097026562,0.0
1690209706652574700,682952,0.42210920364364407,0.07645825751343546,0.0
1690209706652673038,682952,0.4220380780328593,0.07652451018184903,0.0
1690209706652896079,682952,0.42206480399063107,0.07650251111333359,0.0
1690209706652906469,682952,0.422047774756519,0.07651458834948627,0.0
1690209706652913076,682952,0.42205962889479987,0.07651949372157277,0.0
1690209706652919612,682952,0.42203768058413393,0.07657222175307543,0.0
1690209706660003439,682953,0.4220348556060027,0.0765842673460375,0.0
1690209706660350315,682953,0.42195774379298157,0.07665679966321853,0.0
1690209706661342882,682953,0.4219598377513571,0.07667421721945449,0.0
1690209706661607068,682953,0.42193320792945305,0.07665735691769407,0.0
1690209706661796951,682953,0.4218933680743706,0.07668600487861767,0.0
1690209706661821134,682953,0.42189582063077435,0.07666608694662906,0.0
1690209706661828902,682953,0.4219209516819726,0.07662034953653028,0.0
1690209706661841080,682953,0.4219376027312999,0.07660712338684482,0.0
1690209706661860185,682953,0.42195173370466965,0.07659952344013722,0.0
1690209706661875601,682953,0.4219812018875265,0.07656515543185383,0.0
1690209706667255225,682954,0.4219928140608303,0.07654730095392183,0.0
1690209706667896288,682954,0.42190997583588424,0.07662223236811931,0.0
1690209706668432944,682954,0.42195088515486134,0.07658172245225743,0.0
1690209706668537086,682954,0.421919297327825,0.07657653014002846,0.0
1690209706668746710,682954,0.4218454815372926,0.07665043785450053,0.0
1690209706668762892,682954,0.42186005528551707,0.07661954295477563,0.0
1690209706668774495,682954,0.42183099302990645,0.0765745930301832,0.0
1690209706668787120,682954,0.42182909766082166,0.07660426250872936,0.0
1690209706668793561,682954,0.42181142628150614,0.07664024275654494,0.0
1690209706668807137,682954,0.4218512675565117,0.07661684276083533,0.0
1690209706677733901,682955,0.4217916160548577,0.07668446051862253,0.0
1690209706679583846,682955,0.4217863551597402,0.07672970532044658,0.0
1690209706679848477,682955,0.4217837537560816,0.07671688040969124,0.0
1690209706680285324,682955,0.4217048323514432,0.07678720445780546,0.0
1690209706680309891,682955,0.42164613686861097,0.07677404587898148,0.0
1690209706680319943,682955,0.42165435631941667,0.07672875351886639,0.0
1690209706680326914,682955,0.4216888238343809,0.07665937289718701,0.0
1690209706680347117,682955,0.42165756618855266,0.07665323638604146,0.0
1690209706680365048,682955,0.42184757116067295,0.07644296001148458,0.0
1690209706680374565,682955,0.42185419951222136,0.07638740515645746,0.0
1690209706684248769,682956,0.4219390343228422,0.07634447626457068,0.0
1690209706685364014,682956,0.4221027805194595,0.07617950927448584,0.0
1690209706685438031,682956,0.42209996638663805,0.0761975511759591,0.0
1690209706685693286,682956,0.4220587536889303,0.07625569716211582,0.0
1690209706685703877,682956,0.42206621516110504,0.07623652478188139,0.0
1690209706685709946,682956,0.42207247979059803,0.0761721762907339,0.0
1690209706685722173,682956,0.4220454925168585,0.07621993499892396,0.0
1690209706685729737,682956,0.4219983044952364,0.07627160006683319,0.0
1690209706685737036,682956,0.4220710380450565,0.07618443622085251,0.0
1690209706685741625,682956,0.4220704480810259,0.07620867062656891,0.0
1690209706693074686,682957,0.4220622648122836,0.07625465025088887,0.0
1690209706693412398,682957,0.4221322536356075,0.07622179886616688,0.0
1690209706694316829,682957,0.4220755829665145,0.07627859643855986,0.0
1690209706694349248,682957,0.42202681845692647,0.0762998633922305,0.0
1690209706694638451,682957,0.4220303424628731,0.07630244336336153,0.0
1690209706694770762,682957,0.42206264333049337,0.07623252822569204,0.0
1690209706694805660,682957,0.4220355796432794,0.07623669807669214,0.0
1690209706694814048,682957,0.4221431035153935,0.0761323496756918,0.0
1690209706694830836,682957,0.42217206670505625,0.07606792442248421,0.0
1690209706694893161,682957,0.42233097623144306,0.07592921213800212,0.0
1690209706700724803,682958,0.42238903988878584,0.07585001529914243,0.0
1690209706701644885,682958,0.4224593792955978,0.07586369041927037,0.0
1690209706702028512,682958,0.4225384489546904,0.07579259411092991,0.0
1690209706702035646,682958,0.4225114797978167,0.07581806064868096,0.0
1690209706702369117,682958,0.42256800388788013,0.07581995077278736,0.0
1690209706702391677,682958,0.42245332533211066,0.07591648949665689,0.0
1690209706702406281,682958,0.4224333303630895,0.07593835462968984,0.0
1690209706702423055,682958,0.42234699728718483,0.07600043665723212,0.0
1690209706702433381,682958,0.4223148880760528,0.07605518109721046,0.0
1690209706702448361,682958,0.42225493186477125,0.0760613636714142,0.0
1690209706709742692,682959,0.42219171645973974,0.07617673671180464,0.0
1690209706710290362,682959,0.42217168342256217,0.07621152486163027,0.0
1690209706710495618,682959,0.422136126710136,0.07627266302998473,0.0
1690209706710681680,682959,0.42214526983875156,0.07631304255899055,0.0
1690209706710703291,682959,0.4221285366679649,0.07638039764539409,0.0
1690209706711298173,682959,0.4221258114455177,0.07641758973332237,0.0
1690209706711396922,682959,0.42197340026641683,0.07656308373966289,0.0
1690209706711672398,682959,0.422019563758118,0.07653216294674897,0.0
1690209706711693015,682959,0.4220677453125666,0.07638762928527336,0.0
1690209706711712259,682959,0.4220238912404233,0.07641295811454062,0.0
1690209706717600646,682960,0.4220989876640713,0.0763681792749571,0.0
1690209706718355737,682960,0.4221467204236634,0.07624558134596163,0.0
1690209706718466143,682960,0.42214614275812,0.07626047671291082,0.0
1690209706718747057,682960,0.42222209151282425,0.07624224139854993,0.0
1690209706718877138,682960,0.42218557870408424,0.07626067774534938,0.0
1690209706718897641,682960,0.42216660480778573,0.07626057317350278,0.0
1690209706718908100,682960,0.42198989872771797,0.07642489366690518,0.0
1690209706718919118,682960,0.42197478532280797,0.07645845598943056,0.0
1690209706719098354,682960,0.4219220330990035,0.07646041639045069,0.0
1690209706719228754,682960,0.421803433438324,0.07663093807275517,0.0
1690209706726950552,682961,0.42181963205576073,0.07662682011182867,0.0
1690209706727878568,682961,0.4217890752467343,0.07666756413404624,0.0
1690209706728075441,682961,0.42182456163185494,0.07670311270791383,0.0
1690209706728264994,682961,0.42179125731178424,0.07679691339748887,0.0
1690209706728532003,682961,0.42179161500949625,0.07682446332823098,0.0
1690209706728705111,682961,0.4215945965694561,0.0770162115712737,0.0
1690209706728823616,682961,0.42161068624735976,0.07699464897870795,0.0
1690209706729126448,682961,0.42168287584678726,0.076817947834898,0.0
1690209706729138199,682961,0.42162204629556127,0.07685460628175977,0.0
1690209706729151690,682961,0.42166598279040957,0.07682063573800471,0.0
1690209706734516079,682962,0.42171832767428397,0.07667476739032324,0.0
1690209706735526207,682962,0.4217333888117994,0.07663329878567131,0.0
1690209706735582696,682962,0.42181392860262523,0.07659805280855154,0.0
1690209706735734695,682962,0.42186356878526504,0.07650514923051929,0.0
1690209706735830367,682962,0.4218777882616893,0.0764609917667571,0.0
1690209706736063949,682962,0.42174437430281936,0.07662042761207594,0.0
1690209706736075829,682962,0.42183631184549036,0.07653897765238363,0.0
1690209706736084339,682962,0.4218077263179675,0.07652868619722458,0.0
1690209706736092069,682962,0.4216953990989166,0.07671427590205707,0.0
1690209706736102111,682962,0.42171897606422065,0.07670075846611266,0.0
1690209706742753498,682963,0.42168400667257067,0.07672703702513779,0.0
1690209706743741398,682963,0.421708189007735,0.07678185250647114,0.0
1690209706744031474,682963,0.42169111053092645,0.0768735649496396,0.0
1690209706744418241,682963,0.4217270859564831,0.07685585776586473,0.0
1690209706744439908,682963,0.4215834145815376,0.07699647797243776,0.0
1690209706744464481,682963,0.4215728215055138,0.07703600583084605,0.0
1690209706744474762,682963,0.42171134058116877,0.07684687592888755,0.0
1690209706744533495,682963,0.4216423645133398,0.07691407149950734,0.0
1690209706744547688,682963,0.42168038389021734,0.07689733756323074,0.0
1690209706744565382,682963,0.42176207131492144,0.07673829749929093,0.0
1690209706750638571,682964,0.4218086566254678,0.07664886764298216,0.0
1690209706751369493,682964,0.42186046952172107,0.07664705128186845,0.0
1690209706751664683,682964,0.42198092752714195,0.07648690432415171,0.0
1690209706751681960,682964,0.42200134609439655,0.07641785982866436,0.0
1690209706751850223,682964,0.42199184568784004,0.07646221836182283,0.0
1690209706751963388,682964,0.42214987070788845,0.07630165024699476,0.0
1690209706752199638,682964,0.422167599532776,0.07629972958416724,0.0
1690209706752214107,682964,0.4221096920556624,0.07642148948970495,0.0
1690209706752220216,682964,0.422128340913677,0.0764028219786719,0.0
1690209706752347193,682964,0.42211722294948467,0.07641955176511973,0.0
1690209706759275633,682965,0.4220248243354162,0.07655231405954033,0.0
1690209706760593174,682965,0.4219543456947664,0.07668019295327236,0.0
1690209706760991041,682965,0.421974014668754,0.07664834189894354,0.0
1690209706761006447,682965,0.42177498675656877,0.07687033250891401,0.0
1690209706761015769,682965,0.42177481863249205,0.07691909166975942,0.0
1690209706761021906,682965,0.42184578178896964,0.07683701693103533,0.0
1690209706761067442,682965,0.4217322519463578,0.07693262609311989,0.0
1690209706761074959,682965,0.421720400572199,0.0769576894536702,0.0
1690209706761081020,682965,0.4217708042053875,0.07686431806079433,0.0
1690209706761109135,682965,0.42180297492794405,0.0768123131164021,0.0
1690209706768481346,682966,0.42184058530532037,0.07681112455789618,0.0
1690209706769681396,682966,0.4219086018398826,0.07669592674459616,0.0
1690209706769854852,682966,0.4219714751254804,0.07659213059102159,0.0
1690209706770250283,682966,0.4219599909908922,0.07658985307811354,0.0
1690209706770293987,682966,0.4220830128034674,0.0764495111487564,0.0
1690209706770308555,682966,0.42216365540643835,0.07639784814765378,0.0
1690209706770319716,682966,0.4220713648506429,0.076457273761938,0.0
1690209706770328072,682966,0.42210511450539817,0.0764321912708934,0.0
1690209706770353130,682966,0.4221899268482737,0.07635979824514573,0.0
1690209706770362300,682966,0.4221119384665666,0.07645534100581561,0.0
1690209706778989920,682967,0.42208180398133727,0.07654566285809183,0.0
1690209706779106608,682967,0.42195436771359385,0.07663673217813975,0.0
1690209706779500381,682967,0.421843807305368,0.07677524886097353,0.0
1690209706779510660,682967,0.4217971376911318,0.07683572109104281,0.0
1690209706779520247,682967,0.4217137873510096,0.07694314795734833,0.0
1690209706779526487,682967,0.4216257054602797,0.07704001457781862,0.0
1690209706779531453,682967,0.4215138380034086,0.07708263559672196,0.0
1690209706779544088,682967,0.42154101407198974,0.0770618959932947,0.0
1690209706779569203,682967,0.4215812039568007,0.077049023907118,0.0
1690209706779578147,682967,0.42154717664619384,0.0770807123911796,0.0
1690209706785627547,682968,0.42159486430160104,0.07701407677379225,0.0
1690209706786370522,682968,0.4216212036991521,0.07694419333269406,0.0
1690209706786399045,682968,0.4217124257222321,0.07681555826809472,0.0
1690209706786720684,682968,0.42180048728409336,0.07671291042075074,0.0
1690209706786827916,682968,0.42181549622652126,0.07667629514166921,0.0
1690209706786836344,682968,0.42182198774860086,0.07660751313294843,0.0
1690209706786840516,682968,0.4218486516008406,0.0765374771582703,0.0
1690209706786883590,682968,0.42192144800457065,0.07647018955915938,0.0
1690209706786898172,682968,0.4219647494739618,0.07641219168685087,0.0
1690209706786917407,682968,0.42193829051011594,0.07641462876581528,0.0
1690209706793557576,682969,0.421809409413761,0.0765346031159805,0.0
1690209706794108263,682969,0.42187271532690723,0.07648204797143247,0.0
1690209706794735653,682969,0.42180993963049124,0.07652000394616756,0.0
1690209706794743905,682969,0.4217224390821102,0.07670668599482386,0.0
1690209706795050960,682969,0.4217204272612474,0.0767377875087854,0.0
1690209706795073555,682969,0.42165250545798405,0.07677874711568794,0.0
1690209706795083037,682969,0.4216756627793709,0.07681473221068304,0.0
1690209706795090722,682969,0.4216786432618135,0.07686596093473912,0.0
1690209706795108556,682969,0.42163322126485764,0.07692624350377497,0.0
1690209706795114211,682969,0.4215253107059484,0.07701509156231774,0.0
1690209706801442021,682970,0.4215337670431314,0.07700919353874013,0.0
1690209706802342026,682970,0.4216562037996262,0.07680744561262473,0.0
1690209706802542057,682970,0.4216453389773917,0.0767904305522513,0.0
1690209706802826622,682970,0.42171373345412255,0.0767588765783117,0.0
1690209706802974803,682970,0.4217719687953996,0.07664316122438342,0.0
1690209706803069603,682970,0.4217821058391323,0.0766237344408761,0.0
1690209706803298965,682970,0.4218614667512332,0.07660530786952825,0.0
1690209706803311983,682970,0.4218070196954426,0.0766072206182209,0.0
1690209706803323374,682970,0.42179027779347406,0.07661801737290644,0.0
1690209706803340000,682970,0.4215846545271607,0.07682649337770946,0.0
1690209706809265655,682971,0.4216173603761154,0.07681440587788395,0.0
1690209706810482392,682971,0.4215768765275867,0.07679995772343348,0.0
1690209706810717908,682971,0.42145517611703015,0.07695153096976909,0.0
1690209706810730136,682971,0.42149796790944627,0.07693632507718004,0.0
1690209706810751278,682971,0.4214841963718289,0.07695140895885187,0.0
1690209706810757617,682971,0.4215124844386967,0.07698307814965248,0.0
1690209706810985340,682971,0.4215111831429154,0.07706962580314485,0.0
1690209706810992953,682971,0.421542847287694,0.07706893978364235,0.0
1690209706810997100,682971,0.4214080331714441,0.07721054847336958,0.0
1690209706811000653,682971,0.4214273025405464,0.07721804949530077,0.0
1690209706817647503,682972,0.42137912717988296,0.07718277977158826,0.0
1690209706818763571,682972,0.42132749068099634,0.07724060303138615,0.0
1690209706818879694,682972,0.4213322681180198,0.07719106502449626,0.0
1690209706819334062,682972,0.421337267151349,0.07711907933490662,0.0
1690209706819349676,682972,0.42136084384833544,0.07709914153909576,0.0
1690209706819361308,682972,0.42138743803619805,0.07708518484269883,0.0
1690209706819375418,682972,0.4214661178521244,0.07697874865071677,0.0
1690209706819411067,682972,0.42146116394774746,0.07698266691514724,0.0
1690209706819446707,682972,0.4213164199707984,0.07714475238921858,0.0
1690209706819482058,682972,0.42133653756032746,0.0771214498686588,0.0
1690209706825790099,682973,0.421299251058018,0.07711856469684726,0.0
1690209706827142606,682973,0.42119293742652275,0.07722117643675529,0.0
1690209706827417586,682973,0.42121278853555294,0.07721904774735108,0.0
1690209706827438948,682973,0.421199923493942,0.07718684902701113,0.0
1690209706827449139,682973,0.4212048856670144,0.07719734728311096,0.0
1690209706827697866,682973,0.4212132052657153,0.0772174899737425,0.0
1690209706827720250,682973,0.4212155638669457,0.0772111150683269,0.0
1690209706827747471,682973,0.4211543990015987,0.07727372706919532,0.0
1690209706827755557,682973,0.42115985647812876,0.07727749121633257,0.0
1690209706827762343,682973,0.42112134050375805,0.0772803694144237,0.0
1690209706835773425,682974,0.4210836641832626,0.0773072751913604,0.0
1690209706836052548,682974,0.42108276463297756,0.07727505430115003,0.0
1690209706836313498,682974,0.4210786479979412,0.07726061787240665,0.0
1690209706836322249,682974,0.4211089444419725,0.07720826739908866,0.0
1690209706836326626,682974,0.42111408793021343,0.07718380813286925,0.0
1690209706836340704,682974,0.4212182114215822,0.07705887375239644,0.0
1690209706836350301,682974,0.42120108795652567,0.07704773674145199,0.0
1690209706836356974,682974,0.421213373361368,0.07706936103572394,0.0
1690209706836365141,682974,0.42129060601826296,0.07699701566004703,0.0
1690209706836388204,682974,0.42126550118558026,0.07700117434563115,0.0
1690209706842600010,682975,0.42124589798948114,0.07701927425345689,0.0
1690209706843226570,682975,0.42124385049910734,0.07701676607086864,0.0
1690209706843328141,682975,0.4212462208736766,0.07698230660692754,0.0
1690209706843668290,682975,0.4212694064861181,0.07695837156282054,0.0
1690209706843683174,682975,0.42126319984741495,0.0769838188450467,0.0
1690209706843711051,682975,0.4212759648772164,0.07696329368796773,0.0
1690209706843721578,682975,0.42129282206327623,0.07695059668388811,0.0
1690209706843734002,682975,0.4212850901082998,0.076962977877478,0.0
1690209706843746519,682975,0.42131556261061565,0.07695104038752838,0.0
1690209706843764185,682975,0.4213027699198366,0.07696419427411173,0.0
1690209706851467760,682976,0.4213003358123242,0.07697508157724152,0.0
1690209706852094084,682976,0.4213055944676939,0.07697631689389112,0.0
1690209706852254239,682976,0.42129448957774246,0.07695771381300413,0.0
1690209706853250666,682976,0.4212955944225331,0.07695605739310159,0.0
1690209706853435736,682976,0.42130321793785863,0.07694890509469825,0.0
1690209706853785527,682976,0.421295795353567,0.07693353839403726,0.0
1690209706853804479,682976,0.4213619405542872,0.07688263019247782,0.0
1690209706853813746,682976,0.4213915902788182,0.07685212620381912,0.0
1690209706853823787,682976,0.4214367213732244,0.07685763477309399,0.0
1690209706853858774,682976,0.42145112228706416,0.07684198892440855,0.0
1690209706858919632,682977,0.42145748736958194,0.07684724739303544,0.0
1690209706859688650,682977,0.421488573371791,0.07681720852840483,0.0
1690209706860117898,682977,0.4214390681262197,0.07688128970009198,0.0
1690209706860430262,682977,0.4214058796437475,0.07689826401364097,0.0
1690209706860748839,682977,0.4213830257478652,0.07691217740508942,0.0
1690209706860755331,682977,0.42137185317135556,0.07692178511416593,0.0
1690209706860759100,682977,0.4213793812597587,0.07691839229543765,0.0
1690209706860799023,682977,0.4213883775596913,0.07692667129051968,0.0
1690209706860812511,682977,0.42138715342336514,0.07693219274730366,0.0
1690209706860822464,682977,0.4214103548825009,0.07693996889187435,0.0
1690209706867850365,682978,0.4214021213805194,0.07695836728233386,0.0
1690209706868133063,682978,0.42140211011076556,0.07697644370880852,0.0
1690209706868895354,682978,0.42138887880939624,0.07699706942597327,0.0
1690209706869049662,682978,0.4213134801243287,0.07706821195706637,0.0
1690209706869363908,682978,0.4213115783935365,0.07707081251483235,0.0
1690209706869389076,682978,0.42127692564813357,0.07705094194330724,0.0
1690209706869407415,682978,0.4212506184001729,0.07707707296058823,0.0
1690209706869420309,682978,0.4212647794009452,0.0770515206462999,0.0
1690209706869436102,682978,0.421269819874767,0.07704586147317742,0.0
1690209706869451234,682978,0.42127039580603576,0.07706322782403598,0.0
1690209706876080281,682979,0.42126973558050435,0.07707187840973442,0.0
1690209706876246817,682979,0.4212739248111143,0.07705781371591437,0.0
1690209706876477034,682979,0.42126542889128077,0.07708103607036178,0.0
1690209706876608684,682979,0.4213115993706056,0.07703270994240029,0.0
1690209706877281452,682979,0.4212861507092125,0.07706045078249917,0.0
1690209706877556993,682979,0.42130406292720746,0.07707181508937008,0.0
1690209706877800002,682979,0.42139884196163535,0.07698600673282667,0.0
1690209706877817315,682979,0.42136452380666106,0.07701625356478639,0.0
1690209706877822767,682979,0.4213812255093069,0.07705285175774532,0.0
1690209706877865767,682979,0.4213765258764536,0.07702541601818051,0.0
1690209706885676125,682980,0.42140156201986884,0.07696705815399417,0.0
1690209706886987173,682980,0.4213709612572429,0.07701118349688191,0.0
1690209706887164278,682980,0.42143119327275835,0.07694239407865326,0.0
1690209706887417285,682980,0.4214275176709996,0.0768857040546232,0.0
1690209706887441034,682980,0.4214476006564036,0.07692111534064981,0.0
1690209706887599857,682980,0.42152408199936725,0.07684577867485513,0.0
1690209706887617346,682980,0.4215860094806593,0.07688554287537946,0.0
1690209706887629179,682980,0.4215796982346383,0.07696393603134466,0.0
1690209706887638979,682980,0.42153499742127326,0.07706472878025543,0.0
1690209706887660698,682980,0.42155463171219865,0.0770725240142309,0.0
1690209706893671106,682981,0.4213451535329018,0.07730795754734178,0.0
1690209706893748528,682981,0.42131694344536647,0.07738148331695814,0.0
1690209706894160958,682981,0.4212888626738288,0.07735471708283995,0.0
1690209706894179554,682981,0.4211316885090567,0.07753047728978255,0.0
1690209706894190336,682981,0.42113234601057997,0.07751161388287663,0.0
1690209706894198179,682981,0.4212096660177846,0.07740594084687175,0.0
1690209706894204654,682981,0.42117663336789557,0.07745447068818298,0.0
1690209706894222164,682981,0.42115882487709183,0.07752947569396561,0.0
1690209706894226771,682981,0.4212435493121719,0.07742083026351314,0.0
1690209706894242576,682981,0.42127131672140294,0.07735627652371686,0.0
1690209706901066737,682982,0.4212766554041474,0.07739587584731718,0.0
1690209706901654791,682982,0.4213487051425082,0.07728807694468832,0.0
1690209706901896477,682982,0.4213745658439934,0.07721024048436058,0.0
1690209706902114947,682982,0.42134755701700244,0.077183291110461,0.0
1690209706902130901,682982,0.42145436922640717,0.0770563958910422,0.0
1690209706902286358,682982,0.4215179132218285,0.07702668559075429,0.0
1690209706902992770,682982,0.4215076133786306,0.07703870149048385,0.0
1690209706903281626,682982,0.4214800666861112,0.07707258199328634,0.0
1690209706903426576,682982,0.42152954957757804,0.07703427431689083,0.0
1690209706903446896,682982,0.4214793361453725,0.07710791943711637,0.0
1690209706909381941,682983,0.4214463731120093,0.07717146396224851,0.0
1690209706909532117,682983,0.42133320546271946,0.07733078210718085,0.0
1690209706909687602,682983,0.42124921864961984,0.07744817840783978,0.0
1690209706910477264,682983,0.42118535731864853,0.07749372976702784,0.0
1690209706910660481,682983,0.4211743767479858,0.07756789712678348,0.0
1690209706910862943,682983,0.42114152089895346,0.07761982362956875,0.0
1690209706910879431,682983,0.42109599639708867,0.07766271805662622,0.0
1690209706910894291,682983,0.4210939197757524,0.07768755258881607,0.0
1690209706910906795,682983,0.42110301749202717,0.07768118053526235,0.0
1690209706910929490,682983,0.42122063902009577,0.0775916939581436,0.0
1690209706917867339,682984,0.42118795968915207,0.07759553920250223,0.0
1690209706918195751,682984,0.4212612888711683,0.07755107552964846,0.0
1690209706918504794,682984,0.4213408729042495,0.07739401180175294,0.0
1690209706918711916,682984,0.4213673073927888,0.07735531930271261,0.0
1690209706919297906,682984,0.42145369561678553,0.07733028457057553,0.0
1690209706919464687,682984,0.4213974098343124,0.07730654626136668,0.0
1690209706919702824,682984,0.42139488091872945,0.07728314729464014,0.0
1690209706919970765,682984,0.42140469018102483,0.07729471253148276,0.0
1690209706919990302,682984,0.42142361949532303,0.07727856382929227,0.0
1690209706919997619,682984,0.4213779004581839,0.07733172841673952,0.0
1690209706926868957,682985,0.4212351480863496,0.07751704553174027,0.0
1690209706926982415,682985,0.421236627779913,0.07756043138904571,0.0
1690209706927249665,682985,0.4212111466005885,0.07759876411585101,0.0
1690209706927598787,682985,0.4211628667444357,0.07771998683487788,0.0
1690209706927612461,682985,0.42116674607879173,0.07777704093164481,0.0
1690209706927623296,682985,0.4211055396079174,0.07780551835311608,0.0
1690209706927631834,682985,0.42099122663692334,0.07795388981882652,0.0
1690209706927656621,682985,0.4209837427536076,0.07801946300957234,0.0
1690209706927665026,682985,0.4210102151684707,0.07795882694201271,0.0
1690209706927676713,682985,0.4208605630230356,0.0780828366192412,0.0
1690209706935854483,682986,0.42083896272627,0.07806771166793967,0.0
1690209706936987603,682986,0.42085307750105544,0.07796137420535822,0.0
1690209706937202830,682986,0.4208302327896772,0.07796032693121242,0.0
1690209706937219779,682986,0.4208409847406024,0.07793467545605981,0.0
1690209706937504559,682986,0.4208883060142904,0.07780583834005875,0.0
1690209706937515254,682986,0.4209333785201329,0.07770475009748125,0.0
1690209706937521115,682986,0.42093463966715433,0.07770317707403353,0.0
1690209706937543577,682986,0.4211606165460716,0.07747494383035762,0.0
1690209706937562083,682986,0.42117587231213777,0.07745410323003486,0.0
1690209706937572840,682986,0.42106555576762766,0.07756344830524073,0.0
1690209706944985762,682987,0.42116355374595815,0.07746684147775568,0.0
1690209706945360077,682987,0.4211992923550054,0.07741836173587661,0.0
1690209706946376121,682987,0.42113752296100193,0.0775192719279819,0.0
1690209706946519448,682987,0.42111876920366675,0.07753313342273513,0.0
1690209706946777103,682987,0.4210787066181589,0.07750040237128092,0.0
1690209706946793093,682987,0.4211573015600434,0.07746558599399707,0.0
1690209706946802021,682987,0.42112457650370133,0.07752854892962636,0.0
1690209706946829239,682987,0.42116042732166725,0.07756557638953593,0.0
1690209706946841382,682987,0.4211108563073137,0.07762301256256618,0.0
1690209706946870703,682987,0.42110191781991363,0.07765872742840123,0.0
1690209706950992795,682988,0.42113722396863373,0.07763625427359579,0.0
1690209706951936541,682988,0.4210721728338105,0.07774241554637998,0.0
1690209706952063263,682988,0.4210475300094169,0.07774641316382713,0.0
1690209706952397135,682988,0.4209165331523706,0.07785391371441318,0.0
1690209706952412928,682988,0.4209599293126359,0.07782307848738777,0.0
1690209706952420200,682988,0.4209701204491084,0.07775918349218529,0.0
1690209706952426499,682988,0.42100298869497343,0.07772146605395487,0.0
1690209706952438022,682988,0.4209881108853505,0.07767412707253973,0.0
1690209706952457044,682988,0.4209741316376323,0.0776999033306072,0.0
1690209706952477822,682988,0.4210524778405542,0.07763508257443079,0.0
1690209706959937957,682989,0.42103542908603087,0.07765479576273271,0.0
1690209706960155181,682989,0.4210374402560943,0.07768343574087357,0.0
1690209706961159049,682989,0.421060472245207,0.07763883011570509,0.0
1690209706961339020,682989,0.42103802936808615,0.07763225555324708,0.0
1690209706961745609,682989,0.4211194160934736,0.07757229927195543,0.0
1690209706961764944,682989,0.4211064276817556,0.07758484911375259,0.0
1690209706961795188,682989,0.4210847173510052,0.07755933087682579,0.0
1690209706961802648,682989,0.4210758280163775,0.0775533522970464,0.0
1690209706961823470,682989,0.42109173068915695,0.07752394239893487,0.0
1690209706961842701,682989,0.42112936828941805,0.07746985112766676,0.0
1690209706968273029,682990,0.421084669239797,0.07750922041160584,0.0
1690209706968682123,682990,0.4210754622469778,0.07748661823694344,0.0
1690209706968740664,682990,0.4211199066953633,0.077424008343979,0.0
1690209706969686014,682990,0.42114053829476283,0.07738453921259864,0.0
1690209706969718186,682990,0.4211509238077208,0.07743876999997408,0.0
1690209706969911770,682990,0.421274347471059,0.07732940377793084,0.0
1690209706969927151,682990,0.42122699844380895,0.0773417907356419,0.0
1690209706969933410,682990,0.4212289410036558,0.07744587754772649,0.0
1690209706969940304,682990,0.4212972085429634,0.07739206535291474,0.0
1690209706969954366,682990,0.421251291988975,0.07744268051430789,0.0
1690209706977773139,682991,0.42111746920436793,0.07761009773831168,0.0
1690209706978243543,682991,0.42109767223343497,0.07763255844761432,0.0
1690209706978513125,682991,0.42112625343006266,0.0775192680914766,0.0
1690209706979630703,682991,0.42102702364952166,0.07764162046593598,0.0
1690209706979807744,682991,0.4210232622715647,0.07767477507814154,0.0
1690209706980168210,682991,0.4211192118342784,0.07753548689281305,0.0
1690209706980176756,682991,0.42109031688030535,0.07757346055254026,0.0
1690209706980191333,682991,0.42113568120373496,0.07759668401342582,0.0
1690209706980212569,682991,0.4212335756818724,0.07748255920767243,0.0
1690209706980224724,682991,0.4212087479324516,0.07749173561431805,0.0
1690209706986608697,682992,0.4211383982682313,0.07758058078655476,0.0
1690209706986770306,682992,0.42122678343016107,0.077463487465835,0.0
1690209706987701882,682992,0.4212615844716995,0.07737718290496162,0.0
1690209706987785969,682992,0.4211877046307521,0.07743562312076731,0.0
1690209706988007894,682992,0.4213362690979706,0.07728080045936678,0.0
1690209706988013296,682992,0.42138269473297796,0.07717460932764225,0.0
1690209706988017479,682992,0.4214452054914529,0.07713753455647564,0.0
1690209706988039257,682992,0.42151491574587624,0.07707235589637967,0.0
1690209706988047263,682992,0.4215320950021586,0.07706012825796364,0.0
1690209706988067815,682992,0.42156137006909894,0.07708011002359502,0.0
1690209706993636116,682993,0.42153300801064175,0.07712250158652266,0.0
1690209706993829502,682993,0.42153157552463355,0.07718957659576402,0.0
1690209706994431516,682993,0.42147352518991427,0.07726828595924148,0.0
1690209706994528642,682993,0.42138124548643635,0.07738201299267582,0.0
1690209706994760247,682993,0.4214156759082003,0.07737690072501117,0.0
1690209706994776200,682993,0.421342260537006,0.07747880343992648,0.0
1690209706994784222,682993,0.42129018598670886,0.07754343615174034,0.0
1690209706994792720,682993,0.42130179169084414,0.0775688818082784,0.0
1690209706994799231,682993,0.4212597474058596,0.07761758485330043,0.0
1690209706994861845,682993,0.4213625372696954,0.07753217983199362,0.0
1690209707002686685,682994,0.42132657266300594,0.07754924016702157,0.0
1690209707003891711,682994,0.42135525607580504,0.07751274845298216,0.0
1690209707004071837,682994,0.4213976507206815,0.0774456082243445,0.0
1690209707004204646,682994,0.4214347267406213,0.07738600178442458,0.0
1690209707004537887,682994,0.42149020206552423,0.07734932484040556,0.0
1690209707004546807,682994,0.42154209814604726,0.07725343183219822,0.0
1690209707004565829,682994,0.4216095634037318,0.07714526108673726,0.0
1690209707004578424,682994,0.42163195495933425,0.07718159708608115,0.0
1690209707004600355,682994,0.4217092960980477,0.07711390606521085,0.0
1690209707004609851,682994,0.421697120365494,0.07710434687840169,0.0
1690209707009457321,682995,0.4216473180127456,0.07716414184957623,0.0
1690209707009631491,682995,0.42162145592942935,0.07719247100449393,0.0
1690209707009919882,682995,0.42162339598901943,0.07719745866642652,0.0
1690209707010226794,682995,0.42148694496304784,0.07733616920662822,0.0
1690209707011029447,682995,0.42139607695039205,0.07748398090902789,0.0
1690209707011149318,682995,0.4213779278015244,0.07747425191099917,0.0
1690209707011494294,682995,0.4213051814152905,0.07758879879655278,0.0
1690209707011511671,682995,0.4212735437226714,0.07767521967576291,0.0
1690209707011519474,682995,0.42118122345823306,0.07776714596825043,0.0
1690209707011529101,682995,0.4211403606343789,0.07782507637541052,0.0
1690209707018569227,682996,0.4210826511685304,0.07786387721050371,0.0
1690209707018817788,682996,0.42108755824528105,0.07788929745954654,0.0
1690209707019011981,682996,0.4210348643476704,0.07793173101008428,0.0
1690209707019019121,682996,0.4209980163603727,0.07794994395078488,0.0
1690209707019024001,682996,0.4210396339695883,0.07783779430578452,0.0
1690209707019030628,682996,0.4210574484132298,0.07778462630932846,0.0
1690209707019042572,682996,0.4212231312156554,0.07759655314066848,0.0
1690209707019048474,682996,0.4212128466598884,0.07754554798763548,0.0
1690209707019113930,682996,0.42127951961440535,0.07750906091594008,0.0
1690209707019123706,682996,0.4214049143840633,0.07737098278113652,0.0
1690209707026304350,682997,0.4214677184434564,0.07729982567198113,0.0
1690209707026415536,682997,0.42149949366166595,0.07732714248753489,0.0
1690209707026775726,682997,0.4213813282681472,0.07743136495032814,0.0
1690209707027195953,682997,0.42138823890330374,0.07740150524975864,0.0
1690209707027268135,682997,0.4212806190773841,0.07747922064778216,0.0
1690209707027352851,682997,0.4212586850337932,0.07752334594140964,0.0
1690209707027608010,682997,0.4212584480994829,0.0775028165289892,0.0
1690209707027614179,682997,0.4211228047453932,0.07757026053504569,0.0
1690209707027617258,682997,0.4211764709268564,0.07754769216625026,0.0
1690209707027634683,682997,0.4211797007145388,0.07754988655246849,0.0
1690209707034044603,682998,0.42122680296252235,0.07750697185226922,0.0
1690209707034360922,682998,0.421187956694325,0.07754937097319127,0.0
1690209707034848511,682998,0.42119894693100424,0.07754392372998964,0.0
1690209707034887277,682998,0.42131684178802226,0.07744816668007669,0.0
1690209707035083946,682998,0.42126667725848355,0.07751220265891413,0.0
1690209707035091968,682998,0.42124498491599616,0.07759739688046557,0.0
1690209707035102251,682998,0.42124244464849125,0.07757471648376361,0.0
1690209707035110732,682998,0.42122639048386573,0.07755263794361933,0.0
1690209707035117363,682998,0.42123346689772095,0.07757703837429263,0.0
1690209707035132883,682998,0.42134402486266304,0.07745644267824207,0.0
1690209707044294167,682999,0.42130549702172304,0.07745379974073,0.0
1690209707044509475,682999,0.4212391989465751,0.07756666329132712,0.0
1690209707044639140,682999,0.4213186099715504,0.07750976618614147,0.0
1690209707044646078,682999,0.42136399940854435,0.07743638435274021,0.0
1690209707044659475,682999,0.42125247660427934,0.0775898916992083,0.0
1690209707044665306,682999,0.4212518074679015,0.0775730216067203,0.0
1690209707044673471,682999,0.4212334571143215,0.07750215213910065,0.0
1690209707044681051,682999,0.4212438703445586,0.07751466654766359,0.0
1690209707044727976,682999,0.4212242151996915,0.07756793212550422,0.0
1690209707044736490,682999,0.4213532108992834,0.07743308611883253,0.0
1690209707050364260,683000,0.4213401254080395,0.07743984991219903,0.0
1690209707050491342,683000,0.42135728279334483,0.07746472046343368,0.0
1690209707050630574,683000,0.42148865345514674,0.07729336144662437,0.0
1690209707050788295,683000,0.42146821793631306,0.07729882979456802,0.0
1690209707051225936,683000,0.42141358208169244,0.07730854299658621,0.0
1690209707051288133,683000,0.4214340423780765,0.07723458222322088,0.0
1690209707051416357,683000,0.4214740787864187,0.07711039576443582,0.0
1690209707051425719,683000,0.42145680148262654,0.07710271670785691,0.0
1690209707051431094,683000,0.4215711131933919,0.07696983091738507,0.0
1690209707051434411,683000,0.42157797302363353,0.07692057683447844,0.0
1690209707059956606,683001,0.42162637090247074,0.07692400601917301,0.0
1690209707060805827,683001,0.4216907203748048,0.07686312558425827,0.0
1690209707060885343,683001,0.42165956151362965,0.07693476753168653,0.0
1690209707061103090,683001,0.42159677367415854,0.0770542038452068,0.0
1690209707061110084,683001,0.42155082705587565,0.0770988346337296,0.0
1690209707061119763,683001,0.4215351982854641,0.07712275374023378,0.0
1690209707061130477,683001,0.42152256793555765,0.07719484238651994,0.0
1690209707061136783,683001,0.4214892009391421,0.0772536361766773,0.0
1690209707061142593,683001,0.4214029135077805,0.07734444865488765,0.0
1690209707061168192,683001,0.4213459434120281,0.0774157414033587,0.0
1690209707069430895,683002,0.42138092569454366,0.07736026765049119,0.0
1690209707069654751,683002,0.42132409669484777,0.07736824016666499,0.0
1690209707069746604,683002,0.42130395781854924,0.07735143897698775,0.0
1690209707069889202,683002,0.4213486782917063,0.07725313713495566,0.0
1690209707070238940,683002,0.42136554729759407,0.07719050487094865,0.0
1690209707070274782,683002,0.4213690899131464,0.07716019894696122,0.0
1690209707070293557,683002,0.4214709481883546,0.07704556405333143,0.0
1690209707070310225,683002,0.421563022549435,0.07692754801793301,0.0
1690209707070322592,683002,0.42158789426599763,0.07692095568336339,0.0
1690209707070334734,683002,0.4215389749748647,0.07695524746424824,0.0
1690209707076213428,683003,0.42155307174117473,0.07694786874570732,0.0
1690209707076760386,683003,0.42148066594836453,0.07695976119833699,0.0
1690209707076881535,683003,0.4214215729240207,0.07702577661321103,0.0
1690209707077046535,683003,0.4214627113008836,0.0769864270512064,0.0
1690209707077059553,683003,0.42143766013471984,0.07698305029877392,0.0
1690209707077414168,683003,0.4214515766375444,0.07697495575858472,0.0
1690209707077561838,683003,0.4214541090099238,0.0769828150783913,0.0
1690209707077688885,683003,0.42155551524520907,0.07692211937792602,0.0
1690209707077812592,683003,0.42149903441593406,0.07700097072855278,0.0
1690209707077828353,683003,0.42151767231475873,0.07707175709362725,0.0
1690209707084679712,683004,0.42153497438227516,0.07700932022935869,0.0
1690209707085615984,683004,0.4214803101056028,0.07704136969863415,0.0
1690209707086127206,683004,0.4215160409619251,0.07704736158293372,0.0
1690209707086336242,683004,0.42151701947935144,0.07700707963531848,0.0
1690209707086686648,683004,0.42149505193365683,0.07700123378727664,0.0
1690209707086696612,683004,0.4214713400651005,0.07704069878857676,0.0
1690209707086702279,683004,0.4214936899719396,0.07701989557534153,0.0
1690209707086732286,683004,0.42158030077577424,0.07690926665476618,0.0
1690209707086750958,683004,0.4214190989751376,0.07704909524653016,0.0
1690209707086772247,683004,0.4214146379978634,0.07709105016533897,0.0
1690209707094966260,683005,0.42143044361843884,0.07701497315581439,0.0
1690209707095237076,683005,0.42136132251791963,0.07711995488263397,0.0
1690209707095464776,683005,0.42140721580460944,0.07713064683928163,0.0
1690209707096178920,683005,0.4213568695801123,0.0771129689710523,0.0
1690209707096441950,683005,0.42138553957447156,0.0770731979860938,0.0
1690209707096724493,683005,0.42132734500300506,0.07716157563266356,0.0
1690209707096897411,683005,0.4214259102403069,0.07707533621697886,0.0
1690209707097112106,683005,0.4213868421642176,0.07710369770058799,0.0
1690209707097123155,683005,0.42132477944059726,0.0771457491036372,0.0
1690209707097127926,683005,0.421384191009763,0.07702418384978468,0.0
1690209707101874709,683006,0.4213905695511444,0.0769830718280953,0.0
1690209707102049938,683006,0.42139426355462256,0.07694432020786568,0.0
1690209707102062044,683006,0.42136920704417163,0.0769149301101041,0.0
1690209707102467375,683006,0.4213906771000846,0.07684817411168704,0.0
1690209707102480733,683006,0.42149146937473325,0.07676437606171772,0.0
1690209707102495053,683006,0.42153940435425236,0.07671726232916606,0.0
1690209707102506011,683006,0.4215303047670568,0.07681033821041139,0.0
1690209707102515768,683006,0.4214153527732447,0.07695276672729852,0.0
1690209707102528411,683006,0.42137976004740996,0.07701823353555065,0.0
1690209707102564306,683006,0.42135814437149655,0.07705661943981315,0.0
1690209707112272023,683007,0.42127268824132225,0.07721000926742845,0.0
1690209707114084216,683007,0.4212695915400633,0.07724597686677605,0.0
1690209707114336636,683007,0.421094397522513,0.07740387017844533,0.0
1690209707114868617,683007,0.42112283254895333,0.07740622742995962,0.0
1690209707115060753,683007,0.42112080896238374,0.07740168133042315,0.0
1690209707115090043,683007,0.4210277320820695,0.07749968759622033,0.0
1690209707115124517,683007,0.4209543253789624,0.07751513695704591,0.0
1690209707115139974,683007,0.42096650761146664,0.07746818710989051,0.0
1690209707115152017,683007,0.4209884427913499,0.0773811316436916,0.0
1690209707115182071,683007,0.420974775232282,0.07737590753478371,0.0
1690209707119392864,683008,0.42107905414072405,0.07724494746127177,0.0
1690209707119772506,683008,0.4211118667728941,0.0771467332617564,0.0
1690209707119962443,683008,0.4212097840655954,0.07705030410873931,0.0
1690209707120211171,683008,0.42131307052241906,0.07692913149953778,0.0
1690209707120231796,683008,0.4213768698092142,0.07685825231154383,0.0
1690209707120243364,683008,0.42138063656269564,0.07682491513162666,0.0
1690209707120256797,683008,0.42123969552087287,0.07693752500744444,0.0
1690209707120265010,683008,0.42129222834555347,0.07691595715076606,0.0
1690209707120273683,683008,0.4212077305007859,0.07694295913495938,0.0
1690209707120279543,683008,0.42113531834791884,0.07701092431580438,0.0
1690209707126444774,683009,0.4210869639869884,0.07706012386978342,0.0
1690209707127000104,683009,0.42108047801010207,0.07701478156411325,0.0
1690209707127157768,683009,0.4210979079574781,0.07702087807406166,0.0
1690209707127301704,683009,0.42105457805759555,0.07714218421138752,0.0
1690209707127395469,683009,0.4211042700385337,0.07710472099810059,0.0
1690209707127406763,683009,0.42105369961651434,0.0771778608421163,0.0
1690209707127543878,683009,0.4210733155140071,0.07720556335902747,0.0
1690209707127703280,683009,0.4210730582594029,0.07718917914067566,0.0
1690209707127720708,683009,0.42105738737644444,0.07720930909169421,0.0
1690209707127728298,683009,0.42092328918240074,0.0773098309061284,0.0
1690209707136135029,683010,0.4209213389652863,0.0773088787293407,0.0
1690209707137890928,683010,0.42089977205882706,0.07727616723614454,0.0
1690209707138125048,683010,0.42084479636953953,0.07732575174613074,0.0
1690209707138556321,683010,0.4209114330152403,0.07718903467855444,0.0
1690209707138872348,683010,0.4209079987982477,0.07716014114683863,0.0
1690209707138890149,683010,0.42085787952909015,0.07723787986380137,0.0
1690209707138915905,683010,0.42086213664158084,0.07721738109494054,0.0
1690209707138935505,683010,0.42092353016146833,0.07711502275236147,0.0
1690209707138954599,683010,0.4208808539240756,0.07716665556835947,0.0
1690209707138980612,683010,0.42093569834903155,0.07712983878946002,0.0
1690209707144177580,683011,0.4209615996570979,0.077045223064681,0.0
1690209707144978634,683011,0.42101525771652076,0.07703803840501168,0.0
1690209707145210595,683011,0.4210045441585768,0.077051952289451,0.0
1690209707145451404,683011,0.4210756443549086,0.07696064639110302,0.0
1690209707145459210,683011,0.421041213074966,0.07698239717480759,0.0
1690209707145471745,683011,0.42102529082923335,0.076987524586512,0.0
1690209707145484790,683011,0.4210354849401259,0.07690989357818115,0.0
1690209707145491479,683011,0.4210236504331866,0.07690758713654601,0.0
1690209707145495337,683011,0.42104694567923884,0.0768506338655355,0.0
1690209707145526089,683011,0.4210361530827358,0.07680557294536641,0.0
1690209707154772523,683012,0.42105438630367104,0.07682432846296708,0.0
1690209707155324632,683012,0.4210646304507205,0.07682213775919569,0.0
1690209707155417477,683012,0.4210963850149283,0.07678602951121687,0.0
1690209707155569254,683012,0.42110732481941615,0.07683480921249203,0.0
1690209707155886126,683012,0.42095994326645786,0.07701472912606919,0.0
1690209707155907549,683012,0.42092899534999,0.0770550714633258,0.0
1690209707155944100,683012,0.42081997195021004,0.07713299981584773,0.0
1690209707155955304,683012,0.42074681313731227,0.07722299197922866,0.0
1690209707155975810,683012,0.42087023600664764,0.07710141032838556,0.0
1690209707155986880,683012,0.4208117951498558,0.0771344313498136,0.0
1690209707161187002,683013,0.4208628977410568,0.07711226289120932,0.0
1690209707161347933,683013,0.4209393941556837,0.07702674297659037,0.0
1690209707161485788,683013,0.4209347622368626,0.07705410007454971,0.0
1690209707161760326,683013,0.42090204590944424,0.07712663444828703,0.0
1690209707161772737,683013,0.42092145697167094,0.07706806960379825,0.0
1690209707161780318,683013,0.42092891923179715,0.07696351311775075,0.0
1690209707161786385,683013,0.42087314028421646,0.07700788634370152,0.0
1690209707161792952,683013,0.42095420982229775,0.07693301842104712,0.0
1690209707161820397,683013,0.420958295950617,0.07688549655328711,0.0
1690209707161826595,683013,0.4208991804185367,0.0769568814470457,0.0
1690209707168402129,683014,0.42099920752420866,0.07687528581837028,0.0
1690209707168788027,683014,0.42095277174957446,0.07690101602857419,0.0
1690209707168880789,683014,0.42092480010243283,0.07696934215860002,0.0
1690209707169358680,683014,0.4207684375051082,0.07713117780624609,0.0
1690209707169470499,683014,0.42071485703290284,0.07718729512596542,0.0
1690209707169817120,683014,0.4206445598687437,0.07725226511332291,0.0
1690209707169840134,683014,0.420602339035439,0.0773492645127711,0.0
1690209707169858576,683014,0.42055197033774894,0.07742605537977386,0.0
1690209707169871329,683014,0.42044044642879724,0.07753949624147713,0.0
1690209707169893127,683014,0.42039845775648266,0.07754525969135036,0.0
1690209707176676086,683015,0.42040775628833055,0.07757878268501794,0.0
1690209707177295676,683015,0.42040886623890344,0.07758346281694102,0.0
1690209707177940379,683015,0.4203222254644856,0.07763970477248783,0.0
1690209707178017466,683015,0.4203908466741392,0.0775604847239724,0.0
1690209707178200026,683015,0.42039248338405455,0.07746761031709552,0.0
1690209707178462240,683015,0.420552691451351,0.07730432835307373,0.0
1690209707178471649,683015,0.4206422712291287,0.0772120457838947,0.0
1690209707178488678,683015,0.4206858282847842,0.07716391820184156,0.0
1690209707178498423,683015,0.42073102848504906,0.07709282523947783,0.0
1690209707178539474,683015,0.4207538981293628,0.07706186371697574,0.0
1690209707184981305,683016,0.42079078198111036,0.07705593161845703,0.0
1690209707185775161,683016,0.42076617552947915,0.07706295291527439,0.0
1690209707186522226,683016,0.42064916015531734,0.07715420096068248,0.0
1690209707186532169,683016,0.42054773136493906,0.07725118082507726,0.0
1690209707186965928,683016,0.4205450605748896,0.07721237727360872,0.0
1690209707186982053,683016,0.42051285292405016,0.07725320211988947,0.0
1690209707186995577,683016,0.4204488228522737,0.07733368680777324,0.0
1690209707187009529,683016,0.42045107331799836,0.07732050154108934,0.0
1690209707187018262,683016,0.4204801237458936,0.07732202776791325,0.0
1690209707187046282,683016,0.4204719845209537,0.07738172399116172,0.0
1690209707193224419,683017,0.4204754709640307,0.077447942199103,0.0
1690209707194096244,683017,0.42043815176488486,0.07747830297355489,0.0
1690209707194343783,683017,0.42035578841227617,0.07758897072084087,0.0
1690209707194366082,683017,0.4203568449406251,0.07756103057744766,0.0
1690209707194559816,683017,0.42029176035611915,0.0776029806140659,0.0
1690209707194848488,683017,0.42020866040179505,0.07766327592223844,0.0
1690209707194868001,683017,0.4201685811733155,0.07760417005148752,0.0
1690209707195125022,683017,0.4202084881877521,0.07751764474637979,0.0
1690209707195140440,683017,0.4202293400443197,0.07747549567432269,0.0
1690209707195152839,683017,0.4203515488035331,0.07732502804384962,0.0
1690209707201671950,683018,0.4204334680113588,0.07720481600541859,0.0
1690209707202146222,683018,0.4204686657841888,0.07718511694875278,0.0
1690209707202341037,683018,0.42065372084186975,0.07700287967392429,0.0
1690209707202774914,683018,0.42072029274801354,0.0769468384927431,0.0
1690209707202970241,683018,0.420713666751643,0.077010806986614,0.0
1690209707203014759,683018,0.4207552147301258,0.07695214301802221,0.0
1690209707203257035,683018,0.4207615083241084,0.07691669883840535,0.0
1690209707203277436,683018,0.42074248107129014,0.07698733103946542,0.0
1690209707203286508,683018,0.42067508106238155,0.07705014952939436,0.0
1690209707203295007,683018,0.42068748443790593,0.07699706995081367,0.0
1690209707209852047,683019,0.4205900150079219,0.07709466294016361,0.0
1690209707210522422,683019,0.42064320711855896,0.07707725074628237,0.0
1690209707210898607,683019,0.4207190928126538,0.07701969630146226,0.0
1690209707210993435,683019,0.4206855017740183,0.07713043132784797,0.0
1690209707211262578,683019,0.4206850388776605,0.07716735159826522,0.0
1690209707211273640,683019,0.4206729350601063,0.0771886507384049,0.0
1690209707211282613,683019,0.42068494328525274,0.07720265936984784,0.0
1690209707211290454,683019,0.4206381603693483,0.07730283599359773,0.0
1690209707211298261,683019,0.4206395536589248,0.07730023032784948,0.0
1690209707211305170,683019,0.42053482438966094,0.07737141531578993,0.0
1690209707219433846,683020,0.42055573636988725,0.07732416446044808,0.0
1690209707220228507,683020,0.4206437492295508,0.0771769393034118,0.0
1690209707220938190,683020,0.4206300694725166,0.07723056394899766,0.0
1690209707221146085,683020,0.4206460632712526,0.0772138253764665,0.0
1690209707221435416,683020,0.4206578177721474,0.07715917212091664,0.0
1690209707221642958,683020,0.4206898741373231,0.07714883308823832,0.0
1690209707221949719,683020,0.42063314927122436,0.07724651192403856,0.0
1690209707221963317,683020,0.42065908058879475,0.07722841223036127,0.0
1690209707221970678,683020,0.42062804826985434,0.07723188851509039,0.0
1690209707222002575,683020,0.4205089427812182,0.07736766271360647,0.0
1690209707226984767,683021,0.420556946855774,0.07730771883917557,0.0
1690209707227646099,683021,0.42055467636285637,0.07732091709043064,0.0
1690209707227764741,683021,0.42045649854601247,0.07742450904710496,0.0
1690209707228084523,683021,0.420480134266759,0.07741598402918662,0.0
1690209707228098960,683021,0.42050664124040826,0.07737153488514142,0.0
1690209707228103792,683021,0.42051416224432114,0.07739822327570944,0.0
1690209707228147900,683021,0.4204994408235915,0.077480382120407,0.0
1690209707228160628,683021,0.4204727813392389,0.07748221865228166,0.0
1690209707228168397,683021,0.4204096764105524,0.0775288732966764,0.0
1690209707228173045,683021,0.42041513228656374,0.07750345793620737,0.0
1690209707235170402,683022,0.420348698417894,0.07754948090226965,0.0
1690209707236088723,683022,0.42033565572124865,0.07761692666276805,0.0
1690209707236802086,683022,0.42025887706902654,0.07760105270047463,0.0
1690209707237001342,683022,0.4202514446363303,0.07760463626081181,0.0
1690209707237021325,683022,0.4203050705510932,0.07756017792302408,0.0
1690209707237038795,683022,0.42022608978209536,0.07760963789432128,0.0
1690209707237049861,683022,0.42029694729124756,0.07755085959756043,0.0
1690209707237064061,683022,0.42018907805283034,0.077617906861406,0.0
1690209707237079399,683022,0.4202116824655863,0.07764314158085493,0.0
1690209707237140448,683022,0.42026256424990444,0.0775431874148985,0.0
1690209707243238561,683023,0.4202126506433498,0.07762734773961091,0.0
1690209707243634986,683023,0.4201827899685734,0.07763985616905299,0.0
1690209707244245426,683023,0.42017287345051463,0.0776224288841014,0.0
1690209707244778317,683023,0.42022541056462925,0.07757543768498426,0.0
1690209707244936239,683023,0.4202113431476811,0.07760532369134157,0.0
1690209707245122260,683023,0.4201867152022322,0.07762506800714142,0.0
1690209707245340037,683023,0.42012199253293625,0.07764090946281764,0.0
1690209707245358708,683023,0.42018208854089745,0.07759071770009376,0.0
1690209707245370025,683023,0.4201582680511793,0.07754444548295569,0.0
1690209707245382957,683023,0.42017500987511486,0.07759244731461346,0.0
1690209707252924862,683024,0.42018847887628086,0.07756882693148726,0.0
1690209707254290905,683024,0.42016211551115307,0.0775735426136372,0.0
1690209707254495429,683024,0.42019187815264575,0.07755297494163732,0.0
1690209707254940524,683024,0.420183276933307,0.07759446250043535,0.0
1690209707254951446,683024,0.42027151937886364,0.07752417773260263,0.0
1690209707254983444,683024,0.4201323846858154,0.07768484482082416,0.0
1690209707254996471,683024,0.4200010236124413,0.07785354941158139,0.0
1690209707255064101,683024,0.4200167688411444,0.0778083933066685,0.0
1690209707255087853,683024,0.4199051693801312,0.07789185864951466,0.0
1690209707255099540,683024,0.41983651270284433,0.0779806057132839,0.0
1690209707259842085,683025,0.4198402283752562,0.07794631859575153,0.0
1690209707261475643,683025,0.41981381010885466,0.07791956459561564,0.0
1690209707261820899,683025,0.41982612742869097,0.07792828314667005,0.0
1690209707261834220,683025,0.41989274587892605,0.07787431992954107,0.0
1690209707261839514,683025,0.41996875759684965,0.07777716747144675,0.0
1690209707261859671,683025,0.41993572866751266,0.07783374484055244,0.0
1690209707261869811,683025,0.42002930559044277,0.07775508071306281,0.0
1690209707261875050,683025,0.42008525499601,0.0776767826147872,0.0
1690209707261898641,683025,0.4200285170193072,0.0777051899083555,0.0
1690209707261904160,683025,0.42003218744970794,0.07766695079720244,0.0
1690209707268086304,683026,0.42005526678279725,0.0776101392158237,0.0
1690209707268533685,683026,0.4200582071880846,0.07755681672670682,0.0
1690209707268883910,683026,0.4200419360458129,0.07753062439432906,0.0
1690209707269036040,683026,0.4201495505557937,0.07739961028720813,0.0
1690209707269268415,683026,0.4201964032568031,0.07733029432590036,0.0
1690209707269275906,683026,0.42024848257557634,0.07730774737468998,0.0
1690209707269281222,683026,0.4203251932334842,0.0772827011834188,0.0
1690209707269286477,683026,0.4204084268077479,0.07726090907808666,0.0
1690209707269315909,683026,0.4204222426294725,0.07729966588488152,0.0
1690209707269325114,683026,0.4204051993108055,0.07735916755746464,0.0
1690209707277068235,683027,0.4204163881406383,0.07740766624958999,0.0
1690209707277370539,683027,0.4203293175583705,0.07751070567129491,0.0
1690209707277897824,683027,0.4201660884813626,0.07770041444525475,0.0
1690209707278573128,683027,0.4201030155734372,0.0777827922721189,0.0
1690209707278783355,683027,0.41996131430135863,0.07790129334836289,0.0
1690209707279180665,683027,0.4198513905371892,0.07801369713680564,0.0
1690209707279198200,683027,0.41982834391432255,0.07801331002673363,0.0
1690209707279211746,683027,0.4197881946337487,0.07804930659047607,0.0
1690209707279224799,683027,0.41978007016279517,0.07806382702646061,0.0
1690209707279233668,683027,0.41978328114636393,0.07805526301263814,0.0
1690209707285796353,683028,0.41988813226030336,0.07795706456346048,0.0
1690209707287081313,683028,0.41988167135795423,0.07794739557760051,0.0
1690209707287430869,683028,0.41991799003644936,0.07793033503109849,0.0
1690209707287661638,683028,0.42000770730078574,0.07781137750075226,0.0
1690209707287679884,683028,0.42003438346030947,0.07773212101527634,0.0
1690209707287696834,683028,0.4200679124556628,0.077661247856972,0.0
1690209707287715165,683028,0.4201168926528944,0.07761765560297927,0.0
1690209707287724814,683028,0.42013937482484603,0.07757913390158482,0.0
1690209707287745642,683028,0.42010349176036565,0.0775923310268102,0.0
1690209707287756587,683028,0.4201428755972433,0.07754195826342046,0.0
1690209707294379805,683029,0.42011249821251606,0.07756567494469147,0.0
1690209707294764539,683029,0.4201436911438083,0.07755041398674666,0.0
1690209707295042239,683029,0.4199889605197297,0.07768368937360651,0.0
1690209707296033831,683029,0.41993008363007467,0.07779595924824137,0.0
1690209707296042798,683029,0.4199119998531224,0.07778168186021041,0.0
1690209707296476347,683029,0.4198508564010349,0.07787963757339476,0.0
1690209707296500132,683029,0.41983877508622447,0.0779446283672732,0.0
1690209707296547993,683029,0.41976570379885497,0.07802802620419716,0.0
1690209707296564147,683029,0.4197722917297465,0.07805767355228303,0.0
1690209707296574598,683029,0.4196440670489301,0.07821998277010322,0.0
1690209707301878607,683030,0.41967889719959145,0.07822975256102233,0.0
1690209707302099121,683030,0.419584975544123,0.07829385392531937,0.0
1690209707302527672,683030,0.4195147142055188,0.07838912224891906,0.0
1690209707302636887,683030,0.4195040725186639,0.07828206342753673,0.0
1690209707302759538,683030,0.4194992561480831,0.07827050189507774,0.0
1690209707302874068,683030,0.4195170264866474,0.07822073057100881,0.0
1690209707303219466,683030,0.4194836798393288,0.07817718211817293,0.0
1690209707303308767,683030,0.41959114877044323,0.0780193992046607,0.0
1690209707303457294,683030,0.4196554914540419,0.07792388356625986,0.0
1690209707303470838,683030,0.41981469470894495,0.07776711146277882,0.0
1690209707309138946,683031,0.4199089703033895,0.0776401378996642,0.0
1690209707309565869,683031,0.4198950001846403,0.07772064817431958,0.0
1690209707309680783,683031,0.419999347417445,0.07759390456708092,0.0
1690209707310359233,683031,0.4200371406851073,0.07756932236529789,0.0
1690209707310534895,683031,0.4200146735571831,0.07762602929829268,0.0
1690209707310694422,683031,0.4199989960899809,0.07764267660452225,0.0
1690209707310705354,683031,0.4199729193251604,0.07761222154973808,0.0
1690209707310717179,683031,0.41994273191879483,0.07764718188632393,0.0
1690209707310724653,683031,0.41999506196493186,0.07763351073137686,0.0
1690209707310737357,683031,0.42002748295385683,0.0776030869122845,0.0
1690209707319643546,683032,0.419962605700023,0.07774947461588395,0.0
1690209707320091903,683032,0.4199674807356183,0.07776680555200548,0.0
1690209707321166789,683032,0.42002274410269985,0.07777005132623428,0.0
1690209707321357919,683032,0.4200083121501215,0.0778434070874548,0.0
1690209707321815971,683032,0.41995761572202206,0.07792904158181073,0.0
1690209707321827725,683032,0.41993459922853515,0.0779473214053419,0.0
1690209707321855800,683032,0.4198774407083951,0.07800365840478274,0.0
1690209707321868516,683032,0.41986754827949735,0.07802660779124916,0.0
1690209707321880711,683032,0.4199422058565047,0.07790092996788606,0.0
1690209707321895916,683032,0.41990876351120926,0.07789468883749494,0.0
1690209707327464371,683033,0.41993069177653186,0.07782789406353176,0.0
1690209707327850624,683033,0.42001967801798323,0.07768777543157346,0.0
1690209707328863308,683033,0.42009599970293265,0.07766804436462546,0.0
1690209707328978956,683033,0.4201224268718406,0.07766404631403759,0.0
1690209707329372441,683033,0.42014594854352055,0.07761305748930665,0.0
1690209707329385499,683033,0.4202030673376198,0.077555724350314,0.0
1690209707329403771,683033,0.4200973049048834,0.07766175457686272,0.0
1690209707329418280,683033,0.4201291661065252,0.07765360875999837,0.0
1690209707329427985,683033,0.42001881097030624,0.0777412680814473,0.0
1690209707329442318,683033,0.41988889739445445,0.07786856758195601,0.0
1690209707336582199,683034,0.4198983978119464,0.07783380085497416,0.0
1690209707337946683,683034,0.4198641826305701,0.0778649766219701,0.0
1690209707337960886,683034,0.4198533572249216,0.07790733479814506,0.0
1690209707338337685,683034,0.4198030985072584,0.07796308407592291,0.0
1690209707338353374,683034,0.4198379823081565,0.07794423246440747,0.0
1690209707338361452,683034,0.4198500450096897,0.07798745275806378,0.0
1690209707338378560,683034,0.419832839203566,0.07803555063812692,0.0
1690209707338395105,683034,0.41976682508577456,0.07813768481770332,0.0
1690209707338414964,683034,0.4197163468614402,0.07818768963010707,0.0
1690209707338421905,683034,0.41966512088993524,0.07813496635616192,0.0
1690209707346212272,683035,0.41965645812395863,0.07815976854403124,0.0
1690209707347041324,683035,0.4196773038134115,0.07811184858234337,0.0
1690209707347188734,683035,0.41963079948922727,0.07809243360534583,0.0
1690209707347646300,683035,0.41967069111120914,0.07802817788824304,0.0
1690209707347660019,683035,0.41970243100417737,0.07798115728852133,0.0
1690209707347669877,683035,0.4199118284245069,0.07776395566283809,0.0
1690209707347678677,683035,0.41993286668641555,0.07773321835319452,0.0
1690209707347712451,683035,0.41987342349000645,0.07785501412441227,0.0
1690209707347735780,683035,0.41999860921049725,0.07771072580531548,0.0
1690209707347742706,683035,0.41998383173620574,0.07770515430505,0.0
1690209707352340170,683036,0.4199598082805899,0.07782046752361739,0.0
1690209707352497966,683036,0.41994239942307815,0.07780833295175582,0.0
1690209707352762828,683036,0.4199129418094065,0.07777122846636599,0.0
1690209707352899067,683036,0.41989398244824827,0.07783166630004523,0.0
1690209707353172790,683036,0.41994111769216624,0.07780082671694467,0.0
1690209707353179590,683036,0.4200057553818505,0.07770429416401776,0.0
1690209707353185168,683036,0.41989523477790053,0.0778222188920655,0.0
1690209707353194193,683036,0.4199355845221583,0.0777913018688055,0.0
1690209707353217678,683036,0.42000626978140365,0.07768333770758525,0.0
1690209707353223313,683036,0.41998183598457617,0.07773488492048876,0.0
1690209707360804016,683037,0.41994111234718023,0.07776844924531216,0.0
1690209707361596144,683037,0.41993969247959484,0.07771645835544863,0.0
1690209707361747653,683037,0.41995180141691363,0.07767898954383516,0.0
1690209707361756786,683037,0.41993987318565107,0.07771864993968547,0.0
1690209707362035427,683037,0.4200549206283182,0.07763480417044229,0.0
1690209707362044275,683037,0.4200074444949953,0.07764630309827035,0.0
1690209707362048297,683037,0.419968770093773,0.07768597145475205,0.0
1690209707362061433,683037,0.42007402012279255,0.07760921676838595,0.0
1690209707362076049,683037,0.4201103414717385,0.07762277983296077,0.0
1690209707362084574,683037,0.42004241415094457,0.07770583957216746,0.0
1690209707368480557,683038,0.4199880753644729,0.0777735626488113,0.0
1690209707369689362,683038,0.42000125751173545,0.07775132254177355,0.0
1690209707369969540,683038,0.4200160813232572,0.07773657378094108,0.0
1690209707370070927,683038,0.41994818576164306,0.07780513369221542,0.0
1690209707370362927,683038,0.42000026088864195,0.07774111252286134,0.0
1690209707370381347,683038,0.4199993285400946,0.07772265302506892,0.0
1690209707370396805,683038,0.4200036363891357,0.07772776263099491,0.0
1690209707370410522,683038,0.4200810217965039,0.07772066092959884,0.0
1690209707370422878,683038,0.4200668949179477,0.07771350153068861,0.0
1690209707370430175,683038,0.42005801401691834,0.07772587494688078,0.0
1690209707376430092,683039,0.42004681553151535,0.07774545073494697,0.0
1690209707377446118,683039,0.42012600455533916,0.07766938176083929,0.0
1690209707377535320,683039,0.4201185303821813,0.07767003954138751,0.0
1690209707377913612,683039,0.42001642530034755,0.07773452355389704,0.0
1690209707377926384,683039,0.42005988586669923,0.07765921799826271,0.0
1690209707378019510,683039,0.4200840826114882,0.0775468255829697,0.0
1690209707378034259,683039,0.42010668278763147,0.07752964819064144,0.0
1690209707378043165,683039,0.420152906418614,0.07748510727214983,0.0
1690209707378050224,683039,0.4201761261364598,0.07740897872810648,0.0
1690209707378062921,683039,0.4202292879518553,0.07736647353787672,0.0
1690209707387396015,683040,0.42025657577730025,0.0773600790319636,0.0
1690209707388928577,683040,0.42028994470374237,0.07739704372833914,0.0
1690209707389162863,683040,0.42029676475810707,0.0774352569283277,0.0
1690209707389306383,683040,0.42016982785782914,0.07759981852226991,0.0
1690209707389768394,683040,0.42018725360728404,0.07763344980807786,0.0
1690209707389795049,683040,0.4201388685031035,0.07767272572666437,0.0
1690209707389809045,683040,0.42002937733327006,0.0778147047701457,0.0
1690209707389833202,683040,0.41992363706045793,0.07792887671457496,0.0
1690209707389850398,683040,0.4198577066394438,0.07793714925110835,0.0
1690209707389859055,683040,0.41989685923704667,0.0778837389395184,0.0
1690209707395378397,683041,0.41979993732421306,0.07799595032111742,0.0
1690209707396511743,683041,0.4198175315707296,0.07794510321114866,0.0
1690209707396519181,683041,0.4198072773768073,0.07792706061439021,0.0
1690209707396767441,683041,0.419825364523408,0.0779226353106818,0.0
1690209707396784465,683041,0.41986990359338616,0.07785344437658749,0.0
1690209707396807307,683041,0.41991993774388353,0.077776240082565,0.0
1690209707396815314,683041,0.41993425181188726,0.07772302551792738,0.0
1690209707396821120,683041,0.41996001615024486,0.07767536086517098,0.0
1690209707396825011,683041,0.42010116961252253,0.07747298328836388,0.0
1690209707396835507,683041,0.4201200537407402,0.07743933568685486,0.0
1690209707403674361,683042,0.4202408920325917,0.07727557606188949,0.0
1690209707403918322,683042,0.42025745057470376,0.07719591984750956,0.0
1690209707404536305,683042,0.42033328971188927,0.07714000862435919,0.0
1690209707404675784,683042,0.4203928351041668,0.07706272484669978,0.0
1690209707404964627,683042,0.4204293543875701,0.07704956325879024,0.0
1690209707404970627,683042,0.420424741613044,0.07708405195938677,0.0
1690209707404975387,683042,0.4204601453718707,0.07707272336335454,0.0
1690209707404990634,683042,0.42049095438555395,0.07707007930305364,0.0
1690209707404998318,683042,0.4204018712705648,0.07723677191727761,0.0
1690209707405001835,683042,0.4203778924655596,0.07728968679850931,0.0
1690209707410990568,683043,0.42034686306655583,0.07733219713032322,0.0
1690209707411785726,683043,0.42025054658798716,0.07748675212539641,0.0
1690209707411903839,683043,0.42021362077774543,0.07756088119276015,0.0
1690209707412108875,683043,0.4202482261550341,0.07756309609951996,0.0
1690209707412121686,683043,0.4200862031209761,0.07774376434959021,0.0
1690209707412133093,683043,0.42004862396868364,0.07783316914300349,0.0
1690209707412152309,683043,0.42005088599795276,0.07778991294910378,0.0
1690209707412165723,683043,0.4199802609283293,0.07787512677133981,0.0
1690209707412178282,683043,0.41996712551336857,0.07787798171001326,0.0
1690209707412184360,683043,0.41996098718688263,0.07783172735398035,0.0
1690209707419876056,683044,0.42000484839255914,0.07777741417144146,0.0
1690209707421083087,683044,0.42001812909994557,0.07770251505939636,0.0
1690209707421229363,683044,0.42010220586037,0.0775829835353545,0.0
1690209707421617199,683044,0.4201650762033703,0.07749295137646257,0.0
1690209707421633166,683044,0.4201586202586909,0.07747075801970323,0.0
1690209707421642645,683044,0.4202766085531928,0.07732989503891512,0.0
1690209707421652056,683044,0.42031078738055166,0.0772842349479265,0.0
1690209707421664392,683044,0.4203262245205143,0.07724164294763759,0.0
1690209707421683316,683044,0.42033974746876884,0.0772193269498722,0.0
1690209707421700362,683044,0.42022306742663185,0.07732062080499667,0.0
1690209707427972148,683045,0.4202250570397721,0.07732900370190335,0.0
1690209707428357697,683045,0.4201773278929125,0.07732004609230955,0.0
1690209707429077837,683045,0.42011155754576246,0.07740325742650987,0.0
1690209707429163648,683045,0.4201531747045956,0.07738581169812622,0.0
1690209707429492220,683045,0.4200709362535919,0.07741982778416277,0.0
1690209707429504559,683045,0.42011623607414705,0.07747966926302527,0.0
1690209707429518514,683045,0.4201101224240946,0.07752395048009719,0.0
1690209707429531564,683045,0.42009867532678125,0.0775573787538378,0.0
1690209707429539883,683045,0.4200815838106935,0.07763029871552588,0.0
1690209707429619686,683045,0.4200705608609729,0.07769423516909357,0.0
1690209707436456789,683046,0.4200696267755828,0.07764742889749181,0.0
1690209707436558803,683046,0.41994366851433856,0.07776697613482458,0.0
1690209707436774967,683046,0.41993166935876225,0.07776052477664021,0.0
1690209707437153781,683046,0.4199327710009517,0.07766770189236205,0.0
1690209707437172958,683046,0.4198529752711686,0.07769496259628797,0.0
1690209707437181991,683046,0.41984179179016107,0.07765935022435341,0.0
1690209707437187697,683046,0.4199785235960031,0.07745849765888292,0.0
1690209707437252429,683046,0.41998580969244503,0.07743876738850239,0.0
1690209707437260691,683046,0.4199453506477864,0.07752170450034203,0.0
1690209707437283692,683046,0.42007931661910447,0.07737118341523934,0.0
1690209707443224098,683047,0.4200937972458998,0.07734465326504464,0.0
1690209707443947706,683047,0.42005421219065,0.0774436601252467,0.0
1690209707444077239,683047,0.4201253619465946,0.077351961790046,0.0
1690209707444376809,683047,0.4201006086784451,0.07733814967854695,0.0
1690209707444390691,683047,0.4200210177520327,0.07742184235787604,0.0
1690209707444407533,683047,0.4200364485686948,0.07741350432174011,0.0
1690209707444625949,683047,0.42009760485273334,0.0773297286354049,0.0
1690209707444760341,683047,0.42003710424513174,0.07740472658640515,0.0
1690209707444770101,683047,0.4200261126414494,0.07742295433982246,0.0
1690209707444919986,683047,0.42011285277304056,0.07733228359451517,0.0
1690209707451851937,683048,0.42011385549530694,0.07734551777727562,0.0
1690209707453010559,683048,0.42008310991735587,0.07739974486212968,0.0
1690209707453438020,683048,0.42009015934988225,0.07744858968387225,0.0
1690209707453563286,683048,0.42008801235565363,0.07743353757257135,0.0
1690209707453580691,683048,0.4200482418256961,0.07747475337467148,0.0
1690209707453592496,683048,0.4200605448163002,0.07748491424645264,0.0
1690209707453599282,683048,0.4200639320410924,0.0774654065871748,0.0
1690209707453613475,683048,0.42007977926769124,0.07742510833362927,0.0
1690209707453631955,683048,0.4200388060786831,0.07745878009391743,0.0
1690209707453643449,683048,0.42009895736398767,0.07745503488361921,0.0
1690209707461612047,683049,0.42014512966498474,0.0773691663172812,0.0
1690209707462136150,683049,0.42009063517656164,0.07743465133608143,0.0
1690209707462690044,683049,0.4201509288524232,0.07740855913646008,0.0
1690209707462938836,683049,0.420152871939551,0.07736498935665052,0.0
1690209707463053311,683049,0.42015362979800963,0.07738769246404904,0.0
1690209707463253230,683049,0.4200358190654656,0.07753594620405803,0.0
1690209707463428047,683049,0.42000803865584097,0.0775521117462379,0.0
1690209707463445735,683049,0.4200118535874826,0.0775030844179777,0.0
1690209707463454604,683049,0.4199239691329346,0.0776413629309399,0.0
1690209707463474921,683049,0.41998294245807244,0.07758533019228062,0.0
1690209707468894923,683050,0.4199523575552212,0.07756915318853741,0.0
1690209707469329127,683050,0.4198800532284515,0.07762873470278353,0.0
1690209707469846179,683050,0.4199146797841161,0.07761577243799295,0.0
1690209707469996235,683050,0.4199445766932729,0.07756152820690951,0.0
1690209707470375363,683050,0.4199087010913388,0.07759652469995144,0.0
1690209707470554242,683050,0.41988539860336915,0.07762174800114936,0.0
1690209707470621318,683050,0.41992472111421053,0.07752599359760276,0.0
1690209707470641185,683050,0.41994134601945354,0.07751966934202656,0.0
1690209707470647978,683050,0.4199174704312634,0.07753640739053083,0.0
1690209707470667039,683050,0.41991939360260966,0.07755919619456815,0.0
1690209707477424344,683051,0.419918827648198,0.07753487831066001,0.0
1690209707478620541,683051,0.4199052937095373,0.07755416289581697,0.0
1690209707478641613,683051,0.42003869855503506,0.07743902832938901,0.0
1690209707478945134,683051,0.42003201035040794,0.07742221797746918,0.0
1690209707479118439,683051,0.420013101801815,0.0774708832143317,0.0
1690209707479319024,683051,0.4200552926257375,0.07743135205716861,0.0
1690209707479328102,683051,0.42009029652729746,0.07742291228722886,0.0
1690209707479356902,683051,0.4201644256239986,0.07736713249372111,0.0
1690209707479371005,683051,0.4201220354023806,0.07740916824966515,0.0
1690209707479381877,683051,0.4201338277322884,0.07738828055340381,0.0
1690209707484876025,683052,0.42013387558037696,0.07736772568843937,0.0
1690209707485274679,683052,0.420108570907118,0.07740775771312598,0.0
1690209707485618930,683052,0.42016708024653693,0.07738058089122023,0.0
1690209707486345398,683052,0.4200878785043652,0.07742408160521079,0.0
1690209707486548033,683052,0.4201031426294752,0.07740062942763194,0.0
1690209707486641336,683052,0.4201149088639389,0.07742544569557491,0.0
1690209707486651251,683052,0.42013093453702044,0.07741068156043314,0.0
1690209707486664660,683052,0.42013541829873763,0.07741486490077165,0.0
1690209707486678254,683052,0.4200595468174433,0.07747378212120642,0.0
1690209707486715999,683052,0.4201218650265842,0.07739494766309768,0.0
1690209707494061055,683053,0.42014362658912274,0.07738229677190962,0.0
1690209707495260848,683053,0.42019774197475007,0.077329957891872,0.0
1690209707495414358,683053,0.42019917704021215,0.07732948791503007,0.0
1690209707495649249,683053,0.42027399068775373,0.07725996551071203,0.0
1690209707496014082,683053,0.4203183602136464,0.07723426887964414,0.0
1690209707496035248,683053,0.4203585668571405,0.07729509409762891,0.0
1690209707496045097,683053,0.42031726088203475,0.07736728353043902,0.0
1690209707496056350,683053,0.420244057574477,0.07746000840119387,0.0
1690209707496065087,683053,0.42019651699984767,0.07746226495433384,0.0
1690209707496078478,683053,0.420083328565412,0.0775696384690353,0.0
1690209707501333318,683054,0.420058359792402,0.07760513684112387,0.0
1690209707501661289,683054,0.41999497616535947,0.07763025345438868,0.0
1690209707502124802,683054,0.41998472856029934,0.0776465392739544,0.0
1690209707502606425,683054,0.4199923151210488,0.07761434384413618,0.0
1690209707502905430,683054,0.4200912523076202,0.07755723389509683,0.0
1690209707503078783,683054,0.42015091933063514,0.07750173110502097,0.0
1690209707503213822,683054,0.4201570390631737,0.07754644671606167,0.0
1690209707503220794,683054,0.4201717860064972,0.07749233199950048,0.0
1690209707503350395,683054,0.4202017545909676,0.07745654476969073,0.0
1690209707503362478,683054,0.4202272921365186,0.07744379596847498,0.0
1690209707510202916,683055,0.4202244130523585,0.07743070449488962,0.0
1690209707511004414,683055,0.42024032194003835,0.07737088935948876,0.0
1690209707511314030,683055,0.4202650800724813,0.07728993584129021,0.0
1690209707511536359,683055,0.42036421966578175,0.07719181903583291,0.0
1690209707511544219,683055,0.42042285303737864,0.07718252628078799,0.0
1690209707511551196,683055,0.4204086282758085,0.07725217320910065,0.0
1690209707511554208,683055,0.420397309610534,0.07728371112898393,0.0
1690209707511579038,683055,0.42040937277524415,0.07731525164956216,0.0
1690209707511583110,683055,0.4203193781511217,0.07745158248830245,0.0
1690209707511586965,683055,0.4202729152610713,0.07755280686382307,0.0
1690209707518403383,683056,0.4201421802992894,0.0776665495762741,0.0
1690209707518539664,683056,0.41995029608639795,0.07787934913205595,0.0
1690209707518748993,683056,0.41993027608285405,0.07788250978061398,0.0
1690209707519041566,683056,0.41997756749488285,0.07783098276068362,0.0
1690209707519048635,683056,0.4199047557312878,0.07791151582191011,0.0
1690209707519127902,683056,0.41987587874470805,0.07795113338196166,0.0
1690209707519285348,683056,0.41992503385447066,0.07786841716404383,0.0
1690209707519474531,683056,0.4199701083228162,0.07783650419201357,0.0
1690209707519527991,683056,0.4199795988409869,0.0778654726245388,0.0
1690209707519582161,683056,0.4200023337329899,0.07780075182540055,0.0
1690209707526913025,683057,0.42006334139510687,0.07771284351088605,0.0
1690209707527589337,683057,0.4200877773611464,0.0776478664162768,0.0
1690209707527845136,683057,0.4202013816306661,0.07751874802862678,0.0
1690209707528194069,683057,0.4202530613368471,0.07748426047100361,0.0
1690209707528209958,683057,0.42024916673051527,0.07741962668556891,0.0
1690209707528234197,683057,0.420260770473685,0.0773756191088901,0.0
1690209707528250738,683057,0.42031565748202404,0.07732975231800239,0.0
1690209707528300751,683057,0.4203104226993477,0.07731205110910666,0.0
1690209707528304620,683057,0.42027729197486113,0.07731552594064053,0.0
1690209707528346581,683057,0.42012690325084023,0.07744751854178977,0.0
1690209707535992952,683058,0.420190209912467,0.07740741986624376,0.0
1690209707536174744,683058,0.4201472879661324,0.07741962274935445,0.0
1690209707536580151,683058,0.42007514432690035,0.07759488724214464,0.0
1690209707536638312,683058,0.4200904254158667,0.07759380354641966,0.0
1690209707536806216,683058,0.42004794852252836,0.0776193002312617,0.0
1690209707536814053,683058,0.42007892723030815,0.07765751362488622,0.0
1690209707536825279,683058,0.42004961584544803,0.07775153847259265,0.0
1690209707536828043,683058,0.4200592523538992,0.07775805873386032,0.0
1690209707536873272,683058,0.41991542584079716,0.07791770319484145,0.0
1690209707536877044,683058,0.41991652495691495,0.07794918679450796,0.0
1690209707542747472,683059,0.41998583998050826,0.0778018090282593,0.0
1690209707543471415,683059,0.41989200118004116,0.0778919254337026,0.0
1690209707543594544,683059,0.4198675087670914,0.07786394504412278,0.0
1690209707543810084,683059,0.41990271138631696,0.07774626078424343,0.0
1690209707543818947,683059,0.41993438698559404,0.07767613454790302,0.0
1690209707543832013,683059,0.4199341727814825,0.0776622539393058,0.0
1690209707543839067,683059,0.42011112987531485,0.07745961438131987,0.0
1690209707543847502,683059,0.42011280010323654,0.07741443682334453,0.0
1690209707543864610,683059,0.4200992634688216,0.07748370087976846,0.0
1690209707543870224,683059,0.420236571160574,0.07734530746475708,0.0
1690209707550869255,683060,0.4202383974204211,0.07733954466391031,0.0
1690209707551460517,683060,0.4201929671535849,0.0774094490530348,0.0
1690209707551517478,683060,0.42019292189283153,0.07738218835746548,0.0
1690209707551739748,683060,0.4201794396786188,0.07734606977312708,0.0
1690209707551744421,683060,0.42018034548056654,0.07736407121156849,0.0
1690209707551756477,683060,0.42014911339432576,0.07741176799285455,0.0
1690209707551761482,683060,0.42018746261522033,0.07735833859556909,0.0
1690209707551768881,683060,0.4202036963701486,0.07735089837000277,0.0
1690209707551772551,683060,0.42019134756393467,0.07739026740913832,0.0
1690209707551795852,683060,0.42024037096916494,0.07738347918458344,0.0
1690209707560199156,683061,0.42020810479400655,0.07742049157667387,0.0
1690209707560595883,683061,0.420160353469173,0.07745178052369091,0.0
1690209707561617221,683061,0.4201714337402888,0.07743299923038209,0.0
1690209707562052160,683061,0.4201796809512137,0.0774107580137951,0.0
1690209707562254362,683061,0.4201816335232464,0.0774163222463358,0.0
1690209707562588650,683061,0.4202158913652234,0.07736453819707276,0.0
1690209707562848528,683061,0.42020505920304346,0.07737068616273657,0.0
1690209707562856857,683061,0.4202050848903442,0.07735623233763327,0.0
1690209707562860716,683061,0.42020343454326287,0.07735187261074992,0.0
1690209707562874889,683061,0.4201990469093495,0.07734736411330873,0.0
1690209707567961067,683062,0.42017977342672486,0.07735657290958965,0.0
1690209707568939145,683062,0.4201965371897095,0.07734058149473892,0.0
1690209707569129606,683062,0.4201754114755952,0.0773519909290892,0.0
1690209707569253063,683062,0.4202091503192676,0.07731849202539336,0.0
1690209707569357264,683062,0.42021183092055525,0.07730739490487781,0.0
1690209707569654406,683062,0.4201904118077152,0.07732250594755212,0.0
1690209707569666790,683062,0.42018610557022784,0.0773164639771475,0.0
1690209707569678357,683062,0.4202070695726553,0.07729158181976795,0.0
1690209707569691046,683062,0.42014703867600633,0.07728818592606243,0.0
1690209707569698032,683062,0.4201523386916726,0.07726961780974961,0.0
1690209707576506848,683063,0.42017224901009187,0.07719695319853165,0.0
1690209707576869449,683063,0.42015531734275613,0.07717799930332885,0.0
1690209707577902532,683063,0.42016615637982146,0.07714250264763214,0.0
1690209707578160874,683063,0.4201783831489414,0.07710456812940684,0.0
1690209707578535386,683063,0.4203126154786968,0.0769856131885301,0.0
1690209707578549318,683063,0.4202946194315271,0.0770079837574669,0.0
1690209707578564206,683063,0.42020853520486584,0.07718355096546613,0.0
1690209707578570354,683063,0.42021121469202993,0.07719294853832598,0.0
1690209707578592047,683063,0.42013766725237706,0.07721851446817896,0.0
1690209707578634078,683063,0.4200825704978902,0.07736686091468528,0.0
1690209707584051186,683064,0.42007169778643016,0.07739924474183885,0.0
1690209707584704912,683064,0.4199981795061425,0.07741202958915677,0.0
1690209707584848412,683064,0.41998082957167915,0.07746788426126092,0.0
1690209707584955298,683064,0.4199852993872754,0.07749209013731452,0.0
1690209707585250147,683064,0.42016235674781255,0.07730174863223845,0.0
1690209707585416172,683064,0.42010418646534153,0.07736836199783083,0.0
1690209707585661979,683064,0.42015193282641283,0.0773769794445704,0.0
1690209707585673478,683064,0.4202923438451275,0.07718196254858793,0.0
1690209707585685316,683064,0.4202600279256282,0.07720531633924976,0.0
1690209707585691009,683064,0.4202836405024112,0.07720321837978512,0.0
1690209707593098427,683065,0.4202751817177647,0.07713776912234309,0.0
1690209707594231836,683065,0.4203270168563127,0.07702228798283568,0.0
1690209707594434186,683065,0.42029680074855386,0.07704254761351088,0.0
1690209707594806464,683065,0.42046600524471806,0.07685054677742956,0.0
1690209707594830995,683065,0.42047818948920807,0.07678575971230735,0.0
1690209707594844537,683065,0.420417501150611,0.07688398233761688,0.0
1690209707594864728,683065,0.42052718680205575,0.07677607534567812,0.0
1690209707594876383,683065,0.42055284626202827,0.07675411837170028,0.0
1690209707594898729,683065,0.4205158143325239,0.07685447298412462,0.0
1690209707594906975,683065,0.4204989750238321,0.07690156469474767,0.0
1690209707602891759,683066,0.42048064389323614,0.07688909280305115,0.0
1690209707603046578,683066,0.42043655942398833,0.07698016635541402,0.0
1690209707603578026,683066,0.4203909673739139,0.07706184038289901,0.0
1690209707603592579,683066,0.42043227725684323,0.07706335672546362,0.0
1690209707603608694,683066,0.42035027424584354,0.07717561394925142,0.0
1690209707603622286,683066,0.4202941002447024,0.07723614480321207,0.0
1690209707603636459,683066,0.42039446659994223,0.07719681490549797,0.0
1690209707603648544,683066,0.4203561034741673,0.07724958298872275,0.0
1690209707603684207,683066,0.42027426672217333,0.07732676912437325,0.0
1690209707603712132,683066,0.4202245970854298,0.07735498704638452,0.0
1690209707609686284,683067,0.420233861125731,0.07730967811380986,0.0
1690209707611406184,683067,0.4203215973749379,0.07719485266229932,0.0
1690209707611425465,683067,0.4203233945134389,0.07716723008508532,0.0
1690209707611776901,683067,0.42033295020874806,0.07710631055633002,0.0
1690209707611800796,683067,0.4204030623056393,0.07698142271723289,0.0
1690209707611816556,683067,0.42049800010447574,0.07688670735146186,0.0
1690209707611826699,683067,0.4205744363807843,0.07689667956109487,0.0
1690209707611871065,683067,0.4205964653877647,0.07686217984631757,0.0
1690209707611881469,683067,0.4206027061562174,0.07683069886583571,0.0
1690209707611904450,683067,0.4206301710628342,0.07684702161800501,0.0
1690209707617737132,683068,0.42062853632961406,0.07684750617859992,0.0
1690209707618706768,683068,0.4206277383952977,0.07687914141042132,0.0
1690209707618843929,683068,0.420473277762754,0.07698022072093243,0.0
1690209707619115526,683068,0.4204006665643646,0.07704273656167043,0.0
1690209707619128210,683068,0.42041411003156703,0.07700846176003007,0.0
1690209707619149941,683068,0.42038622737160747,0.0770379807340312,0.0
1690209707619159608,683068,0.42035906788543914,0.07706655796163477,0.0
1690209707619170463,683068,0.420322458169887,0.07709579044983862,0.0
1690209707619183263,683068,0.42038029717628767,0.07705258206067586,0.0
1690209707619223963,683068,0.42039727090161,0.07705223436246109,0.0
1690209707625545096,683069,0.42034575223330056,0.07715152234788453,0.0
1690209707625876628,683069,0.4203080310237327,0.07718512982727031,0.0
1690209707627267479,683069,0.4203200961308219,0.07717622062907285,0.0
1690209707627278041,683069,0.4203238637386991,0.07713276414817895,0.0
1690209707627612286,683069,0.4203150105802672,0.07717256966980322,0.0
1690209707627627957,683069,0.4203199018488677,0.07714189586108894,0.0
1690209707627644237,683069,0.42023138734010557,0.07720428468836008,0.0
1690209707627655025,683069,0.4202286406637483,0.07721648606860888,0.0
1690209707627663129,683069,0.4202320488117976,0.07722013972100539,0.0
1690209707627669864,683069,0.42022437543567637,0.07724119610348078,0.0
1690209707634810003,683070,0.420179251035737,0.07722323712547124,0.0
1690209707636089355,683070,0.4200731495427403,0.07736357106719852,0.0
1690209707636504552,683070,0.4201052957063698,0.07734739115307203,0.0
1690209707636866215,683070,0.42004001059607626,0.07736353546614201,0.0
1690209707636885635,683070,0.4199865282302573,0.07744401988539756,0.0
1690209707636913445,683070,0.4199837214956042,0.07744489611573345,0.0
1690209707636936739,683070,0.42007310840709705,0.07731173448097516,0.0
1690209707636946467,683070,0.42007890997001307,0.07734316174050893,0.0
1690209707636995910,683070,0.4201048551964921,0.0773709655285858,0.0
1690209707637004945,683070,0.42022800154487466,0.07719708255474798,0.0
1690209707642942458,683071,0.42015184583256654,0.07725699764142954,0.0
1690209707644106968,683071,0.4201920805634042,0.07729258338768863,0.0
1690209707644237053,683071,0.4202597882002557,0.07718740905361378,0.0
1690209707644638536,683071,0.4202478970271893,0.07717385794444342,0.0
1690209707644649910,683071,0.4201425287074301,0.07726803807671696,0.0
1690209707644658683,683071,0.42018498121106446,0.07717552471561968,0.0
1690209707644687868,683071,0.4202082339587332,0.07707503172138257,0.0
1690209707644697104,683071,0.4201185907121787,0.07714197359703728,0.0
1690209707644715963,683071,0.420243311105552,0.07699346201315366,0.0
1690209707644748992,683071,0.42028426969392857,0.07690123574638058,0.0
1690209707652124163,683072,0.42034277044916435,0.076887181095449,0.0
1690209707652467850,683072,0.42041440404821573,0.07680541814038563,0.0
1690209707653362946,683072,0.4204541096336466,0.07680918327487046,0.0
1690209707653443215,683072,0.4204739209595023,0.07684372152165687,0.0
1690209707653936361,683072,0.4204470417009423,0.07688649750547474,0.0
1690209707653948073,683072,0.4204566251081372,0.07694796139897721,0.0
1690209707653959091,683072,0.4203652741349463,0.0770636891100487,0.0
1690209707653971367,683072,0.42032118926086826,0.07714442535830042,0.0
1690209707653977233,683072,0.4203095145456688,0.0771757325374609,0.0
1690209707654010357,683072,0.4202351899794572,0.07727070723156808,0.0
1690209707659793301,683073,0.42019307152206054,0.07731105215855714,0.0
1690209707660057308,683073,0.4201618391128976,0.07737796167627002,0.0
1690209707660682764,683073,0.42014600866516183,0.07741954941767684,0.0
1690209707660996975,683073,0.4201969494306104,0.07736722942474938,0.0
1690209707661081536,683073,0.4201787845659278,0.07738535343213773,0.0
1690209707661333430,683073,0.42019930213169476,0.07738106257438049,0.0
1690209707661346576,683073,0.42026644322061474,0.0773009170665739,0.0
1690209707661376280,683073,0.4202771483236454,0.07726933346389371,0.0
1690209707661390450,683073,0.4203195732550575,0.0772335735190144,0.0
1690209707661400175,683073,0.42035524784796435,0.07712610413393965,0.0
1690209707668831107,683074,0.42043649969473174,0.07702352864154191,0.0
1690209707669585485,683074,0.4204486533726046,0.07706002083854563,0.0
1690209707669863986,683074,0.420510029572886,0.07696231851080917,0.0
1690209707670733224,683074,0.420505178117638,0.07695653229011974,0.0
1690209707671094643,683074,0.4204646953852043,0.07699022990288291,0.0
1690209707671115173,683074,0.4204211900334397,0.07703146612170539,0.0
1690209707671132112,683074,0.4204315716457485,0.07702789203856615,0.0
1690209707671147714,683074,0.42030003187488285,0.07715139477894425,0.0
1690209707671159870,683074,0.42022917111023556,0.07723886481759418,0.0
1690209707671167416,683074,0.4202163084842092,0.07721972815635399,0.0
1690209707675689488,683075,0.42018532924550656,0.07728564891816309,0.0
1690209707676079501,683075,0.42014642366664745,0.0773652124663342,0.0
1690209707676310133,683075,0.420106966213476,0.07745857626042081,0.0
1690209707677186344,683075,0.42009644781782923,0.07749909147728952,0.0
1690209707677259605,683075,0.42005777918957865,0.07754589318486996,0.0
1690209707677463885,683075,0.4200782832478819,0.07756941472453892,0.0
1690209707677471291,683075,0.4199916664730477,0.07765144637171657,0.0
1690209707677479553,683075,0.41996993544941535,0.07767077457477468,0.0
1690209707677487478,683075,0.4198859080449196,0.0777016106696505,0.0
1690209707677505389,683075,0.4198644449232537,0.07771086012449907,0.0
1690209707684733766,683076,0.419931944759235,0.0775785893414161,0.0
1690209707685845700,683076,0.41987462526845454,0.0775883682719203,0.0
1690209707685943423,683076,0.41991944264798864,0.07752919062377488,0.0
1690209707686437292,683076,0.4199865411383479,0.07740810140683833,0.0
1690209707686464801,683076,0.42010746698684454,0.07727357479111595,0.0
1690209707686479596,683076,0.4201082657062722,0.07727013764994346,0.0
1690209707686490489,683076,0.42007164164802435,0.07730770226014975,0.0
1690209707686503537,683076,0.4201682371747505,0.07720087105762904,0.0
1690209707686527909,683076,0.4201302560693468,0.07723522445406904,0.0
1690209707686561377,683076,0.42017643632860885,0.07721191078255445,0.0
1690209707693507517,683077,0.42017559264067667,0.07720909482814341,0.0
1690209707694196142,683077,0.42012657506788625,0.07720379506737983,0.0
1690209707694436432,683077,0.42012713265492774,0.07721497103444178,0.0
1690209707695246618,683077,0.42014374151207956,0.0772127546742483,0.0
1690209707695433093,683077,0.4201893099016418,0.07715472286581863,0.0
1690209707695846905,683077,0.4201334540362994,0.0771914985795643,0.0
1690209707695866436,683077,0.4201163004594894,0.07720811887703738,0.0
1690209707695879636,683077,0.4202503693644812,0.07707723145880029,0.0
1690209707695889061,683077,0.42019253901224185,0.07712792989705543,0.0
1690209707695896651,683077,0.42013164126042746,0.07723292989913275,0.0
1690209707701072692,683078,0.42013849932279473,0.0771989966204562,0.0
1690209707701537991,683078,0.42016735464675264,0.07715921659635247,0.0
1690209707701770781,683078,0.420159598190704,0.0771976730755514,0.0
1690209707701967956,683078,0.4202071294293288,0.0771710843150319,0.0
1690209707702156335,683078,0.4202224777014168,0.07712484406533367,0.0
1690209707702430768,683078,0.4201820416457026,0.0771853331688004,0.0
1690209707702788144,683078,0.4202531119033878,0.0771468666572591,0.0
1690209707702887621,683078,0.42024992371340597,0.07720757491863359,0.0
1690209707703164900,683078,0.4201754017458058,0.07728238822572188,0.0
1690209707703176223,683078,0.42008962143648226,0.07730075874561271,0.0
1690209707709009280,683079,0.4201074186170741,0.07730760070487805,0.0
1690209707709612086,683079,0.4200403201575633,0.07736885489814546,0.0
1690209707710062360,683079,0.4199879560744616,0.0774192175419794,0.0
1690209707710326855,683079,0.41994226717353605,0.07744644563096544,0.0
1690209707710435979,683079,0.4199224031818198,0.07746093407304294,0.0
1690209707710614862,683079,0.4200124403834472,0.07736160420002942,0.0
1690209707710813592,683079,0.4199902466141108,0.07740879600332753,0.0
1690209707710826880,683079,0.42003628024389794,0.07741339805303814,0.0
1690209707710837120,683079,0.4200377898020124,0.07734760881546184,0.0
1690209707710845117,683079,0.42003363056925336,0.0773502065102585,0.0
1690209707718394566,683080,0.4200550287788436,0.07738828806593126,0.0
1690209707719160966,683080,0.4200580483786472,0.07735080044778396,0.0
1690209707719811692,683080,0.4200105673868425,0.07736399640344856,0.0
1690209707720030630,683080,0.4199804902051876,0.07741347836421465,0.0
1690209707720486824,683080,0.4200389001172862,0.07729612391640973,0.0
1690209707720513576,683080,0.42002612856109467,0.07727638617055346,0.0
1690209707720526182,683080,0.41995358361352564,0.07731047127286804,0.0
1690209707720543970,683080,0.42000609736205025,0.07721749050385336,0.0
1690209707720565166,683080,0.42005229275735595,0.077137677930423,0.0
1690209707720576325,683080,0.420075780977208,0.07714013378750466,0.0
1690209707726166587,683081,0.42018007063652485,0.07707167753685801,0.0
1690209707726961358,683081,0.420194406516695,0.07704628507734548,0.0
1690209707727244449,683081,0.4200761561983818,0.07721812509284103,0.0
1690209707727297530,683081,0.42014720816081763,0.07718258101205627,0.0
1690209707727305270,683081,0.42010260493253204,0.07724710760534892,0.0
1690209707727483083,683081,0.420012065172919,0.07739422163713033,0.0
1690209707727705970,683081,0.4199466708363139,0.07739676789698605,0.0
1690209707727720661,683081,0.41992943826817847,0.07738810257009661,0.0
1690209707727730005,683081,0.4198772667400601,0.07745692801913445,0.0
1690209707727741154,683081,0.4198131147517838,0.07752927965466282,0.0
1690209707736124152,683082,0.41989205122616235,0.07742045128443985,0.0
1690209707737026317,683082,0.41983746130998023,0.07744632803566655,0.0
1690209707737036574,683082,0.4199057681153753,0.07740152210942917,0.0
1690209707737528128,683082,0.42002702396044017,0.07729511072117944,0.0
1690209707737544529,683082,0.4200181800017527,0.07733508104648605,0.0
1690209707737556236,683082,0.420043729390008,0.07731574392589644,0.0
1690209707737571869,683082,0.42004873158277156,0.07730105287271276,0.0
1690209707737583850,683082,0.4201119643699074,0.07727323686050445,0.0
1690209707737592353,683082,0.42008274411985247,0.07729117242311968,0.0
1690209707737650418,683082,0.4200415187906844,0.07728215268804775,0.0
1690209707742772655,683083,0.42001626762968414,0.07729466512885096,0.0
1690209707743069413,683083,0.4200521733316366,0.07719689141110328,0.0
1690209707743595754,683083,0.4200666684701345,0.07716081199825257,0.0
1690209707743826755,683083,0.42006822109234415,0.07719470314615856,0.0
1690209707743837655,683083,0.420094941935254,0.07714143980771752,0.0
1690209707744023077,683083,0.4201122368578192,0.07714138562859808,0.0
1690209707744124014,683083,0.4201278094467673,0.0771721072540369,0.0
1690209707744247092,683083,0.4201415136462918,0.07720175032578443,0.0
1690209707744435141,683083,0.4201339558426497,0.07721923551753745,0.0
1690209707744448394,683083,0.4198792564837027,0.0774802538426772,0.0
1690209707754334909,683084,0.419883584421302,0.07752885852784987,0.0
1690209707754478421,683084,0.4197952071957918,0.07753673535690231,0.0
1690209707754899436,683084,0.41963231328058764,0.07771423330744948,0.0
1690209707754918673,683084,0.4195883003936924,0.07769867696315308,0.0
1690209707754927007,683084,0.41955206650714394,0.07766385514415657,0.0
1690209707754939796,683084,0.4195938806556892,0.07764113888448461,0.0
1690209707754955328,683084,0.4195597997431567,0.07768469275337721,0.0
1690209707754978743,683084,0.4196686547428072,0.0775698552666605,0.0
1690209707754994662,683084,0.4196509465986717,0.07756214871501473,0.0
1690209707755005192,683084,0.41975581813854357,0.07748349303781439,0.0
1690209707759938700,683085,0.41985241408854884,0.07733045375188231,0.0
1690209707761136721,683085,0.41985759318929194,0.07732509645115401,0.0
1690209707761226202,683085,0.4198758908925831,0.07724633653582574,0.0
1690209707761495848,683085,0.4198862868085278,0.07717741934952954,0.0
1690209707761501838,683085,0.4199428347885666,0.07708944613079038,0.0
1690209707761507612,683085,0.4199346938393974,0.07707313627436806,0.0
1690209707761533512,683085,0.4200777400090947,0.0769036978017964,0.0
1690209707761536986,683085,0.42007274365420655,0.07687674746664215,0.0
1690209707761553725,683085,0.4201349868564879,0.0768722806089882,0.0
1690209707761561079,683085,0.4202196554067572,0.07678146907039517,0.0
1690209707768164541,683086,0.4202093993829681,0.07686069841736083,0.0
1690209707768329297,683086,0.42023954978514577,0.07687673445549416,0.0
1690209707768606180,683086,0.4202365835739532,0.07690930179836576,0.0
1690209707768618499,683086,0.4202174269442406,0.07694109793858823,0.0
1690209707768630315,683086,0.42012682577627797,0.07710518610916128,0.0
1690209707768645290,683086,0.42010017171493524,0.07715279376626702,0.0
1690209707768653925,683086,0.4200128097129305,0.07724971345225654,0.0
1690209707768659730,683086,0.4198855980870937,0.07740892472535388,0.0
1690209707768665695,683086,0.41981917162807947,0.07746379889061834,0.0
1690209707768684911,683086,0.41980371537334604,0.07753164486670232,0.0
1690209707776191649,683087,0.4197146478399858,0.07756372457092629,0.0
1690209707777382510,683087,0.4196775278987651,0.07760187427657605,0.0
1690209707777680475,683087,0.41969013310362085,0.07758828780709853,0.0
1690209707777891821,683087,0.4196817381119881,0.07759283419095783,0.0
1690209707777973244,683087,0.4197542223024915,0.0775349497160279,0.0
1690209707778346324,683087,0.4197247951658257,0.07753265267444433,0.0
1690209707778357773,683087,0.41985649558715354,0.07740899783208603,0.0
1690209707778375128,683087,0.4199400647657488,0.0772451648389821,0.0
1690209707778383886,683087,0.41996155177447503,0.07724073198426798,0.0
1690209707778402411,683087,0.4200321539157407,0.07713247210337107,0.0
1690209707785579794,683088,0.4200364225393761,0.07707237049651862,0.0
1690209707786198283,683088,0.42011077133328445,0.07697785452295759,0.0
1690209707786880127,683088,0.4201072043857773,0.07695457450118791,0.0
1690209707787272868,683088,0.4202389489861401,0.07678115851260281,0.0
1690209707787584906,683088,0.42020457480916507,0.07675900470351879,0.0
1690209707787607882,683088,0.42025499986634574,0.07675572182574719,0.0
1690209707787630653,683088,0.42033935200663475,0.07665676045327406,0.0
1690209707787647930,683088,0.42032587685945555,0.07674897776509143,0.0
1690209707787662722,683088,0.42034017377777855,0.07678257168399773,0.0
1690209707787762987,683088,0.4203371613590247,0.07681599803661406,0.0
1690209707794456427,683089,0.42036144739611564,0.07682196355870549,0.0
1690209707795809515,683089,0.42027918999750535,0.07696515164304371,0.0
1690209707796044578,683089,0.42026813220642645,0.07700742535717978,0.0
1690209707796249142,683089,0.42014384000337057,0.07712571866118526,0.0
1690209707796260471,683089,0.4200598727026211,0.0772542395189386,0.0
1690209707796272489,683089,0.4199919916713624,0.07731456133523475,0.0
1690209707796280076,683089,0.41996603087970924,0.07738110449577787,0.0
1690209707796291538,683089,0.41988125128074555,0.0774155943910855,0.0
1690209707796308552,683089,0.4198662291628012,0.0774350321968618,0.0
1690209707796321322,683089,0.41991080767679495,0.07738758628840427,0.0
1690209707801384429,683090,0.41989089196345414,0.0773788707529887,0.0
1690209707802104271,683090,0.4199748872380438,0.07730328910201828,0.0
1690209707802365158,683090,0.41994616479578695,0.07727970430603578,0.0
1690209707803143135,683090,0.4200197752726863,0.0771899844404114,0.0
1690209707803225095,683090,0.420094661306744,0.07702822716867476,0.0
1690209707803552399,683090,0.420126258554843,0.07697240359810745,0.0
1690209707803566777,683090,0.42018625277852795,0.07689267594259748,0.0
1690209707803573546,683090,0.42019576092901656,0.0768186855033754,0.0
1690209707803604796,683090,0.4202522985165571,0.07675373629106803,0.0
1690209707803613065,683090,0.4202811194581523,0.07672903263191197,0.0
1690209707809979799,683091,0.42035951060502813,0.07663243646186423,0.0
1690209707810854121,683091,0.4203857676021891,0.07659060226448416,0.0
1690209707811230904,683091,0.42039141870487295,0.07665105850882978,0.0
1690209707811252588,683091,0.42043456262147616,0.07661658497532026,0.0
1690209707811547952,683091,0.4204127412874445,0.07669315680294955,0.0
1690209707811561138,683091,0.42036327177562527,0.07678656479620437,0.0
1690209707811574106,683091,0.42032122784111003,0.07682800567220553,0.0
1690209707811582989,683091,0.42027308204547464,0.07686707866378253,0.0
1690209707811594177,683091,0.4202309800792358,0.07696497023546067,0.0
1690209707811623229,683091,0.4201753939834093,0.07703514101883424,0.0
1690209707819276952,683092,0.42012010537955596,0.07707964074530772,0.0
1690209707819375947,683092,0.420050701997861,0.07716585375620337,0.0
1690209707819548234,683092,0.4201459042762901,0.07706026134630342,0.0
1690209707819671902,683092,0.42018376615586484,0.07702920178494482,0.0
1690209707820051966,683092,0.420185876892061,0.07705623317814857,0.0
1690209707820080610,683092,0.4202190619386744,0.07702332936653981,0.0
1690209707820295892,683092,0.420231706745943,0.07701587106760446,0.0
1690209707820553857,683092,0.42029131481607607,0.07700343974105081,0.0
1690209707820582098,683092,0.4202820896833076,0.07700295575023602,0.0
1690209707820593809,683092,0.4202654073756781,0.07698912307494449,0.0
1690209707826864542,683093,0.4202254334623286,0.07702365464130549,0.0
1690209707827559957,683093,0.42027836297026666,0.07690048497870304,0.0
1690209707827675908,683093,0.4202892981331941,0.07685884417780492,0.0
1690209707827794180,683093,0.4202626646896018,0.0768815242978026,0.0
1690209707827933623,683093,0.4202898402644882,0.07680968283266394,0.0
1690209707828406876,683093,0.4203314100892208,0.07674554605156984,0.0
1690209707828662266,683093,0.42035725042622907,0.0767481103993603,0.0
1690209707828740372,683093,0.42040158124143534,0.07672408270768594,0.0
1690209707828757171,683093,0.42042691103184565,0.07669304737630228,0.0
1690209707828764663,683093,0.4202618023661925,0.07688525923086441,0.0
1690209707834610929,683094,0.4202926807730895,0.07688093331827921,0.0
1690209707834921527,683094,0.42023494838783254,0.07695999451395572,0.0
1690209707835234883,683094,0.420131074920292,0.07711116258669144,0.0
1690209707835345605,683094,0.42007015937070413,0.07712278130331415,0.0
1690209707836054136,683094,0.42002952368970115,0.07712233177995415,0.0
1690209707836062067,683094,0.42002136292638975,0.07714777897034324,0.0
1690209707836357254,683094,0.41999056446761396,0.07719846498987054,0.0
1690209707836365490,683094,0.4201100882565434,0.07707847833276096,0.0
1690209707836370108,683094,0.4200726885676486,0.07709823687015549,0.0
1690209707836427319,683094,0.42017444968210993,0.07705291934183989,0.0
1690209707844588350,683095,0.4203374634797656,0.07690523584445332,0.0
1690209707845791689,683095,0.4203121013136956,0.07697204103931898,0.0
1690209707846093480,683095,0.4203206533739003,0.07696094340474326,0.0
1690209707846451539,683095,0.4203484332189649,0.0769049415975671,0.0
1690209707846607421,683095,0.42040115230445524,0.07682251355760412,0.0
1690209707846619949,683095,0.42036175205660026,0.07684596264049462,0.0
1690209707846721450,683095,0.42040447510976053,0.07675693619541973,0.0
1690209707846739180,683095,0.4204185021980068,0.07668277783825322,0.0
1690209707846770227,683095,0.42050926400843014,0.07658537779301684,0.0
1690209707846779632,683095,0.4205466866765716,0.07654720250486063,0.0
1690209707850797665,683096,0.4205900929861131,0.07661486217284107,0.0
1690209707851319239,683096,0.4205873988391161,0.07661683279730626,0.0
1690209707851804647,683096,0.420566005041503,0.07665657753714153,0.0
1690209707851908615,683096,0.4206191580087002,0.07667839045594692,0.0
1690209707852095981,683096,0.4205611750671114,0.07676176141680446,0.0
1690209707852208764,683096,0.4205396960197468,0.07682579916388048,0.0
1690209707852222940,683096,0.4203383735140819,0.0770437428092865,0.0
1690209707852228436,683096,0.42036004624860934,0.07703740988012613,0.0
1690209707852232745,683096,0.4203951675543628,0.07694253361532857,0.0
1690209707852259106,683096,0.4202718591082609,0.07708203054597898,0.0
1690209707858984055,683097,0.4203078166054766,0.07707112125002578,0.0
1690209707859281085,683097,0.42032292648739245,0.07697183708841826,0.0
1690209707859461821,683097,0.42031933775143154,0.07700021929037498,0.0
1690209707860048438,683097,0.420327889075755,0.07704987065574348,0.0
1690209707860124013,683097,0.42040445599102244,0.07693071638418586,0.0
1690209707860376978,683097,0.420350552009497,0.07695034133923166,0.0
1690209707860396896,683097,0.42030132952165494,0.07702367360277872,0.0
1690209707860413267,683097,0.42044581993057384,0.07689098725220256,0.0
1690209707860422468,683097,0.42040921891525296,0.07690517142277946,0.0
1690209707860434541,683097,0.4202679300068495,0.07704207236910034,0.0
1690209707867493219,683098,0.42031443193956386,0.07698573711836869,0.0
1690209707867877887,683098,0.42033526688266454,0.07693397540680545,0.0
1690209707868955094,683098,0.4203232368102975,0.07697366484232301,0.0
1690209707869300985,683098,0.4202955378845784,0.07700149217117398,0.0
1690209707869586112,683098,0.42031717219867204,0.0769512521095209,0.0
1690209707869603143,683098,0.4203496963906851,0.07687584960146762,0.0
1690209707869611026,683098,0.42034506604340655,0.07689144491217573,0.0
1690209707869616917,683098,0.4203813319592416,0.07691313559771591,0.0
1690209707869626677,683098,0.42037303788226954,0.0768884833848648,0.0
1690209707869659229,683098,0.42036627649110986,0.0768867353722668,0.0
1690209707877846164,683099,0.42040493988968985,0.07689644752755018,0.0
1690209707879185953,683099,0.4204650344110834,0.07684632420014055,0.0
1690209707879251765,683099,0.4204527846412628,0.07684807379060639,0.0
1690209707879588793,683099,0.4202978360811241,0.07703293530870012,0.0
1690209707879604395,683099,0.4203786320315304,0.07696919011659109,0.0
1690209707879624142,683099,0.42042772355061264,0.07690447193266663,0.0
1690209707879636325,683099,0.42035108080730493,0.0770208352536456,0.0
1690209707879658596,683099,0.4203557825287905,0.07703327036305024,0.0
1690209707879672609,683099,0.42041303402882746,0.07692052535763509,0.0
1690209707879721687,683099,0.42036228678703746,0.07698660035413918,0.0
1690209707884082864,683100,0.4203543309914868,0.07703918752982941,0.0
1690209707884306225,683100,0.4203718473957635,0.07697221670482063,0.0
1690209707884976637,683100,0.42032676538145564,0.0770144188156007,0.0
1690209707885045518,683100,0.42028687266407994,0.0770783472351017,0.0
1690209707885420736,683100,0.42039047301938165,0.07699068196408206,0.0
1690209707885505720,683100,0.42037072288851557,0.07701186093903098,0.0
1690209707885677447,683100,0.42025626528268345,0.07714518250234535,0.0
1690209707885694757,683100,0.420308629240174,0.07710275639118387,0.0
1690209707885703863,683100,0.42034435858236224,0.0770574051774314,0.0
1690209707885714499,683100,0.4203240773980873,0.07711612678681484,0.0
1690209707894353787,683101,0.4202585777976159,0.07716720602562048,0.0
1690209707895495568,683101,0.4202811268013355,0.07713786043253733,0.0
1690209707896044221,683101,0.4202758828648041,0.07709699153127515,0.0
1690209707896267716,683101,0.42024991551878965,0.07712993930606686,0.0
1690209707896281839,683101,0.4202779665725576,0.07714655312027448,0.0
1690209707896286082,683101,0.4202200000126925,0.0771659132630523,0.0
1690209707896410778,683101,0.4202032279862717,0.07712019295969848,0.0
1690209707896437373,683101,0.42022998294226527,0.07711974477920108,0.0
1690209707896454583,683101,0.4203694743979953,0.07697095832813836,0.0
1690209707896479854,683101,0.420339148530817,0.07695984374925019,0.0
1690209707901242604,683102,0.4203355532845434,0.077005857356351,0.0
1690209707901678184,683102,0.4204406658018576,0.07689306324930059,0.0
1690209707902354366,683102,0.42059214931871153,0.07678179110227842,0.0
1690209707902456411,683102,0.42057954214526383,0.07681979672578804,0.0
1690209707902705512,683102,0.42059277266419354,0.07684096366024308,0.0
1690209707902717590,683102,0.4206720781582719,0.07672627834282345,0.0
1690209707902722343,683102,0.4205874822471356,0.0768179728133119,0.0
1690209707902733954,683102,0.42061445769308586,0.07686826478574095,0.0
1690209707902744315,683102,0.4205563139289573,0.07686528773970687,0.0
1690209707902754368,683102,0.4204936755912302,0.07692006845860012,0.0
1690209707909145532,683103,0.42043846358070064,0.07698250362348844,0.0
1690209707909428875,683103,0.4205008392352716,0.07694548730174003,0.0
1690209707909994731,683103,0.42048784127746075,0.0769457514012663,0.0
1690209707910379581,683103,0.4203339865360335,0.0770846153022841,0.0
1690209707910667207,683103,0.42038458178670446,0.0770313454935115,0.0
1690209707911087284,683103,0.4204143442979855,0.07700296829517506,0.0
1690209707911103816,683103,0.42039963274306874,0.07705060318320546,0.0
1690209707911130920,683103,0.42033945957794083,0.07711404528146865,0.0
1690209707911137197,683103,0.4203625922815174,0.07705745977669003,0.0
1690209707911166382,683103,0.4203226613946521,0.07703421118811866,0.0
1690209707918112832,683104,0.42030268068108134,0.07707721000478171,0.0
1690209707918961826,683104,0.420317927728816,0.07708621241869128,0.0
1690209707919087490,683104,0.4202460099754776,0.07711868991469534,0.0
1690209707919466278,683104,0.42017782015013183,0.07710760798786738,0.0
1690209707919485327,683104,0.4202135527231425,0.07707818087504607,0.0
1690209707919497872,683104,0.4202722626442376,0.07699531989263755,0.0
1690209707919509985,683104,0.42023840773701737,0.077010321303152,0.0
1690209707919525586,683104,0.42024469323526104,0.07704790204346401,0.0
1690209707919539268,683104,0.42028468652785816,0.07699283203919109,0.0
1690209707919547770,683104,0.42030614888014267,0.07694710232110838,0.0
1690209707926876568,683105,0.4203255146059929,0.07693963135963006,0.0
1690209707927203930,683105,0.4203581708265304,0.07691838467711713,0.0
1690209707927957926,683105,0.4203504708115302,0.076866488008173,0.0
1690209707928165713,683105,0.4203605788479926,0.07686927963504679,0.0
1690209707928563653,683105,0.42038349075115067,0.07688851837196209,0.0
1690209707928577603,683105,0.4204252101903504,0.07682461334723653,0.0
1690209707928586717,683105,0.4203439980000835,0.0768866953620472,0.0
1690209707928592974,683105,0.42033319744836395,0.07689587287120918,0.0
1690209707928599253,683105,0.42046859814496285,0.07679881850864474,0.0
1690209707928631338,683105,0.42041824210258427,0.07686300853692536,0.0
1690209707934594507,683106,0.42040004909423945,0.07697703621735373,0.0
1690209707935089249,683106,0.42039755062569895,0.07698584957869799,0.0
1690209707935944067,683106,0.4203651400895327,0.07702790617631038,0.0
1690209707935949963,683106,0.42036194636265417,0.07709382631257503,0.0
1690209707936303420,683106,0.42027967666595334,0.07717354151130094,0.0
1690209707936316831,683106,0.42027159046096996,0.07717647792044156,0.0
1690209707936329526,683106,0.4201624481345954,0.0772166692563393,0.0
1690209707936344277,683106,0.42016780250038493,0.07720136814177138,0.0
1690209707936356446,683106,0.4202375448284442,0.07708415271863309,0.0
1690209707936363763,683106,0.4201727231606559,0.07710073466562711,0.0
1690209707944404893,683107,0.4201792220474846,0.07702669531634858,0.0
1690209707944412223,683107,0.4202189935408827,0.07691811020084201,0.0
1690209707944434189,683107,0.4203499588255908,0.07676334364109107,0.0
1690209707944876101,683107,0.42037226505969405,0.07676551334458222,0.0
1690209707944896626,683107,0.42044541229352206,0.07671347364868224,0.0
1690209707944909067,683107,0.4205542767604936,0.07658685606270398,0.0
1690209707944917387,683107,0.42053872414453786,0.07666188389520281,0.0
1690209707944934767,683107,0.4205907203408399,0.0766293577198864,0.0
1690209707944946853,683107,0.4205865189522453,0.07661256773193421,0.0
1690209707944960146,683107,0.42051710453364155,0.07666169128933417,0.0
1690209707950622219,683108,0.4204584557544964,0.07672362027964053,0.0
1690209707951564728,683108,0.42043550492775794,0.07674463084825094,0.0
1690209707951674283,683108,0.420338292778703,0.07683635079057163,0.0
1690209707952065899,683108,0.4202381907975791,0.07696754753040225,0.0
1690209707952116623,683108,0.4202056483840784,0.07696941149797575,0.0
1690209707952368863,683108,0.4202068031852182,0.07701147120936272,0.0
1690209707952375443,683108,0.4201865681848667,0.07707541182394911,0.0
1690209707952378648,683108,0.42012027361454163,0.0771706663746999,0.0
1690209707952424751,683108,0.42011480482667285,0.07721117286091915,0.0
1690209707952451519,683108,0.42005230097229446,0.07726512886348536,0.0
1690209707961077515,683109,0.42012143865400114,0.07723833295731963,0.0
1690209707961652185,683109,0.4200833556722749,0.07727425020577214,0.0
1690209707961875098,683109,0.4200543774504061,0.07729955834741167,0.0
1690209707962039720,683109,0.42012672640925364,0.07719222248414635,0.0
1690209707962449935,683109,0.42012545867218626,0.0771778322155698,0.0
1690209707962477475,683109,0.4202724625367724,0.0770188108945575,0.0
1690209707962516910,683109,0.42030507729583355,0.07694380433226827,0.0
1690209707962535089,683109,0.42037024888155644,0.07686704370766233,0.0
1690209707962547965,683109,0.4204306993049204,0.07677322278418726,0.0
1690209707962559586,683109,0.4205402258804465,0.07663301809142954,0.0
1690209707968091590,683110,0.42057674306370174,0.07659086021905528,0.0
1690209707969075947,683110,0.42060052857561075,0.07655888273397714,0.0
1690209707969084136,683110,0.42068040090249914,0.07643843283122362,0.0
1690209707969187853,683110,0.4207024358866682,0.07647952617492723,0.0
1690209707969384790,683110,0.42074334243909867,0.0764596975171225,0.0
1690209707969394859,683110,0.4207256747684199,0.0764643948399409,0.0
1690209707969402564,683110,0.42070465959860404,0.07653881282050909,0.0
1690209707969414308,683110,0.42065643393725227,0.07660607286218503,0.0
1690209707969503535,683110,0.42063688082232553,0.07666685750501354,0.0
1690209707969511635,683110,0.42057600257804234,0.07674308171878536,0.0
1690209707976474680,683111,0.4204821968398137,0.07689336970290037,0.0
1690209707977080880,683111,0.4204759769477399,0.0768897690726136,0.0
1690209707977965367,683111,0.4203504124939004,0.0770524498417153,0.0
1690209707978288340,683111,0.420314760097918,0.07713924548605351,0.0
1690209707978715266,683111,0.42024396784681944,0.07721986338270106,0.0
1690209707978745436,683111,0.42020841613164633,0.07729284792235173,0.0
1690209707978760730,683111,0.4201713344259429,0.0772900092485979,0.0
1690209707978788446,683111,0.4201779787188581,0.0772837792668965,0.0
1690209707978802022,683111,0.42015651844780405,0.07728924663839305,0.0
1690209707978809690,683111,0.42013658719576896,0.07728445126496275,0.0
1690209707986149440,683112,0.4201941722247783,0.0771591295235189,0.0
1690209707987154819,683112,0.4202050839895645,0.07710250275681675,0.0
1690209707987181576,683112,0.42024644041407766,0.07706231767562659,0.0
1690209707987459531,683112,0.42027321170346443,0.07697300230376879,0.0
1690209707987474338,683112,0.4203136658893214,0.07693388378021397,0.0
1690209707987483943,683112,0.42039826496341054,0.07681939270052379,0.0
1690209707987496111,683112,0.4204625678552447,0.07672864993985129,0.0
1690209707987560844,683112,0.42053016123215226,0.07671741564658172,0.0
1690209707987571000,683112,0.42039012349910504,0.07683979714373382,0.0
1690209707987579106,683112,0.42041932542561167,0.07678850788289183,0.0
1690209707993722668,683113,0.4203512160314844,0.07684243876909227,0.0
1690209707993754978,683113,0.4203335483901959,0.07689615828071097,0.0
1690209707993760489,683113,0.4203472080555786,0.076869902578959,0.0
1690209707994021050,683113,0.4202486112468612,0.07694396377339477,0.0
1690209707994440879,683113,0.42028959748720746,0.07694585406101773,0.0
1690209707994520536,683113,0.4202862240412892,0.07697872898039376,0.0
1690209707994711607,683113,0.4203418911351561,0.07695517206823191,0.0
1690209707994718831,683113,0.42027457023283893,0.07706615818522039,0.0
1690209707994722349,683113,0.42026019621940336,0.07708171665856521,0.0
1690209707994776402,683113,0.42021726467978177,0.07714278051785771,0.0
1690209708001354923,683114,0.4201389557463902,0.07725317316728936,0.0
1690209708002462707,683114,0.4200625922047801,0.07732889892785282,0.0
1690209708002530515,683114,0.41997898826487695,0.07739263414342427,0.0
1690209708002889783,683114,0.4199323000681025,0.07734476453979709,0.0
1690209708002899245,683114,0.4199411213223859,0.07734506123490366,0.0
1690209708002904865,683114,0.41999948696061995,0.07726523650478234,0.0
1690209708002948238,683114,0.41998342493842133,0.0772388392656915,0.0
1690209708002961922,683114,0.4201051011743148,0.0770984501622401,0.0
1690209708002971284,683114,0.42019041835552695,0.07697784778622026,0.0
1690209708002988291,683114,0.4203694741152496,0.07687359060964578,0.0
1690209708009618933,683115,0.42042578231261923,0.07679202424350529,0.0
1690209708010110365,683115,0.4204572935506895,0.07679887262420472,0.0
1690209708010804407,683115,0.42056474694924123,0.07668994063263566,0.0
1690209708011038090,683115,0.4205143424569247,0.07673354882254396,0.0
1690209708011147045,683115,0.42053918064905904,0.07675773507379013,0.0
1690209708011356384,683115,0.42036565120612135,0.07690123974358082,0.0
1690209708011366848,683115,0.42030327544456136,0.07692729933389164,0.0
1690209708011374126,683115,0.42024896692286795,0.07692793553038252,0.0
1690209708011386342,683115,0.42022838326932593,0.07697439903785072,0.0
1690209708011393882,683115,0.42022175657067845,0.07699897174775955,0.0
1690209708017978393,683116,0.4201566338123288,0.07706850338958267,0.0
1690209708018118246,683116,0.42019321756705763,0.07706840180350141,0.0
1690209708018366041,683116,0.4201946902499001,0.07711666022950323,0.0
1690209708018875841,683116,0.4202414337523451,0.07712180027678701,0.0
1690209708019069457,683116,0.4201811634634903,0.07724171933577441,0.0
1690209708019260731,683116,0.42017695739820504,0.07728623349143568,0.0
1690209708019272697,683116,0.4201251618485879,0.07734255932721325,0.0
1690209708019282446,683116,0.4200853719759318,0.07741822607852995,0.0
1690209708019303648,683116,0.42005129473174596,0.07740938612158628,0.0
1690209708019311326,683116,0.41998233678191754,0.07746466829689143,0.0
1690209708025582971,683117,0.41995710751628323,0.07738203866409343,0.0
1690209708025767709,683117,0.41994811761622963,0.07735879319173822,0.0
1690209708026131765,683117,0.4200651435519565,0.07722572781306675,0.0
1690209708026207242,683117,0.420044106188542,0.0771887219818443,0.0
1690209708026391344,683117,0.4201934962038476,0.07706537539400919,0.0
1690209708026611033,683117,0.42028333395317846,0.07693654352602053,0.0
1690209708026660470,683117,0.42043756956907663,0.07686814366378701,0.0
1690209708026809392,683117,0.4205009445604753,0.07679077267269284,0.0
1690209708026818892,683117,0.4205144460631561,0.0768032081343205,0.0
1690209708026832980,683117,0.4205795729446683,0.07673206234482904,0.0
1690209708034889311,683118,0.42050495643416785,0.07679597985639525,0.0
1690209708034897474,683118,0.420508502421406,0.0768329666496821,0.0
1690209708034903618,683118,0.42038533676048817,0.07693400985265708,0.0
1690209708035216291,683118,0.42033436311017636,0.07698109800713876,0.0
1690209708035277126,683118,0.42028450488829006,0.07700766113064436,0.0
1690209708035384794,683118,0.42027337983950136,0.07704535999608911,0.0
1690209708035395315,683118,0.42026542472923484,0.0770707920682013,0.0
1690209708035410547,683118,0.42022325027203733,0.07715132407756996,0.0
1690209708035420371,683118,0.4202839135244858,0.07712937380328759,0.0
1690209708035441786,683118,0.42029511301883876,0.07718223821946239,0.0
1690209708041826153,683119,0.42032033235170485,0.07721134923053875,0.0
1690209708042503434,683119,0.4202575216095903,0.07730981251753725,0.0
1690209708042575113,683119,0.4202534394639852,0.07732119709166026,0.0
1690209708042776090,683119,0.4201221507813526,0.0773906059555061,0.0
1690209708042784155,683119,0.4200872026169681,0.07744362660187304,0.0
1690209708042788442,683119,0.420059026653793,0.07740832794328571,0.0
1690209708042795034,683119,0.41995588970135256,0.07745346250859127,0.0
1690209708042799829,683119,0.4199439329773491,0.0773900078616069,0.0
1690209708042805953,683119,0.41996245257365433,0.07731312724045138,0.0
1690209708042841732,683119,0.42008620205056146,0.07717833213096437,0.0
1690209708051997910,683120,0.42008607256414177,0.07717399461972359,0.0
1690209708052506321,683120,0.42011520592412044,0.07716775536489746,0.0
1690209708052619886,683120,0.4202096765444971,0.07706564564464916,0.0
1690209708052625572,683120,0.4202220417071264,0.0770672477249088,0.0
1690209708052744041,683120,0.42027898480830167,0.07704293327098562,0.0
1690209708052752843,683120,0.4203092763207917,0.0770198014785879,0.0
1690209708052757134,683120,0.4202538319956798,0.07699969718182871,0.0
1690209708052763066,683120,0.42023020692213736,0.07703002497751209,0.0
1690209708052766599,683120,0.4202289312841303,0.07704657376963113,0.0
1690209708052777649,683120,0.42025637083009754,0.07699864951390206,0.0
1690209708059512947,683121,0.4201738585015893,0.0770538879134646,0.0
1690209708060515688,683121,0.4201719566949565,0.07706176007755786,0.0
1690209708060575532,683121,0.4203151629262087,0.07694170283416638,0.0
1690209708060833219,683121,0.42025004511434133,0.07701413258954466,0.0
1690209708060841906,683121,0.42022751719794943,0.07710978340980458,0.0
1690209708060845690,683121,0.420233444523318,0.07708452420683008,0.0
1690209708060860409,683121,0.42023048135077207,0.07706375966280057,0.0
1690209708060865493,683121,0.42022498186545004,0.07713649900958815,0.0
1690209708060880103,683121,0.420266961348483,0.07712741544646803,0.0
1690209708060916217,683121,0.42026758585949964,0.0771064909793347,0.0
1690209708069573960,683122,0.42022825832306926,0.07717036666916913,0.0
1690209708070026638,683122,0.42029520081508176,0.07712083814761773,0.0
1690209708071676484,683122,0.4203402328703296,0.0771055461951709,0.0
1690209708071749265,683122,0.4202555038190726,0.07719816503225352,0.0
1690209708072250538,683122,0.42021533303377645,0.07720370492297603,0.0
1690209708072273384,683122,0.4202559415491832,0.07715731020154776,0.0
1690209708072281175,683122,0.4201835103412678,0.07723137093907041,0.0
1690209708072305766,683122,0.4201268639407909,0.07730646717157015,0.0
1690209708072377977,683122,0.4201510197944178,0.07723144210203882,0.0
1690209708072391416,683122,0.42008469923789593,0.07728294749140886,0.0
1690209708077082731,683123,0.42009453763667004,0.07728964541813337,0.0
1690209708077544674,683123,0.4202124491339587,0.07718907908669984,0.0
1690209708077724668,683123,0.42022392532893593,0.07719902659271365,0.0
1690209708077740406,683123,0.4201969380075722,0.07720709078377128,0.0
1690209708078027564,683123,0.42022814075591763,0.07717253037642348,0.0
1690209708078136416,683123,0.42026933258354154,0.07714615169302894,0.0
1690209708078342162,683123,0.4202524783115868,0.07717234648920579,0.0
1690209708078358782,683123,0.42019565762220357,0.07718852197008882,0.0
1690209708078367871,683123,0.4202098983937732,0.07715586174309791,0.0
1690209708078377101,683123,0.4202500969219565,0.07705285317592986,0.0
1690209708084793840,683124,0.4202256672492427,0.07707658914617536,0.0
1690209708085562965,683124,0.4202359620806577,0.07710977337285302,0.0
1690209708085605035,683124,0.4202452836403745,0.07707214467605203,0.0
1690209708085910524,683124,0.4202612213494061,0.07704166134813897,0.0
1690209708085923762,683124,0.42026240570042495,0.07707045827120723,0.0
1690209708085932725,683124,0.4203707489662715,0.0769730371633669,0.0
1690209708085946979,683124,0.4203614769981133,0.0769615661346404,0.0
1690209708085956524,683124,0.4202526433693482,0.07712824702376973,0.0
1690209708085962261,683124,0.4203253207119334,0.07706452871868298,0.0
1690209708085978022,683124,0.4203564262036727,0.07700241197623811,0.0
1690209708092474806,683125,0.4202722133324554,0.07711873112213,0.0
1690209708093646258,683125,0.4202663184583707,0.07712804198013261,0.0
1690209708093807055,683125,0.42027053192210684,0.07708856843691382,0.0
1690209708094008465,683125,0.42021834118111157,0.07714689655179004,0.0
1690209708094437427,683125,0.42020469340789984,0.07720052050817079,0.0
1690209708094452628,683125,0.42025627134480054,0.07710575814993409,0.0
1690209708094460383,683125,0.42019296278537255,0.07715392417095553,0.0
1690209708094468201,683125,0.42019114797954593,0.07717592969358726,0.0
1690209708094482197,683125,0.42030341184606756,0.077096603004339,0.0
1690209708094577806,683125,0.4202940577611841,0.07710987207641243,0.0
1690209708102870973,683126,0.4202692456919382,0.07710362549121309,0.0
1690209708103405690,683126,0.42031524946661447,0.07705887459219861,0.0
1690209708104065651,683126,0.42036115313110756,0.07703420275368567,0.0
1690209708104815974,683126,0.4203489526204994,0.07704935177477941,0.0
1690209708104831269,683126,0.4203103626925638,0.07705766246902557,0.0
1690209708105271183,683126,0.42033808512635773,0.0770293647731687,0.0
1690209708105287187,683126,0.42041277815928646,0.07690984778741414,0.0
1690209708105300364,683126,0.42036303869962094,0.0769560396684816,0.0
1690209708105329558,683126,0.4203388970696339,0.07701154434140675,0.0
1690209708105343247,683126,0.4203723705540051,0.07695282995196599,0.0
1690209708109728216,683127,0.42040315541716167,0.07691686179339523,0.0
1690209708110434063,683127,0.42040560901507534,0.07694359007241626,0.0
1690209708110676027,683127,0.42051627087730914,0.07686727899867443,0.0
1690209708110892841,683127,0.4205274097647101,0.07683201648515749,0.0
1690209708110898200,683127,0.42046551525467435,0.07694162193476062,0.0
1690209708111018831,683127,0.4205473252688179,0.0768948580251228,0.0
1690209708111182962,683127,0.42056285025140394,0.07690124076694353,0.0
1690209708111201168,683127,0.42049999125833276,0.07699270476816536,0.0
1690209708111205763,683127,0.42041533753940086,0.07701466340135604,0.0
1690209708111212681,683127,0.42042996876319705,0.07700313055211422,0.0
1690209708120083751,683128,0.4203657291415281,0.07706754102387675,0.0
1690209708120852447,683128,0.4203099109229552,0.07712190408253738,0.0
1690209708120991523,683128,0.4203348859882894,0.07706777826193335,0.0
1690209708121720019,683128,0.4202976881663145,0.07709795973285478,0.0
1690209708121973364,683128,0.42038613052191975,0.0770146269907296,0.0
1690209708122357698,683128,0.42044502996307165,0.07696538026793237,0.0
1690209708122373208,683128,0.4204651175329326,0.07698033470968574,0.0
1690209708122393839,683128,0.4204589518967977,0.07693277326463531,0.0
1690209708122401677,683128,0.4204941266345717,0.07690829094683617,0.0
1690209708122451957,683128,0.4205460468702066,0.07690677016663558,0.0
1690209708126427191,683129,0.42052430811978125,0.07689775654350828,0.0
1690209708126715457,683129,0.42047139691487634,0.07691600951372768,0.0
1690209708127488688,683129,0.4204499534449593,0.07694333547887047,0.0
1690209708127652481,683129,0.4205179899718964,0.0768347477135676,0.0
1690209708127902597,683129,0.42049458788578564,0.07684752715968024,0.0
1690209708127912858,683129,0.42043599804419285,0.07691523862902756,0.0
1690209708127975092,683129,0.4204736150813979,0.07684263641218947,0.0
1690209708127990708,683129,0.4205099644708843,0.07677694011273219,0.0
1690209708128003328,683129,0.4205385812054642,0.0767762660594442,0.0
1690209708128013439,683129,0.42066708458641455,0.0766928198648001,0.0
1690209708134502624,683130,0.42067863549819845,0.07664216080616534,0.0
1690209708134662050,683130,0.4206169767026554,0.07673530275850281,0.0
1690209708134894299,683130,0.42068322820722304,0.07669283720381823,0.0
1690209708134982646,683130,0.42067180059085885,0.0767520178953597,0.0
1690209708135598077,683130,0.4205770316426274,0.07687304851866894,0.0
1690209708135861531,683130,0.42050392262461045,0.07688989617648977,0.0
1690209708136044470,683130,0.42053372767195085,0.07687301872778747,0.0
1690209708136059177,683130,0.4204521825276357,0.07695493223298444,0.0
1690209708136071307,683130,0.4203844958014116,0.07701808260492597,0.0
1690209708136086457,683130,0.420384244593499,0.07700341387185214,0.0
1690209708142549867,683131,0.42031628011089306,0.07706138727929186,0.0
1690209708143563341,683131,0.42041113627462956,0.07695654297925868,0.0
1690209708143720499,683131,0.42042815583593945,0.07696014775888435,0.0
1690209708144017327,683131,0.42043527151295246,0.07699303079293512,0.0
1690209708144295996,683131,0.42047903985594837,0.07693067043188834,0.0
1690209708144309203,683131,0.42050711571964394,0.07691345949568094,0.0
1690209708144317814,683131,0.4205649532497777,0.07692137356118962,0.0
1690209708144325315,683131,0.42054289587127125,0.07693187996752461,0.0
1690209708144342642,683131,0.420479875901552,0.07694752521792501,0.0
1690209708144384796,683131,0.42046378583483524,0.07695133731526682,0.0
1690209708151297067,683132,0.42051512896082116,0.07684088545217947,0.0
1690209708151544329,683132,0.420505017516838,0.0768344032626664,0.0
1690209708152783284,683132,0.42046453531031563,0.07686627866614149,0.0
1690209708152869336,683132,0.42049481558029317,0.0767913500827387,0.0
1690209708153174286,683132,0.42054795406404966,0.07671948181772717,0.0
1690209708153195229,683132,0.4205586342609597,0.0767312585038135,0.0
1690209708153213948,683132,0.4206221911774015,0.07669133985493448,0.0
1690209708153228592,683132,0.42062280503026594,0.07668006763896443,0.0
1690209708153238084,683132,0.4205211907775049,0.0768267216436012,0.0
1690209708153244980,683132,0.4205664610837235,0.07681699830745171,0.0
1690209708160552218,683133,0.420509008927763,0.07689608191401534,0.0
1690209708161903622,683133,0.42041113207725445,0.07704866793199779,0.0
1690209708162040329,683133,0.4203445057527049,0.07706590086085187,0.0
1690209708162470083,683133,0.4203110830830766,0.07708321309141886,0.0
1690209708162490678,683133,0.42030223439204273,0.07713066509983103,0.0
1690209708162518763,683133,0.42023685858690896,0.07719514979225647,0.0
1690209708162529833,683133,0.42030603994627325,0.07711267937826877,0.0
1690209708162551770,683133,0.4202676075070148,0.0771528154908515,0.0
1690209708162565868,683133,0.42038373193572376,0.07704615390377714,0.0
1690209708162578599,683133,0.4204684723263395,0.0769600924005427,0.0
1690209708168030246,683134,0.42047101750552557,0.07698318938252521,0.0
1690209708168438898,683134,0.42053181615913504,0.07691386960387822,0.0
1690209708169022269,683134,0.4205421652682231,0.07688963317744955,0.0
1690209708169160952,683134,0.4205811005025533,0.07685847978270306,0.0
1690209708169507458,683134,0.4205561751041017,0.07685578279075353,0.0
1690209708169583471,683134,0.42057711884856225,0.07678979859773012,0.0
1690209708169852379,683134,0.42054311873130323,0.07680726478025743,0.0
1690209708169860119,683134,0.420611383087203,0.07668481925577261,0.0
1690209708169865266,683134,0.4206503575730967,0.0766004929889638,0.0
1690209708169879414,683134,0.42062337767396424,0.07665024319201562,0.0
1690209708176255395,683135,0.4206495520227966,0.0765927611368451,0.0
1690209708177530249,683135,0.4206549751362979,0.07655406430002344,0.0
1690209708177540458,683135,0.4206989455708995,0.07654199955467761,0.0
1690209708177564767,683135,0.42067247729084,0.07657980208925243,0.0
1690209708177882223,683135,0.4206850269019734,0.07658139012923078,0.0
1690209708177904928,683135,0.42056856938625364,0.07671466122042875,0.0
1690209708177918141,683135,0.42052558727531814,0.07677418513119284,0.0
1690209708177928112,683135,0.4204704457933671,0.07685505422276531,0.0
1690209708177939759,683135,0.420375077331945,0.07699915795138977,0.0
1690209708177992734,683135,0.4203405720487575,0.07702935046291881,0.0
1690209708185372356,683136,0.4203154009872193,0.07705617082319381,0.0
1690209708186397602,683136,0.4203179187230447,0.0770893274548126,0.0
1690209708186548771,683136,0.42026274139110353,0.07716555419659141,0.0
1690209708187085582,683136,0.42024789098937254,0.07717038529751102,0.0
1690209708187104366,683136,0.4201805829466804,0.07722200049197323,0.0
1690209708187113015,683136,0.42027476117244794,0.07713568554187251,0.0
1690209708187126872,683136,0.4203031301291689,0.07708165388665153,0.0
1690209708187176590,683136,0.42028919675529103,0.0771271654509063,0.0
1690209708187212084,683136,0.4203491136122451,0.07704247916544339,0.0
1690209708187269582,683136,0.4203528129421429,0.07700684568150389,0.0
1690209708194318930,683137,0.42041367310554145,0.07696154882899472,0.0
1690209708195789531,683137,0.42042429783279583,0.076927889881008,0.0
1690209708196000991,683137,0.4204626765045344,0.07683610171331066,0.0
1690209708196275418,683137,0.42041610188999295,0.0768470782532938,0.0
1690209708196285786,683137,0.42050174721671507,0.07671503407874773,0.0
1690209708196305448,683137,0.42055195755259267,0.07664041886376298,0.0
1690209708196317863,683137,0.42052863294039317,0.07668142577115158,0.0
1690209708196339096,683137,0.4205711360360511,0.07662137858000925,0.0
1690209708196362684,683137,0.4206107071450722,0.07657248888523671,0.0
1690209708196385015,683137,0.4206586312185099,0.07655653000538802,0.0
1690209708201757558,683138,0.42069701620298466,0.07652401074175257,0.0
1690209708202786403,683138,0.42069446556993007,0.07650793579398593,0.0
1690209708202889838,683138,0.4206079111933852,0.07662409426738007,0.0
1690209708203158563,683138,0.42062326177001763,0.07663975942142894,0.0
1690209708203174095,683138,0.42055606022494607,0.07673589244087747,0.0
1690209708203187042,683138,0.4204684540360829,0.07688298763671852,0.0
1690209708203196747,683138,0.42040964182628704,0.07691730139878657,0.0
1690209708203219561,683138,0.4203778701982549,0.07695559503409613,0.0
1690209708203230490,683138,0.4203546377252656,0.07702737446201989,0.0
1690209708203237059,683138,0.42029933169959466,0.07709039903740673,0.0
1690209708209952261,683139,0.42025525027988375,0.07713402464925355,0.0
1690209708210345508,683139,0.4202098839498906,0.0771948944528474,0.0
1690209708210643973,683139,0.4202699485165702,0.07712666768667813,0.0
1690209708211397052,683139,0.42028043135132065,0.0771301865054977,0.0
1690209708211471404,683139,0.42023121459075297,0.07716751170575716,0.0
1690209708211827786,683139,0.42023819738542156,0.07714718290191562,0.0
1690209708211835737,683139,0.42025312688184824,0.07712099111066818,0.0
1690209708211840270,683139,0.4202517774650979,0.07712539210408588,0.0
1690209708211877213,683139,0.42031889281154283,0.07705720964019756,0.0
1690209708211884094,683139,0.42031901325554755,0.07702002696830039,0.0
1690209708217825876,683140,0.42038030351320615,0.07696185586219188,0.0
1690209708218534003,683140,0.42044258542269336,0.07680823995291632,0.0
1690209708219329545,683140,0.4204662570365213,0.0767555806973685,0.0
1690209708219446948,683140,0.42046904793816714,0.07669680089048822,0.0
1690209708219750692,683140,0.42046458804388914,0.0766389703380682,0.0
1690209708219762630,683140,0.42050974374239003,0.07655749424181665,0.0
1690209708219773425,683140,0.42051881362037036,0.07652299887996769,0.0
1690209708219780461,683140,0.4206184732017823,0.07638593911874379,0.0
1690209708219795058,683140,0.4206037465331457,0.07637066665434476,0.0
1690209708219809060,683140,0.42061422613757726,0.0764033048812699,0.0
1690209708227042277,683141,0.4206880295963345,0.07631911454295388,0.0
1690209708228407481,683141,0.42069368478335667,0.07639675911091952,0.0
1690209708228543381,683141,0.4206863453197078,0.07645218794036696,0.0
1690209708229034317,683141,0.4206767827546526,0.07650573550706277,0.0
1690209708229049569,683141,0.4206898684251239,0.07652962899004856,0.0
1690209708229055391,683141,0.42058144837667455,0.07670052840734261,0.0
1690209708229094602,683141,0.42055359239665124,0.07674674111570515,0.0
1690209708229102945,683141,0.42042468831536634,0.07688163249440422,0.0
1690209708229115461,683141,0.42030326253028105,0.07704450804205949,0.0
1690209708229126592,683141,0.4202407486020345,0.07707822298320903,0.0
1690209708236008548,683142,0.42014934599739295,0.0772067424270473,0.0
1690209708236636753,683142,0.4200599143737218,0.07724663500749383,0.0
1690209708237254179,683142,0.4200338270338299,0.07726118803433708,0.0
1690209708237270297,683142,0.4200737427742185,0.07722215370666137,0.0
1690209708237444235,683142,0.4200390654743944,0.07725872247122373,0.0
1690209708237622772,683142,0.42012342744373155,0.07718489788153035,0.0
1690209708237821721,683142,0.4201045797316901,0.0771668456144623,0.0
1690209708237836563,683142,0.42023652989300964,0.07705003219282543,0.0
1690209708237845330,683142,0.42026663395740543,0.0769413469048378,0.0
1690209708237851129,683142,0.42030114239643107,0.07692950293927157,0.0
1690209708245068755,683143,0.4203602030147523,0.0768133440168353,0.0
1690209708245517420,683143,0.42036398847075196,0.0767597312238172,0.0
1690209708245533335,683143,0.4204310447012385,0.0767008884023446,0.0
1690209708245540922,683143,0.4204151640188795,0.07667731595755282,0.0
1690209708245555338,683143,0.42056882177865756,0.07649331475217395,0.0
1690209708245564975,683143,0.42053310191985693,0.07649666979697994,0.0
1690209708245574462,683143,0.42058251822799014,0.07648442157024009,0.0
1690209708245581388,683143,0.42067922671284275,0.07636909382306198,0.0
1690209708245604953,683143,0.4205982401696806,0.07646485858829989,0.0
1690209708245642102,683143,0.42061577866569655,0.07647391478770833,0.0
1690209708251026070,683144,0.420602402165719,0.0764620626355058,0.0
1690209708251164494,683144,0.420583942947421,0.07647672247236958,0.0
1690209708251308300,683144,0.4205054212819953,0.07660206982637435,0.0
1690209708251431566,683144,0.42047996600525134,0.07664064164396316,0.0
1690209708251694791,683144,0.42046406522154967,0.0766582599906463,0.0
1690209708251760903,683144,0.420376711976935,0.07679966429172888,0.0
1690209708251821598,683144,0.4203558416183594,0.0768810697917978,0.0
1690209708251998718,683144,0.4203560608268372,0.0769150696763643,0.0
1690209708252005142,683144,0.42027179810867255,0.07700173728169889,0.0
1690209708252008256,683144,0.420262898115591,0.07708249187740496,0.0
1690209708260938072,683145,0.42026471355547024,0.07711971668738829,0.0
1690209708261998232,683145,0.42025229692001903,0.07714619215676352,0.0
1690209708262239924,683145,0.42016186616115236,0.07726644997465394,0.0
1690209708262579603,683145,0.4201338214898409,0.07729132098418057,0.0
1690209708262956042,683145,0.4202260056548105,0.0771464083509301,0.0
1690209708262982019,683145,0.42015330557341224,0.07714080460135875,0.0
1690209708263012633,683145,0.4201353423678912,0.07712246058336718,0.0
1690209708263027189,683145,0.42019428333454,0.07700475765838058,0.0
1690209708263036108,683145,0.4201989706656754,0.07694714082761808,0.0
1690209708263067117,683145,0.42020764981522407,0.07691144557833546,0.0
1690209708269133501,683146,0.42030694876528835,0.07679074625318157,0.0
1690209708269327287,683146,0.42044093468242805,0.07662074723275335,0.0
1690209708269546348,683146,0.42050050800229083,0.07656629464602685,0.0
1690209708269783918,683146,0.42057612041456904,0.07652269124296658,0.0
1690209708269790687,683146,0.4206826586304992,0.07643401987980754,0.0
1690209708269796929,683146,0.4207185924446953,0.07639634008455198,0.0
1690209708269808731,683146,0.42071902625247876,0.07643913547764174,0.0
1690209708269816074,683146,0.42074529741414357,0.07642349914305036,0.0
1690209708269821828,683146,0.4207317683235691,0.07640792766614447,0.0
1690209708269842088,683146,0.4206703106991695,0.07646082112774498,0.0
1690209708278961476,683147,0.42061348292180994,0.07652385470593892,0.0
1690209708279241689,683147,0.4206755397279082,0.07645854807441181,0.0
1690209708279701756,683147,0.42060152514216553,0.07653990270626708,0.0
1690209708279718014,683147,0.42052687944829237,0.07665065445868458,0.0
1690209708279728492,683147,0.42060879368299875,0.07658990654161611,0.0
1690209708279734987,683147,0.42057430404378526,0.0766414748180297,0.0
1690209708279758154,683147,0.42054123681795075,0.07671223548325976,0.0
1690209708279767058,683147,0.42053848819423173,0.07675544807109937,0.0
1690209708279813272,683147,0.4205406621796516,0.07675059682628584,0.0
1690209708279820231,683147,0.42046850714977874,0.07685975750912119,0.0
1690209708285555703,683148,0.4204139046306724,0.07692989903398911,0.0
1690209708286149332,683148,0.42039053096730694,0.0769646493349019,0.0
1690209708286509834,683148,0.4203197544860981,0.0769662582351957,0.0
1690209708286769527,683148,0.4202722202856425,0.07695017869949297,0.0
1690209708286778126,683148,0.42030117657177396,0.07693938054322287,0.0
1690209708286789272,683148,0.4202946032326877,0.07689232916390358,0.0
1690209708286793931,683148,0.4202758735801846,0.07688088358431315,0.0
1690209708286798387,683148,0.4202993302307548,0.07686182404857199,0.0
1690209708286877385,683148,0.42040170120795284,0.07674614072105308,0.0
1690209708286886600,683148,0.4205034780264267,0.07662555618715693,0.0
1690209708294808554,683149,0.4204311965526558,0.0767174170469096,0.0
1690209708295015687,683149,0.42049906584194613,0.07666522487946006,0.0
1690209708296429055,683149,0.4205329188098909,0.07658938573048141,0.0
1690209708296571930,683149,0.420480817926976,0.076672907244203,0.0
1690209708297033423,683149,0.42047844442284377,0.07669810580023567,0.0
1690209708297052959,683149,0.4204675497614319,0.07663923872538332,0.0
1690209708297079447,683149,0.42044634535095776,0.0766597538203296,0.0
1690209708297103352,683149,0.42036980355594683,0.07676250930828088,0.0
1690209708297116252,683149,0.4204711968053636,0.07663356875796326,0.0
1690209708297127749,683149,0.42041942174398145,0.07668190179567069,0.0
1690209708302758140,683150,0.42038195388985533,0.07670628274388584,0.0
1690209708302925108,683150,0.4204907061702656,0.07662192989021938,0.0
1690209708303697242,683150,0.4204738309957029,0.07662703733070376,0.0
1690209708303855702,683150,0.4204373820751393,0.07669386365747716,0.0
1690209708304163631,683150,0.42043292711534996,0.0766906372039457,0.0
1690209708304171553,683150,0.4204663156115553,0.07666075341098644,0.0
1690209708304177145,683150,0.4205002624037131,0.07666115919920378,0.0
1690209708304190592,683150,0.42045016317703254,0.07670580038389295,0.0
1690209708304202583,683150,0.4204722823734576,0.07672631265451402,0.0
1690209708304215309,683150,0.420476872327736,0.07666886913102501,0.0
1690209708310801038,683151,0.4204893744396278,0.07666578998149419,0.0
1690209708310954712,683151,0.4205206400081402,0.07666864948664098,0.0
1690209708311105890,683151,0.42047898049684773,0.07672469133788258,0.0
1690209708311120521,683151,0.42047861786744256,0.07673824277140946,0.0
1690209708311388049,683151,0.4203909545784694,0.07684431489064066,0.0
1690209708311532305,683151,0.4204386518656413,0.07682021313389611,0.0
1690209708311680936,683151,0.42038395928499295,0.0768261149207235,0.0
1690209708311852006,683151,0.4202090573849693,0.07701988515726689,0.0
1690209708311861920,683151,0.4202225735159423,0.0769694721855121,0.0
1690209708311865232,683151,0.42020162681545403,0.07694017777633447,0.0
1690209708317673532,683152,0.4201811590760358,0.07700074184794178,0.0
1690209708317681811,683152,0.4201888394621656,0.0769893632126069,0.0
1690209708318182546,683152,0.42024480281996146,0.07687717155481136,0.0
1690209708318320289,683152,0.42029375406388514,0.07684358845696491,0.0
1690209708318596446,683152,0.42031282487563787,0.07687129415865553,0.0
1690209708318607754,683152,0.42046350570210994,0.07671679037360314,0.0
1690209708318612983,683152,0.42043964291118485,0.07675788556643888,0.0
1690209708318618646,683152,0.42041435785901604,0.07676114036570375,0.0
1690209708318645417,683152,0.4205090461273267,0.07665602890192447,0.0
1690209708318655203,683152,0.4205033537087622,0.0766554183609881,0.0
1690209708325953368,683153,0.42045408044631244,0.07668755486512276,0.0
1690209708326528167,683153,0.4204369351840449,0.07665205145802753,0.0
1690209708327558448,683153,0.4204443653397044,0.07660466341170394,0.0
1690209708327664851,683153,0.420487794771869,0.07657156726774833,0.0
1690209708328064515,683153,0.42052205360179506,0.07650899807247763,0.0
1690209708328077915,683153,0.4205039404156731,0.07653156020123475,0.0
1690209708328084968,683153,0.42055721667368384,0.07646876071875423,0.0
1690209708328139866,683153,0.42061334289603647,0.07642964427661642,0.0
1690209708328157595,683153,0.420690196475951,0.07646588584085731,0.0
1690209708328166533,683153,0.420681725830105,0.07652612342197887,0.0
1690209708334046735,683154,0.42067347506794894,0.07655960283200015,0.0
1690209708334369732,683154,0.4205636084562583,0.07670758388588747,0.0
1690209708334620130,683154,0.42046294330675416,0.07683539785375443,0.0
1690209708335543411,683154,0.42042164339936383,0.07684575187878062,0.0
1690209708335556098,683154,0.4202389559212286,0.07700464684968404,0.0
1690209708335577402,683154,0.42015449152694906,0.07707703027289468,0.0
1690209708335590327,683154,0.42014615229084723,0.07704794314922225,0.0
1690209708335600992,683154,0.42017053685149225,0.07705738519402983,0.0
1690209708335614035,683154,0.4201537065404415,0.07709791692006705,0.0
1690209708335622923,683154,0.4201989292709377,0.0770310094831479,0.0
1690209708342569179,683155,0.42024371491512724,0.07697901117719654,0.0
1690209708343453370,683155,0.42028453872398064,0.0769654591802387,0.0
1690209708343852637,683155,0.4203659456606673,0.0768846992915383,0.0
1690209708344065854,683155,0.42033253797439374,0.07692571592586422,0.0
1690209708344212219,683155,0.4203114163562036,0.0769097122223957,0.0
1690209708344442355,683155,0.4203282313204172,0.07680992988940744,0.0
1690209708344688257,683155,0.4203598361076485,0.07676679760207981,0.0
1690209708344707857,683155,0.4203702010565238,0.07672070773811146,0.0
1690209708344720807,683155,0.42035467185527026,0.07667175047522994,0.0
1690209708344731643,683155,0.42036707767377535,0.07661190559098612,0.0
1690209708350921301,683156,0.42043754703541625,0.07654939749108854,0.0
1690209708352168859,683156,0.42051347270938133,0.07646999819996399,0.0
1690209708352537850,683156,0.42050631390740206,0.07652757358473367,0.0
1690209708352855063,683156,0.4204674905673591,0.07659733431395446,0.0
1690209708352869168,683156,0.4205218026187099,0.0765752319249148,0.0
1690209708352878477,683156,0.42052458237767254,0.07662727446494842,0.0
1690209708352890305,683156,0.42047649257139424,0.07676940943269597,0.0
1690209708352897582,683156,0.4204483007002783,0.07680792313488073,0.0
1690209708352937842,683156,0.4202999144767926,0.07694582490653608,0.0
1690209708352950221,683156,0.4202198055839454,0.07707887104895453,0.0
1690209708361043869,683157,0.42014443852021394,0.07713721759995557,0.0
1690209708362179068,683157,0.4200325623818108,0.07723527814587691,0.0
1690209708362548201,683157,0.41987628017785505,0.07734502510547478,0.0
1690209708362889322,683157,0.41985941945232175,0.07732869516094759,0.0
1690209708362902499,683157,0.4198642040579024,0.07733460421706304,0.0
1690209708362912249,683157,0.4198220326792826,0.07738537120221052,0.0
1690209708362918206,683157,0.41988151810869145,0.07731206913390906,0.0
1690209708362952940,683157,0.4199295250877636,0.07725293315257942,0.0
1690209708362977273,683157,0.42005277293910814,0.07716069488261741,0.0
1690209708363022899,683157,0.42013633980823856,0.07708232921542618,0.0
1690209708367870683,683158,0.42011885372734414,0.07712715223163197,0.0
1690209708368749769,683158,0.42018565591388785,0.07703044024859516,0.0
1690209708368829481,683158,0.42017447336909064,0.0769574776360847,0.0
1690209708369070385,683158,0.42021048389774834,0.07695556028173549,0.0
1690209708369081010,683158,0.4201938986633253,0.07691702251164595,0.0
1690209708369088094,683158,0.4201937483887578,0.07684128708411056,0.0
1690209708369096835,683158,0.42018363570146444,0.07681362180169754,0.0
1690209708369105234,683158,0.4202556161564992,0.07673983013430849,0.0
1690209708369127718,683158,0.4203631353780423,0.07660089730778331,0.0
1690209708369140436,683158,0.42028519221990596,0.07667353263907907,0.0
1690209708377303914,683159,0.4202854363231465,0.07670597403363241,0.0
1690209708378436544,683159,0.4203851758974347,0.07659432572348189,0.0
1690209708378949394,683159,0.420390207150373,0.07664148642002674,0.0
1690209708379117286,683159,0.4203488325756697,0.07676596865019272,0.0
1690209708379532118,683159,0.4203426025516998,0.07676082305898294,0.0
1690209708379571249,683159,0.4203129589027622,0.07680604005965957,0.0
1690209708379591042,683159,0.4202416904268775,0.07692461068688468,0.0
1690209708379614834,683159,0.4201901555697579,0.07703117810783379,0.0
1690209708379622906,683159,0.42011173294883775,0.07709829462568686,0.0
1690209708379643002,683159,0.41997608581094814,0.07720218081356973,0.0
1690209708385309663,683160,0.41996102697138765,0.07724827353743181,0.0
1690209708386136484,683160,0.4199569635494002,0.07727256142523385,0.0
1690209708386315836,683160,0.41991722825695016,0.0773308013560381,0.0
1690209708386582614,683160,0.41985729798915117,0.07741122515526243,0.0
1690209708386642954,683160,0.41988105275548493,0.07738765519575375,0.0
1690209708386843113,683160,0.4199944714418603,0.07728157007480853,0.0
1690209708386979713,683160,0.41996327600673306,0.07732372580784097,0.0
1690209708386988576,683160,0.4199328264864358,0.07735394268969316,0.0
1690209708387000049,683160,0.42002002047629156,0.07722690059231052,0.0
1690209708387013402,683160,0.42003624627416625,0.07713733496546737,0.0
1690209708392459901,683161,0.4200459292170484,0.07713672967645496,0.0
1690209708392939570,683161,0.42010502909927205,0.07703670617097332,0.0
1690209708393076486,683161,0.42010551786353945,0.07696817468668003,0.0
1690209708393599479,683161,0.42007933784222207,0.07697497888520301,0.0
1690209708393711529,683161,0.4201504806418895,0.07687424273554122,0.0
1690209708393939351,683161,0.42025007918856605,0.07676861464617935,0.0
1690209708393951042,683161,0.4201755493323752,0.07680515286705274,0.0
1690209708393962792,683161,0.4201271933428367,0.07687832979723395,0.0
1690209708393969852,683161,0.42019347187858946,0.0767927197455529,0.0
1690209708393983680,683161,0.4201671698016858,0.07679990782318943,0.0
1690209708403179603,683162,0.4201091063683397,0.07688511899462833,0.0
1690209708404734990,683162,0.42011012386778984,0.07688445455284208,0.0
1690209708405001394,683162,0.42013582861085774,0.07683954052758282,0.0
1690209708405256947,683162,0.42010128393840596,0.07690862111170775,0.0
1690209708405617446,683162,0.42010566773833785,0.07701148702239041,0.0
1690209708405628813,683162,0.4201570574471978,0.0769765486210487,0.0
1690209708405634436,683162,0.4201037308052683,0.07707512145750837,0.0
1690209708405640690,683162,0.42009120607289824,0.07715992304068442,0.0
1690209708405691548,683162,0.42016992480163623,0.07713594322212619,0.0
1690209708405714722,683162,0.42013923228687833,0.07719454261231246,0.0
1690209708409030338,683163,0.41999530005076924,0.07737061161732502,0.0
1690209708410198157,683163,0.42000543096422127,0.07736840621244534,0.0
1690209708410330388,683163,0.41998087817569735,0.07733129824003329,0.0
1690209708410577177,683163,0.41990220161156905,0.07742651249453006,0.0
1690209708410709258,683163,0.41986238764348655,0.07742242939417006,0.0
1690209708410897636,683163,0.41989981543376476,0.07732885965640751,0.0
1690209708410909703,683163,0.4199169242322367,0.07724978454544923,0.0
1690209708410920904,683163,0.419956197630975,0.07722381292818035,0.0
1690209708410928979,683163,0.42008004058848525,0.07710608296382808,0.0
1690209708410937749,683163,0.4200957063884312,0.07701847058594198,0.0
1690209708418544251,683164,0.420120280879688,0.07699234033633603,0.0
1690209708419418619,683164,0.4202411404648262,0.07686469344340321,0.0
1690209708420202734,683164,0.42028678702815897,0.07682003644284688,0.0
1690209708420403944,683164,0.4202435154319122,0.07682988901142251,0.0
1690209708420430506,683164,0.4201415359667943,0.07692562461482916,0.0
1690209708420829802,683164,0.4201740896808793,0.07688048154661502,0.0
1690209708420851826,683164,0.4201131035326316,0.07689883374019565,0.0
1690209708420868632,683164,0.42001733669389363,0.07700468156458183,0.0
1690209708420881575,683164,0.42002164636072525,0.07698929641877626,0.0
1690209708420925704,683164,0.4200430868765804,0.07693706628468235,0.0
1690209708427142442,683165,0.4200433733105012,0.07697440837822314,0.0
1690209708427373110,683165,0.420023723709467,0.07708252782131911,0.0
1690209708427401239,683165,0.4200606802425676,0.07706289397645762,0.0
1690209708427623924,683165,0.4200013695555136,0.07715359268808764,0.0
1690209708427806298,683165,0.4199898011855805,0.07722797431835741,0.0
1690209708427815553,683165,0.4200536648936535,0.07721105239140442,0.0
1690209708427838614,683165,0.42001343070911284,0.07726057762214161,0.0
1690209708427846284,683165,0.41985880485638294,0.0774223521731949,0.0
1690209708427879613,683165,0.4198818040928684,0.07738858466775826,0.0
1690209708427886368,683165,0.41994085985972707,0.07724956424919222,0.0
1690209708434150362,683166,0.41983813317985924,0.07735119820294037,0.0
1690209708434484957,683166,0.419837423211698,0.07732058848934002,0.0
1690209708435001042,683166,0.41988736285959594,0.07720908180739959,0.0
1690209708435168349,683166,0.4199026238106846,0.07713469129794694,0.0
1690209708435314107,683166,0.41994554939401607,0.07710016380805597,0.0
1690209708435420480,683166,0.4200264663532245,0.07701000462087004,0.0
1690209708435631599,683166,0.420030648582136,0.0769322573836757,0.0
1690209708435654996,683166,0.42001783610541843,0.07694583972012789,0.0
1690209708435666668,683166,0.42014236773048597,0.07682535802423178,0.0
1690209708435679034,683166,0.42020505438518313,0.07675525686852684,0.0
1690209708442272154,683167,0.42014340113734283,0.07680227063316451,0.0
1690209708443037231,683167,0.4200937816489326,0.07687709720438307,0.0
1690209708443311168,683167,0.4201727759014788,0.07678225732683738,0.0
1690209708443320653,683167,0.4201478007398911,0.07680849532281568,0.0
1690209708443726627,683167,0.4201094952137306,0.07690329208924328,0.0
1690209708443746846,683167,0.4200904682484992,0.07689375325234234,0.0
1690209708443757311,683167,0.4201156000147731,0.07684931039982029,0.0
1690209708443766321,683167,0.42006512675855606,0.07693302920285104,0.0
1690209708443776776,683167,0.4200536767002804,0.07704611223796368,0.0
1690209708443816408,683167,0.420064046247072,0.07702602817118341,0.0
1690209708453020939,683168,0.4199418679620296,0.07717491493808923,0.0
1690209708454527950,683168,0.4199172338003421,0.07723885114728328,0.0
1690209708454540269,683168,0.4199419781060911,0.07728051512684082,0.0
1690209708455006911,683168,0.4198887196763033,0.07735767050765213,0.0
1690209708455018217,683168,0.419727533514505,0.07754122824968834,0.0
1690209708455032791,683168,0.41973941026325956,0.07757496174730252,0.0
1690209708455047081,683168,0.4197176270349926,0.07757811966727736,0.0
1690209708455060081,683168,0.4196360585446391,0.07766711321368544,0.0
1690209708455092747,683168,0.41954285510452,0.0777039851682722,0.0
1690209708455102904,683168,0.41955492268767125,0.07766107948697501,0.0
1690209708458976841,683169,0.41962486887001904,0.07754878086666084,0.0
1690209708459286576,683169,0.41958009642841726,0.07757527134218821,0.0
1690209708459879548,683169,0.4196758730529003,0.07745044547845097,0.0
1690209708460387169,683169,0.4197021804007556,0.07736525295410959,0.0
1690209708460735543,683169,0.41976557954824817,0.07726375525076101,0.0
1690209708460814081,683169,0.41984197038552357,0.07718073956925556,0.0
1690209708460825764,683169,0.4199471210026815,0.07708139341689584,0.0
1690209708460833665,683169,0.42001813649775255,0.07695076739519915,0.0
1690209708460840542,683169,0.42007023007692756,0.07689556444025801,0.0
1690209708460848270,683169,0.4201853944043605,0.0768112297491136,0.0
1690209708468160283,683170,0.4202164841865471,0.07681137598188174,0.0
1690209708469310785,683170,0.42022052635445045,0.07675966027144185,0.0
1690209708469494433,683170,0.4201611329469251,0.0768210224018041,0.0
1690209708469831163,683170,0.42024319477909666,0.07676326074714394,0.0
1690209708469840562,683170,0.42024307677192135,0.0767476108443195,0.0
1690209708469849880,683170,0.4201861165997788,0.07683316400106147,0.0
1690209708469866044,683170,0.42009615900422426,0.07692353215966527,0.0
1690209708469881093,683170,0.42011476620138866,0.07691090812999865,0.0
1690209708469900916,683170,0.42006321268351776,0.07694907860016138,0.0
1690209708469909092,683170,0.41997468898122553,0.07711444928655987,0.0
1690209708475992816,683171,0.41998994492257197,0.07710165653402604,0.0
1690209708477076265,683171,0.4199144086497366,0.07714651878417292,0.0
1690209708477184780,683171,0.4199147166002257,0.07721644633578227,0.0
1690209708477396152,683171,0.41981781802466644,0.07733549608896373,0.0
1690209708477686593,683171,0.4198311729188764,0.07733095908369661,0.0
1690209708477703242,683171,0.4197268208796143,0.07737975222436115,0.0
1690209708477944707,683171,0.41971145476678584,0.07742187534103308,0.0
1690209708477969542,683171,0.4197842635154975,0.07735259336487621,0.0
1690209708477978388,683171,0.41970570705466176,0.07740570761704742,0.0
1690209708478014015,683171,0.419699265466417,0.07742673496468239,0.0
1690209708485099327,683172,0.4197128362174928,0.07738195348516615,0.0
1690209708485535230,683172,0.41984203493549144,0.07723853334307192,0.0
1690209708485722304,683172,0.41983438365555525,0.07725311766961589,0.0
1690209708486563634,683172,0.4198401289029255,0.07725620070256062,0.0
1690209708486746605,683172,0.4199250643208765,0.07711688122048117,0.0
1690209708487050132,683172,0.4199323674455364,0.07704709151935708,0.0
1690209708487068946,683172,0.4199816421604937,0.07704263314621347,0.0
1690209708487084024,683172,0.4200061289921986,0.07697842784179997,0.0
1690209708487102674,683172,0.420021208028968,0.07689597094833932,0.0
1690209708487123944,683172,0.41997522926999786,0.07694618211048078,0.0
1690209708492091855,683173,0.42007384666205494,0.07684205442483616,0.0
1690209708493082057,683173,0.420156643088068,0.07672439029725862,0.0
1690209708493219987,683173,0.4200431041057219,0.07680581746900947,0.0
1690209708493352928,683173,0.4199991754416175,0.0768725333903839,0.0
1690209708493476181,683173,0.42003742109445114,0.07681016622524137,0.0
1690209708493671589,683173,0.4200069226874877,0.07683503430070196,0.0
1690209708493800713,683173,0.4199368834073264,0.07696104950876848,0.0
1690209708494009528,683173,0.41993443193742197,0.07695298753128905,0.0
1690209708494031601,683173,0.4199369569985273,0.07694230419783042,0.0
1690209708494041259,683173,0.419908668825816,0.07702239846709372,0.0
1690209708502218350,683174,0.4198682872008923,0.07714147938353982,0.0
1690209708503167807,683174,0.4198837610167267,0.07712466097470021,0.0
1690209708503350044,683174,0.41975961556660835,0.07725960546376064,0.0
1690209708505017414,683174,0.4197543391503506,0.07732117327307504,0.0
1690209708505026171,683174,0.41982520720940064,0.07731310012613483,0.0
1690209708505032940,683174,0.41976769094502275,0.0773875030728473,0.0
1690209708505054798,683174,0.4196273024873043,0.07756468265782726,0.0
1690209708505062591,683174,0.4196296959616257,0.0775699644972362,0.0
1690209708505070264,683174,0.4196640804793954,0.0774836853258578,0.0
1690209708505091606,683174,0.41957253985222476,0.0775849976950659,0.0
1690209708509409945,683175,0.4195133521441441,0.07757872501617608,0.0
1690209708509920887,683175,0.4195527922542863,0.07747674657898686,0.0
1690209708510586587,683175,0.4195655913994384,0.07740111580248701,0.0
1690209708510675473,683175,0.419558727715772,0.07738671000219165,0.0
1690209708510709217,683175,0.41968474808601886,0.07726015150744135,0.0
1690209708511010801,683175,0.4197119989776552,0.07717460186291132,0.0
1690209708511026242,683175,0.41977864881918636,0.07711729446793911,0.0
1690209708511040453,683175,0.4198969190359793,0.07698976023220516,0.0
1690209708511048594,683175,0.41998384470476985,0.07689578201010523,0.0
1690209708511059552,683175,0.42000333372512644,0.0768403969790803,0.0
1690209708517499051,683176,0.4199594577875919,0.07690711984009871,0.0
1690209708518018304,683176,0.42004310352904417,0.07682958238113799,0.0
1690209708518177181,683176,0.4199993996442742,0.07684046882237067,0.0
1690209708518432379,683176,0.41994289053643175,0.07690835586333128,0.0
1690209708518519880,683176,0.4199261845905561,0.07691640555313455,0.0
1690209708518783806,683176,0.41999015813593865,0.0768553991090866,0.0
1690209708518792023,683176,0.4199466622545783,0.07691431819985373,0.0
1690209708518798777,683176,0.41987347101206673,0.07703935751511048,0.0
1690209708518803410,683176,0.41992992278266406,0.07698162451672202,0.0
1690209708518813901,683176,0.41986688509172865,0.07706667221647998,0.0
1690209708525759529,683177,0.4198605792357638,0.0771002730777663,0.0
1690209708526511901,683177,0.4198548880292874,0.07715536806003909,0.0
1690209708526721158,683177,0.41985514563940984,0.07714692291160385,0.0
1690209708526726859,683177,0.41982538388677654,0.07720434077151747,0.0
1690209708526729525,683177,0.41980313828149035,0.07724199493678031,0.0
1690209708526733000,683177,0.41980353899478745,0.07732759102994251,0.0
1690209708526749712,683177,0.419822173518004,0.07734252461139265,0.0
1690209708526768670,683177,0.4197484932425667,0.0774166043719186,0.0
1690209708526776351,683177,0.4197797050570266,0.07743911091705433,0.0
1690209708526783795,683177,0.41979546679236646,0.07739804639082976,0.0
1690209708536156117,683178,0.41977467131122137,0.07743458417473927,0.0
1690209708536591748,683178,0.4196566355251865,0.07753975945854763,0.0
1690209708537181304,683178,0.4196610795345005,0.07752665535558538,0.0
1690209708537192822,683178,0.41970591130627316,0.07740442111775575,0.0
1690209708537202526,683178,0.4196156574246202,0.07749222148415984,0.0
1690209708537222505,683178,0.41968213954729133,0.07737153859915448,0.0
1690209708537227490,683178,0.4197139449422428,0.07727096092045252,0.0
1690209708537231687,683178,0.41978947143398604,0.07719111132502253,0.0
1690209708537249876,683178,0.4198465779655106,0.07711744072373146,0.0
1690209708537254887,683178,0.42001386738586544,0.0770161269269296,0.0
1690209708544059706,683179,0.4200495278115634,0.07695089096870938,0.0
1690209708544153253,683179,0.4201579288476871,0.0768696797629058,0.0
1690209708544564152,683179,0.4202326150106504,0.07680794872101561,0.0
1690209708544591211,683179,0.4201829326711739,0.07688702780417908,0.0
1690209708544759114,683179,0.4202005621004044,0.07684474969573664,0.0
1690209708544849804,683179,0.4200689334011564,0.07695193000054508,0.0
1690209708544856467,683179,0.420067199353119,0.07700508839000761,0.0
1690209708544869203,683179,0.4200514456482922,0.07694972718829506,0.0
1690209708544874038,683179,0.42004332319631843,0.0769692593985585,0.0
1690209708544877537,683179,0.42003795250982107,0.07700897172898336,0.0
1690209708553315838,683180,0.4200821850413573,0.07691998813849411,0.0
1690209708553403146,683180,0.4201068565434217,0.07693207365259368,0.0
1690209708553714852,683180,0.4200568800751666,0.07697918004719342,0.0
1690209708553728019,683180,0.42011524474034573,0.07689991682592905,0.0
1690209708553741447,683180,0.4201187304257644,0.07690741844047391,0.0
1690209708553745182,683180,0.4201010512964839,0.07693527327619655,0.0
1690209708553749795,683180,0.4201714829112264,0.07683527778922274,0.0
1690209708553760550,683180,0.4201102341623592,0.07687663873414455,0.0
1690209708553766219,683180,0.4201397753296383,0.07683843257816278,0.0
1690209708553791983,683180,0.42012289611593845,0.07680666326770993,0.0
1690209708559964079,683181,0.42008052881886104,0.07683069275484937,0.0
1690209708560222649,683181,0.42010134268171295,0.07680869570648621,0.0
1690209708560375948,683181,0.42018184671934744,0.07672563082842924,0.0
1690209708560814527,683181,0.42018617010190473,0.07671431279379312,0.0
1690209708561286331,683181,0.42019612160438835,0.07674403529061573,0.0
1690209708561420805,683181,0.4202557298079338,0.07667097750562789,0.0
1690209708561583236,683181,0.42021043842238803,0.0767850921166402,0.0
1690209708561593831,683181,0.4201974585726279,0.07682888474355616,0.0
1690209708561602858,683181,0.4201189802809945,0.07689625284882118,0.0
1690209708561610706,683181,0.4200873351121079,0.07694215333234483,0.0
1690209708568060173,683182,0.41993189372443235,0.07705192427910268,0.0
1690209708568485306,683182,0.41991377459779394,0.0771173521947782,0.0
1690209708569188081,683182,0.4198362387040528,0.07717202319723356,0.0
1690209708569283813,683182,0.41971825294072995,0.07728463468901722,0.0
1690209708569521376,683182,0.4197136025641036,0.07727037814104536,0.0
1690209708569536334,683182,0.41969687477986384,0.07729593926255549,0.0
1690209708569547136,683182,0.41983819891168794,0.07715683590481716,0.0
1690209708569578637,683182,0.41978700848125305,0.07716360164271342,0.0
1690209708569587938,683182,0.41983130306709715,0.07717212995512096,0.0
1690209708569598004,683182,0.4198848520015376,0.07710906832244933,0.0
1690209708576449596,683183,0.4199246428150273,0.07705541218128364,0.0
1690209708577784635,683183,0.41991029792076234,0.07710425791533115,0.0
1690209708577818120,683183,0.4199095066319918,0.07708016114203461,0.0
1690209708578127337,683183,0.41996919451574966,0.07695731657249873,0.0
1690209708578154828,683183,0.419874604480603,0.07704955445238557,0.0
1690209708578165498,683183,0.41992738263058577,0.07696140403169786,0.0
1690209708578175511,683183,0.4199348594421347,0.07689163856834036,0.0
1690209708578206250,683183,0.41986892223649225,0.07688455463227534,0.0
1690209708578221488,683183,0.419902904126357,0.07683776309737916,0.0
1690209708578232676,683183,0.42005329029052163,0.07665522674260852,0.0
1690209708586524800,683184,0.4200546611964098,0.0766222658614709,0.0
1690209708586877247,683184,0.4200960676696155,0.07661919282003381,0.0
1690209708587775854,683184,0.4201956726618172,0.07651858588184354,0.0
1690209708588264661,683184,0.420280254835932,0.0765086383350477,0.0
1690209708588315075,683184,0.42025867412394835,0.07657121828132679,0.0
1690209708588490672,683184,0.4202549792633915,0.07666215354299226,0.0
1690209708588709613,683184,0.420274913943548,0.07666789726109718,0.0
1690209708588848726,683184,0.420167740060374,0.07678944082420158,0.0
1690209708588872427,683184,0.42016563226621223,0.07686034713899487,0.0
1690209708588883226,683184,0.4200582796590791,0.07698668462129225,0.0
1690209708594565266,683185,0.419946216793555,0.0770983159204878,0.0
1690209708595602248,683185,0.41977570786771734,0.07725127469887552,0.0
1690209708595823050,683185,0.41973851233709675,0.07732999169542645,0.0
1690209708596187087,683185,0.4196896221461819,0.07733270659240625,0.0
1690209708596205021,683185,0.41955039138701716,0.07745510656776017,0.0
1690209708596213997,683185,0.41953750480530344,0.07744181715981159,0.0
1690209708596239766,683185,0.4195406911248799,0.07742665246433504,0.0
1690209708596249614,683185,0.4195688401447344,0.0773985525387915,0.0
1690209708596261579,683185,0.4194891382263672,0.07746271427925336,0.0
1690209708596314282,683185,0.419590786453358,0.07736769987065455,0.0
1690209708602847177,683186,0.4196519090803116,0.0772575047330731,0.0
1690209708603176942,683186,0.4197421662405403,0.07717125639987954,0.0
1690209708603393226,683186,0.41980462054882556,0.07707840949298794,0.0
1690209708604368894,683186,0.4198353711112206,0.07703719087800244,0.0
1690209708604558025,683186,0.4199224378273221,0.07687615706183348,0.0
1690209708604796179,683186,0.419903227416004,0.0768804625983595,0.0
1690209708604814813,683186,0.4200514397051714,0.07676424944620894,0.0
1690209708604832621,683186,0.42005381444444545,0.07669875297918564,0.0
1690209708604849323,683186,0.420105251276864,0.07663092618966393,0.0
1690209708604859551,683186,0.42012019084560215,0.07659944688321588,0.0
1690209708610547374,683187,0.42022544899083725,0.0765544667875586,0.0
1690209708611528559,683187,0.4202245359739708,0.076540807407388,0.0
1690209708611706718,683187,0.4201284352720287,0.07662351217159986,0.0
1690209708611849960,683187,0.42018071247370725,0.07657534303602917,0.0
1690209708612146034,683187,0.42012327207643,0.07660960387858426,0.0
1690209708612154273,683187,0.4201066358254764,0.07666009688696593,0.0
1690209708612168962,683187,0.4199683799588219,0.07677933783515738,0.0
1690209708612181125,683187,0.4199114535951371,0.07683810942407952,0.0
1690209708612191031,683187,0.419925737073068,0.07682672273546551,0.0
1690209708612201716,683187,0.4198469178740126,0.07694510714643048,0.0
1690209708618076527,683188,0.4198412961168587,0.07703089567519414,0.0
1690209708618474184,683188,0.41981129090160085,0.07704773405814344,0.0
1690209708618597137,683188,0.4198172177867443,0.0770846022779677,0.0
1690209708618968173,683188,0.4198408075531894,0.0771291845666763,0.0
1690209708618991058,683188,0.4198276897469118,0.07719858935018246,0.0
1690209708619001292,683188,0.41975649152391115,0.07726959380975396,0.0
1690209708619018056,683188,0.4196504757790045,0.07740757511719841,0.0
1690209708619029086,683188,0.4196633388910757,0.07739015905269787,0.0
1690209708619040618,683188,0.4195737942830314,0.07744577455501679,0.0
1690209708619084312,683188,0.4194700117192559,0.07751122547359562,0.0
1690209708627364226,683189,0.4193818465062929,0.0774992162933248,0.0
1690209708627748852,683189,0.41940279937840685,0.07743720728568788,0.0
1690209708628181264,683189,0.41936997123873343,0.07743978896947357,0.0
1690209708628357500,683189,0.4194324406794274,0.07735372754460101,0.0
1690209708629274119,683189,0.4194004292796126,0.07735971080694161,0.0
1690209708629561829,683189,0.4194666313986032,0.07731886479075659,0.0
1690209708629592300,683189,0.4195974052731483,0.07714767930826595,0.0
1690209708629636372,683189,0.41958914014884097,0.07721528613127487,0.0
1690209708629654184,683189,0.41958976735333803,0.07723110075449836,0.0
1690209708629660879,683189,0.41958404289679585,0.07720117165449819,0.0
1690209708635212181,683190,0.419628024889672,0.07717739056102307,0.0
1690209708635366427,683190,0.41953127332009005,0.07728253591444048,0.0
1690209708636308554,683190,0.4196142682752096,0.0772161354996401,0.0
1690209708636382476,683190,0.41957781177439524,0.07722877499652116,0.0
1690209708636695369,683190,0.4195639465758184,0.07727405959178227,0.0
1690209708636702766,683190,0.41961081848713544,0.07721767056827063,0.0
1690209708636715317,683190,0.4196310995777969,0.07725205710076913,0.0
1690209708636722805,683190,0.41967936690328217,0.07721065768981504,0.0
1690209708636752629,683190,0.41962966988216893,0.07724698432755649,0.0
1690209708636759370,683190,0.41970399395955815,0.07722717450622579,0.0
1690209708643096927,683191,0.4196954730681137,0.077231834644493,0.0
1690209708643354572,683191,0.41969552778182284,0.07722523088702535,0.0
1690209708643670740,683191,0.41959242701856025,0.0773014185822621,0.0
1690209708644279332,683191,0.4196626281237805,0.07721689908264592,0.0
1690209708644313992,683191,0.41965811046872503,0.07713267704159855,0.0
1690209708644644521,683191,0.4195807187890283,0.07720233045609053,0.0
1690209708644661758,683191,0.4196380331064077,0.07713606868377326,0.0
1690209708644681687,683191,0.41966183462942475,0.07705242465852091,0.0
1690209708644694647,683191,0.41969181187657634,0.0770103926733929,0.0
1690209708644704878,683191,0.41971847845590315,0.07698686336750392,0.0
1690209708650866385,683192,0.4198151200469625,0.07687410452714688,0.0
1690209708651524501,683192,0.41985693039844174,0.07683956562106374,0.0
1690209708652066473,683192,0.41972982063134195,0.07699599367908491,0.0
1690209708652263848,683192,0.41976998084385964,0.07703424251117716,0.0
1690209708652541164,683192,0.41974364416498133,0.07704183271720152,0.0
1690209708652548942,683192,0.41968106942980377,0.07717204652323462,0.0
1690209708652571231,683192,0.41967739989478836,0.07720437274338629,0.0
1690209708652586339,683192,0.41960955912488973,0.07726348139882543,0.0
1690209708652597039,683192,0.4196227513104377,0.07728840092561522,0.0
1690209708652620077,683192,0.4194888978031951,0.07745999191409993,0.0
1690209708661794587,683193,0.41953279513305214,0.07744639353064188,0.0
1690209708662231524,683193,0.41942560861168265,0.07754540047507345,0.0
1690209708662487467,683193,0.41934805533965075,0.07764040651502659,0.0
1690209708663141527,683193,0.4193637104516741,0.07756883640541054,0.0
1690209708664128075,683193,0.41933948800198034,0.07762048121799331,0.0
1690209708664177005,683193,0.41930470411529913,0.0776571329803541,0.0
1690209708664185111,683193,0.4192835154693171,0.07764534165088229,0.0
1690209708664198151,683193,0.419252567280029,0.07765702462311208,0.0
1690209708664210777,683193,0.4192491490268676,0.07768486654250081,0.0
1690209708664241461,683193,0.4193770809415711,0.07751642322524374,0.0
1690209708667714930,683194,0.4193193726666327,0.07754041314192318,0.0
1690209708668108506,683194,0.4193616869696733,0.07745476074336279,0.0
1690209708668831637,683194,0.4194351079305383,0.07733277841244132,0.0
1690209708669202849,683194,0.419493598396946,0.07732088499544651,0.0
1690209708669345032,683194,0.4194747873603152,0.077328656957243,0.0
1690209708669608642,683194,0.4195709779851354,0.07723918340503623,0.0
1690209708669622342,683194,0.41962026689360116,0.07718911326913129,0.0
1690209708669637439,683194,0.41962386770985605,0.07718896402830226,0.0
1690209708669647054,683194,0.4196477852121242,0.07717599800693666,0.0
1690209708669654045,683194,0.4196006645225415,0.07723973993084611,0.0
1690209708677025278,683195,0.4196008637517443,0.07721885382786045,0.0
1690209708677189173,683195,0.4195770293600392,0.07720154647453033,0.0
1690209708678016089,683195,0.4195944024231327,0.07725694882222797,0.0
1690209708678079577,683195,0.41956781121675046,0.07726601002960294,0.0
1690209708678517248,683195,0.4195314488157995,0.07725500872740788,0.0
1690209708678552828,683195,0.4195130901097711,0.07730929715374409,0.0
1690209708678570017,683195,0.41956809364279213,0.07727219271133436,0.0
1690209708678588246,683195,0.41959129223977487,0.07725507390294525,0.0
1690209708678620144,683195,0.41948181489434366,0.07732815269938347,0.0
1690209708678637821,683195,0.41952772844367137,0.0772663189630889,0.0
1690209708684193676,683196,0.4195759353023114,0.07713823005797818,0.0
1690209708684686455,683196,0.4195455468766497,0.07714616291301184,0.0
1690209708685779863,683196,0.4195478438450387,0.07710617517930303,0.0
1690209708686064017,683196,0.41954383510648424,0.07704194278848742,0.0
1690209708686242130,683196,0.419617001608548,0.07695509237163367,0.0
1690209708686248981,683196,0.41962190988626336,0.07693887548271354,0.0
1690209708686293166,683196,0.41967107951499194,0.07694275231260725,0.0
1690209708686301149,683196,0.41968536382840665,0.07692541038464722,0.0
1690209708686503852,683196,0.4196272273298266,0.07703208129264222,0.0
1690209708686520368,683196,0.41966868193408013,0.07703661099089368,0.0
1690209708693414195,683197,0.4196185289240866,0.07711045310083767,0.0
1690209708694172687,683197,0.41957654304848657,0.07718784629994906,0.0
1690209708694410779,683197,0.4195095421386137,0.07727585508483614,0.0
1690209708694551495,683197,0.4194808801757132,0.07729665904435618,0.0
1690209708694788525,683197,0.41942883215158866,0.0774096258710254,0.0
1690209708695084581,683197,0.41938551857549355,0.07749681085044531,0.0
1690209708695099478,683197,0.4193897382702438,0.07746600083810792,0.0
1690209708695107935,683197,0.41935458678908694,0.0775545380582433,0.0
1690209708695119124,683197,0.4193398024542411,0.07761651728183377,0.0
1690209708695128518,683197,0.419425325154129,0.07756187834554072,0.0
1690209708700912506,683198,0.4192653184204504,0.07773524639668204,0.0
1690209708701786197,683198,0.4192473257853441,0.07783597421576142,0.0
1690209708702046458,683198,0.4192094369793424,0.07784585054291307,0.0
1690209708702201012,683198,0.4191307039405301,0.07790997792670333,0.0
1690209708702524264,683198,0.4190596496235641,0.07792679033073581,0.0
1690209708702549686,683198,0.4190149516205073,0.07795103715659472,0.0
1690209708702561626,683198,0.41902462643403954,0.07791596718539659,0.0
1690209708702569394,683198,0.4189759806877598,0.07787525973899229,0.0
1690209708702576821,683198,0.4189618543735916,0.07788178028614656,0.0
1690209708702584068,683198,0.4190043660658557,0.07785103177379485,0.0
1690209708709393865,683199,0.4190813317095184,0.07770209531325613,0.0
1690209708710343670,683199,0.41903821379887474,0.07772957911263989,0.0
1690209708710594487,683199,0.41903854218828973,0.07769376868761697,0.0
1690209708710608510,683199,0.41917159676694016,0.07751826240359565,0.0
1690209708710893070,683199,0.41919798312877327,0.07747575435114792,0.0
1690209708710912740,683199,0.4191276286565945,0.07757776114420412,0.0
1690209708710927738,683199,0.4192701293275157,0.0774385194058478,0.0
1690209708710938891,683199,0.4192755384245713,0.0773828968101868,0.0
1690209708710952560,683199,0.41933309360432947,0.07738466500303075,0.0
1690209708711003295,683199,0.4193957142273217,0.07730643801174235,0.0
1690209708717973067,683200,0.4193935012456236,0.07729760378656098,0.0
1690209708718150190,683200,0.4194092148758128,0.07727610982753126,0.0
1690209708718519380,683200,0.4193900523109125,0.07729541882740888,0.0
1690209708719357968,683200,0.41947117704942766,0.07724947559313806,0.0
1690209708719590516,683200,0.4193840668253201,0.07731747295175785,0.0
1690209708719757208,683200,0.4193916533628217,0.07729589148745224,0.0
1690209708719768067,683200,0.4194370806362797,0.07727635595007008,0.0
1690209708719790679,683200,0.41946404238122503,0.07723978661674565,0.0
1690209708719810689,683200,0.41943502814804934,0.0772621543719223,0.0
1690209708719817342,683200,0.4193873204318054,0.07726522990575754,0.0
1690209708725864997,683201,0.419434199085583,0.07720541042162105,0.0
1690209708726403046,683201,0.4194396671059633,0.07719124816374402,0.0
1690209708727113323,683201,0.4194254999215502,0.07717861775387445,0.0
1690209708727192161,683201,0.41943723556559515,0.07711006728163451,0.0
1690209708727540251,683201,0.4194235137016568,0.07705834187995304,0.0
1690209708727550557,683201,0.4195256509865815,0.07694833508277667,0.0
1690209708727566136,683201,0.4195679606865299,0.076919277477801,0.0
1690209708727576360,683201,0.4194921855759235,0.07697654379258129,0.0
1690209708727592084,683201,0.41951981220999646,0.07695063560727007,0.0
1690209708727616049,683201,0.419581567484504,0.07689875708648178,0.0
1690209708734363863,683202,0.4195763967715572,0.07691558782229288,0.0
1690209708734810146,683202,0.41954209199440234,0.07698522500524405,0.0
1690209708735855778,683202,0.4194045944616086,0.07709456114089203,0.0
1690209708736308485,683202,0.4193931528651412,0.07712940993124283,0.0
1690209708736331068,683202,0.41932853126909136,0.07718511427772663,0.0
1690209708736348310,683202,0.4192691502959536,0.0773443823969758,0.0
1690209708736368733,683202,0.41927607899312946,0.07736422437625692,0.0
1690209708736381785,683202,0.41918424723777814,0.07739729059154382,0.0
1690209708736397164,683202,0.4192207229722001,0.07744844111917018,0.0
1690209708736416386,683202,0.41919268593811004,0.07753904299236503,0.0
1690209708742711414,683203,0.4192300193570819,0.07751099371745725,0.0
1690209708743059494,683203,0.4190529363990544,0.07770302810440943,0.0
1690209708744049452,683203,0.41905275778112777,0.07775360081995718,0.0
1690209708744276466,683203,0.419173807540165,0.07762247198562951,0.0
1690209708744470825,683203,0.4190570368477231,0.07775348937251722,0.0
1690209708744484682,683203,0.41899077673974816,0.0777772060278882,0.0
1690209708744503941,683203,0.41901587248852257,0.07771090292339751,0.0
1690209708744508780,683203,0.4190430953567234,0.07765110719692557,0.0
1690209708744512897,683203,0.41901066722651403,0.0776804986489543,0.0
1690209708744547167,683203,0.4191371107897135,0.07753412708225717,0.0
1690209708750719087,683204,0.4191673511261829,0.07743647941838233,0.0
1690209708751778697,683204,0.41930548825092134,0.07729610589304547,0.0
1690209708751968472,683204,0.41941320506789914,0.07716537588929391,0.0
1690209708752190871,683204,0.4195186896856566,0.07715913342035535,0.0
1690209708752199345,683204,0.41958449273868315,0.07705660242005645,0.0
1690209708752203335,683204,0.41958376818497317,0.0770696616544337,0.0
1690209708752231573,683204,0.4196651900656104,0.07706334556903978,0.0
1690209708752238521,683204,0.4195581333352809,0.07713647393333221,0.0
1690209708752258004,683204,0.4195467176924361,0.07714763516728983,0.0
1690209708752276479,683204,0.4194544390465657,0.07724878876082887,0.0
1690209708759079183,683205,0.4194281833513164,0.0772811569572715,0.0
1690209708759690756,683205,0.41940675636822833,0.07726560670451267,0.0
1690209708759910223,683205,0.41929140832063205,0.07737117008525408,0.0
1690209708760032692,683205,0.4193346090878511,0.07733965268546734,0.0
1690209708760050190,683205,0.4193308598750916,0.07731780309761577,0.0
1690209708760444790,683205,0.4193349279811523,0.07733055135452947,0.0
1690209708760673635,683205,0.4193405477365406,0.07733491620787175,0.0
1690209708760682561,683205,0.41934331778051853,0.07732577359916984,0.0
1690209708760699723,683205,0.41933878775818834,0.07732922706998192,0.0
1690209708760720487,683205,0.41934591950107325,0.07731212344713628,0.0
1690209708768994120,683206,0.4193364648365007,0.07731115839523031,0.0
1690209708769240268,683206,0.41935478423547934,0.07728863874995048,0.0
1690209708769546687,683206,0.4193895988926234,0.07727178213088341,0.0
1690209708770158868,683206,0.41938617643976733,0.07726870338956646,0.0
1690209708770400195,683206,0.41937713176499375,0.0772978333269108,0.0
1690209708770532867,683206,0.41940089626833243,0.07727843765530443,0.0
1690209708770729413,683206,0.4193839390267208,0.07730984837956684,0.0
1690209708771087463,683206,0.4193600012083733,0.07736008180216175,0.0
1690209708771109889,683206,0.4192783813153955,0.07746758271257059,0.0
1690209708771134673,683206,0.41928256551333265,0.07747448351163391,0.0
1690209708777199230,683207,0.41924324590209033,0.07749209826201844,0.0
1690209708777330081,683207,0.41921410759730315,0.07758333352622722,0.0
1690209708778198044,683207,0.4192252658192675,0.07756569269271837,0.0
1690209708778307896,683207,0.4191606190949609,0.0775689700532232,0.0
1690209708778609756,683207,0.41912782903780565,0.07762629085048786,0.0
1690209708778623463,683207,0.4191091419179443,0.07764252746021695,0.0
1690209708778633762,683207,0.4192581135556931,0.07746305305985636,0.0
1690209708778678162,683207,0.41916515634062207,0.077552517420088,0.0
1690209708778698975,683207,0.41917234138440396,0.07758689026291726,0.0
1690209708778711302,683207,0.4193269649983675,0.07742423662827018,0.0
1690209708785100852,683208,0.4193063739614874,0.0774517279212224,0.0
1690209708785602573,683208,0.41931162274161116,0.07749815311731693,0.0
1690209708785760975,683208,0.41936022825668856,0.07740444180331979,0.0
1690209708786219669,683208,0.41940388255311056,0.07732315250867781,0.0
1690209708786237522,683208,0.4194313149321519,0.07733513847919592,0.0
1690209708786247744,683208,0.4195083537471027,0.07723492968010955,0.0
1690209708786276340,683208,0.4195601504772371,0.07717622421799572,0.0
1690209708786298228,683208,0.41960817353643287,0.07705921603395967,0.0
1690209708786310878,683208,0.4196336599139989,0.07699537196501835,0.0
1690209708786323129,683208,0.41973001943548244,0.07695802914927552,0.0
1690209708792766687,683209,0.41970106293447185,0.0769267424324531,0.0
1690209708793214079,683209,0.41971054941085023,0.07690031992228764,0.0
1690209708793484201,683209,0.41972346029789903,0.0768965173169479,0.0
1690209708793497456,683209,0.41972802237609697,0.0768752063554167,0.0
1690209708793787637,683209,0.41972374903465615,0.07687885687306499,0.0
1690209708793879943,683209,0.4194912392510315,0.07709929811919584,0.0
1690209708794108346,683209,0.4194965363543993,0.0770951353161625,0.0
1690209708794128267,683209,0.41946815863556897,0.07707543556511202,0.0
1690209708794143121,683209,0.4193975153738546,0.07718988668106548,0.0
1690209708794170663,683209,0.4193942373166623,0.07722205009059974,0.0
1690209708801650218,683210,0.41936375786916413,0.0772009359150935,0.0
1690209708803153924,683210,0.41941175551511856,0.07719630865899071,0.0
1690209708803282572,683210,0.4193874088465418,0.07725564873267249,0.0
1690209708803424395,683210,0.4194150489128486,0.07729771193496134,0.0
1690209708803817974,683210,0.4193862465317093,0.07733810124410946,0.0
1690209708803826069,683210,0.4193901652042256,0.07737837461462264,0.0
1690209708803831648,683210,0.41943443697450444,0.07734430659031981,0.0
1690209708803873423,683210,0.41937766250423825,0.07743932532947395,0.0
1690209708803908346,683210,0.41937561738151335,0.07742618815515365,0.0
1690209708803935490,683210,0.41930407994110236,0.07748742606835211,0.0
1690209708810152012,683211,0.41930539136531203,0.07746356341810012,0.0
1690209708810342048,683211,0.41924277294656964,0.07754597680031888,0.0
1690209708810556155,683211,0.41931933111788244,0.07746639778390264,0.0
1690209708810728174,683211,0.4192646298823852,0.07743828549603429,0.0
1690209708811369884,683211,0.4193256895025963,0.07741511360510556,0.0
1690209708811502414,683211,0.41935817670497305,0.07737591446102,0.0
1690209708811714476,683211,0.41937386432244,0.07742086420093468,0.0
1690209708811729739,683211,0.41926799855103636,0.0775386478785907,0.0
1690209708811740877,683211,0.4192365287924631,0.07758308528355828,0.0
1690209708811751056,683211,0.4193332575131143,0.07747073013404306,0.0
1690209708818778320,683212,0.4191918194520459,0.07760876888025539,0.0
1690209708819112918,683212,0.41912698339704224,0.07764521713523921,0.0
1690209708819774209,683212,0.4191206531165736,0.07760416484026629,0.0
1690209708819904608,683212,0.4190984917861043,0.07763484847027102,0.0
1690209708820323732,683212,0.41907679001751086,0.07763933501717701,0.0
1690209708820497269,683212,0.4191086936052535,0.07762601913241554,0.0
1690209708820760001,683212,0.41912114768200553,0.07761155943770409,0.0
1690209708820782065,683212,0.4191717397382124,0.07753631882241936,0.0
1690209708820803274,683212,0.4192488984609539,0.07749295084002003,0.0
1690209708820814562,683212,0.41929822807912387,0.07751751778558069,0.0
1690209708826016182,683213,0.41941659522660935,0.07737934743414092,0.0
1690209708826161168,683213,0.4193657497317508,0.07743160621259132,0.0
1690209708826381548,683213,0.4193879754549789,0.0774637024113808,0.0
1690209708827642404,683213,0.41946012047793135,0.0773363807021926,0.0
1690209708827653696,683213,0.4194502237817458,0.07731417548333128,0.0
1690209708827669503,683213,0.4194199855191282,0.0773412975513803,0.0
1690209708827692591,683213,0.41950708994024116,0.07721929457998056,0.0
1690209708827700305,683213,0.4195278199781195,0.07714242221299737,0.0
1690209708827708877,683213,0.41951679754092036,0.07713942075543428,0.0
1690209708827714889,683213,0.41964691294944423,0.07697205170258518,0.0
1690209708833990763,683214,0.41970763235646635,0.07688676901921392,0.0
1690209708834932525,683214,0.4197256458132631,0.07686107555154721,0.0
1690209708835290744,683214,0.4198157798869234,0.07674209537009219,0.0
1690209708835302417,683214,0.419862842240588,0.07674913859312024,0.0
1690209708835316516,683214,0.4199088276710091,0.0767230840356195,0.0
1690209708835325429,683214,0.4199015932014888,0.07673018444984994,0.0
1690209708835561859,683214,0.4198804091138175,0.07678410263774252,0.0
1690209708835578878,683214,0.41983420528032117,0.07681595156096473,0.0
1690209708835588126,683214,0.4198389158174901,0.07682123810303323,0.0
1690209708835607875,683214,0.4197083096048834,0.07693655324330552,0.0
1690209708842808219,683215,0.4196206046907352,0.07703065532459902,0.0
1690209708843401086,683215,0.4195960098682448,0.077006935110262,0.0
1690209708844436748,683215,0.41955796556723723,0.07707734695390761,0.0
1690209708844445978,683215,0.41952487559085705,0.07712934892624185,0.0
1690209708844785511,683215,0.41948292960085154,0.0771942426199629,0.0
1690209708844806244,683215,0.41950733064874435,0.07720314057683499,0.0
1690209708844819926,683215,0.41950231720629944,0.07727404897014287,0.0
1690209708844827550,683215,0.4195002019461181,0.07732107180799501,0.0
1690209708844859358,683215,0.4194363167318264,0.07742299404031514,0.0
1690209708844869270,683215,0.4194443670293505,0.07743320939083327,0.0
1690209708851834087,683216,0.4193788390094435,0.07746770506563876,0.0
1690209708853326894,683216,0.4193425874110618,0.07753717264732564,0.0
1690209708853417279,683216,0.41928770153017536,0.07756426318835921,0.0
1690209708853760913,683216,0.41921630719372394,0.07760957439635899,0.0
1690209708853778354,683216,0.41918212336474175,0.0775337376903966,0.0
1690209708853788141,683216,0.41918841319760114,0.07754696400744512,0.0
1690209708853802111,683216,0.4192938584182797,0.07744313304571793,0.0
1690209708853819657,683216,0.41925464975846405,0.07743877347909954,0.0
1690209708853831903,683216,0.41918325049010857,0.07755627383234903,0.0
1690209708853843312,683216,0.4192495828520889,0.07749393442961895,0.0
1690209708859885806,683217,0.4192958798831697,0.077464726786091,0.0
1690209708859996460,683217,0.4192080752255646,0.07757504935563664,0.0
1690209708860340126,683217,0.4191250905497943,0.07758632344977011,0.0
1690209708860466598,683217,0.4191577750930227,0.07754988097346785,0.0
1690209708860740524,683217,0.4190718804023034,0.07762495529019514,0.0
1690209708860747901,683217,0.4190306607133703,0.07768307750042364,0.0
1690209708860753159,683217,0.41901228242722716,0.07767497507461324,0.0
1690209708860767707,683217,0.41895852736019257,0.07772295096410636,0.0
1690209708860800792,683217,0.4190593947203143,0.07761612892237858,0.0
1690209708860806804,683217,0.41901848612585446,0.07766843695896333,0.0
1690209708869397369,683218,0.41902605035956986,0.07769372774168634,0.0
1690209708870585033,683218,0.4190676681629897,0.07760257596843895,0.0
1690209708870996691,683218,0.4191175551975296,0.07757455709514584,0.0
1690209708871085905,683218,0.4191113666804974,0.07761553380442697,0.0
1690209708871227183,683218,0.41918780411732215,0.0775273669328374,0.0
1690209708871612463,683218,0.4191679974176244,0.07751724281843043,0.0
1690209708871634277,683218,0.41920119084522345,0.07749539300007209,0.0
1690209708871654016,683218,0.41929161502034307,0.07732491690539157,0.0
1690209708871666094,683218,0.4192944244502552,0.0773229387925042,0.0
1690209708871693908,683218,0.41932685922964624,0.07722447898309276,0.0
1690209708876655294,683219,0.4193310328560089,0.07716565348120392,0.0
1690209708877110161,683219,0.41939213726369723,0.07709427552406532,0.0
1690209708877231227,683219,0.4193768956130542,0.0770674553630212,0.0
1690209708877429931,683219,0.41951902553252385,0.07689318688136075,0.0
1690209708877435457,683219,0.41947864664420487,0.07689914282878389,0.0
1690209708877438980,683219,0.4195656534162503,0.07683447859678906,0.0
1690209708877460351,683219,0.41965037580906306,0.0767209547705762,0.0
1690209708877468666,683219,0.4196006225539548,0.0767807402963801,0.0
1690209708877495418,683219,0.4196204522285623,0.07678602322312443,0.0
1690209708877504196,683219,0.4196411166240054,0.07675216557888709,0.0
1690209708884663416,683220,0.41963856391001797,0.07674688718665602,0.0
1690209708885009331,683220,0.41957492558145626,0.07682261326368518,0.0
1690209708885165935,683220,0.4195529646504825,0.07684500676329044,0.0
1690209708886088077,683220,0.4195899115768705,0.076811556838911,0.0
1690209708886246614,683220,0.4194985371692598,0.07690953571949653,0.0
1690209708886659873,683220,0.41943148294705135,0.07702256833181256,0.0
1690209708886681630,683220,0.419477015217872,0.07701569505965794,0.0
1690209708886705889,683220,0.41946965006737624,0.0770575342831844,0.0
1690209708886717012,683220,0.41943408335414284,0.07713509228334763,0.0
1690209708886734773,683220,0.41943232177685913,0.07719357284075837,0.0
1690209708892327844,683221,0.41944288371170574,0.07720597124827046,0.0
1690209708892614532,683221,0.41940121342132225,0.07727680637323016,0.0
1690209708893864399,683221,0.4193346083958621,0.07736006473667789,0.0
1690209708894034376,683221,0.4193357480301123,0.07740010167931301,0.0
1690209708894308150,683221,0.4193159266646761,0.07737378478263283,0.0
1690209708894325343,683221,0.41929132195165386,0.07741548259878067,0.0
1690209708894334316,683221,0.41933507754544436,0.07741730306811903,0.0
1690209708894345632,683221,0.4193067760806338,0.0774129664622161,0.0
1690209708894381904,683221,0.4193348140960772,0.07734917218269864,0.0
1690209708894406779,683221,0.4192233846667678,0.07746757391772961,0.0
1690209708902721117,683222,0.41935605692227484,0.0773527406280259,0.0
1690209708903029859,683222,0.4193174856863369,0.07732312750341001,0.0
1690209708903183385,683222,0.41925290574472046,0.07741821384382336,0.0
1690209708903816614,683222,0.4192972039737358,0.07731487552688888,0.0
1690209708904221156,683222,0.41933359387075886,0.07731265190894884,0.0
1690209708904436318,683222,0.4193333725946366,0.07732737005764861,0.0
1690209708904818347,683222,0.41928070725828337,0.07735107576676777,0.0
1690209708904842750,683222,0.4193679693397323,0.07727421761368576,0.0
1690209708904857548,683222,0.41931504104334966,0.0773324204118095,0.0
1690209708904871721,683222,0.4193927903758984,0.07728566216456967,0.0
1690209708909888575,683223,0.41938013299417176,0.0772809880544941,0.0
1690209708910233253,683223,0.41935972138020206,0.07736279412408748,0.0
1690209708910349942,683223,0.41939018297763847,0.07728129256340084,0.0
1690209708910427706,683223,0.4193826204265255,0.07731163244683302,0.0
1690209708910641455,683223,0.4193777171819523,0.07736013338183331,0.0
1690209708910653125,683223,0.41938572032565835,0.07732484381340593,0.0
1690209708910663808,683223,0.4194360847170028,0.07726548391971971,0.0
1690209708910676132,683223,0.4194684319495125,0.07727653104215175,0.0
1690209708910681212,683223,0.41955188163587254,0.07720376686011754,0.0
1690209708910689196,683223,0.41953860351120253,0.07722111406505291,0.0
1690209708918032026,683224,0.41961071881602574,0.07711678117612746,0.0
1690209708919726539,683224,0.4196131209253587,0.07703029955321142,0.0
1690209708919736711,683224,0.41963890604515036,0.07702819108218761,0.0
1690209708919758379,683224,0.4196390316594787,0.0769812925180579,0.0
1690209708919779752,683224,0.41963880480878935,0.07690912548903547,0.0
1690209708919798199,683224,0.4196125193967315,0.07691670178776666,0.0
1690209708919809044,683224,0.4196654150071111,0.07684774939841547,0.0
1690209708919817865,683224,0.41977682745162975,0.07669687575898691,0.0
1690209708919892259,683224,0.4196799839561564,0.07674521120830664,0.0
1690209708919901678,683224,0.4196927949199566,0.07676897888993504,0.0
1690209708927213103,683225,0.4198006279513832,0.0766452482317742,0.0
1690209708927876719,683225,0.4197774016768384,0.07666807731797995,0.0
1690209708928346501,683225,0.41977026631686293,0.07669472735148675,0.0
1690209708928669500,683225,0.41971805479153146,0.07674470168828475,0.0
1690209708928971323,683225,0.4197626228887218,0.07668655629456164,0.0
1690209708928985729,683225,0.4196899656693962,0.07677487307270253,0.0
1690209708929012633,683225,0.419635205696955,0.07690147833100427,0.0
1690209708929025396,683225,0.4196568848508991,0.07686473588231948,0.0
1690209708929037817,683225,0.41957281567034904,0.07696268607391007,0.0
1690209708929051090,683225,0.4195614447307091,0.07701624779788806,0.0
1690209708936438645,683226,0.41956600348919276,0.07707367839233799,0.0
1690209708936567351,683226,0.4195495936477521,0.0770841657875145,0.0
1690209708936748233,683226,0.4195516840926782,0.07711356943904461,0.0
1690209708937050607,683226,0.4195534761874111,0.07713358012414091,0.0
1690209708937067198,683226,0.41955839417831053,0.07721567350026878,0.0
1690209708937077284,683226,0.41954331599412986,0.07724739889051538,0.0
1690209708937090652,683226,0.4194842971632382,0.07733268207225044,0.0
1690209708937108551,683226,0.41950208826127544,0.0773662766627729,0.0
1690209708937124666,683226,0.4194858942024118,0.07737376215840198,0.0
1690209708937133381,683226,0.4194546263399648,0.07740073415902166,0.0
1690209708944089616,683227,0.4193656506986687,0.07747551620314337,0.0
1690209708945090292,683227,0.4193637437258975,0.07747390834853192,0.0
1690209708945234686,683227,0.4193336364385831,0.07748016939710058,0.0
1690209708945764808,683227,0.4192866306982359,0.07752355297462987,0.0
1690209708945781081,683227,0.4193498212677345,0.07741026375742735,0.0
1690209708945803077,683227,0.4193677430709415,0.0773963410177394,0.0
1690209708945812862,683227,0.4193850974531633,0.0774207203137035,0.0
1690209708945829817,683227,0.4194353395479513,0.07736732679825374,0.0
1690209708945847039,683227,0.41939238012500657,0.07748726738025298,0.0
1690209708945870594,683227,0.41940572693082145,0.0775171463336856,0.0
1690209708952437257,683228,0.419351093022656,0.07753556945563782,0.0
1690209708953479033,683228,0.41931600875812547,0.07759994217867885,0.0
1690209708953611270,683228,0.4191678865557461,0.07768489933878546,0.0
1690209708953771447,683228,0.41913925400380353,0.07772052618953049,0.0
1690209708954133251,683228,0.4190432448952862,0.07780130639973033,0.0
1690209708954142565,683228,0.4189403415552915,0.07789585450035329,0.0
1690209708954149877,683228,0.4189543301195867,0.07786431897682022,0.0
1690209708954173416,683228,0.41892514591777763,0.07791093397408472,0.0
1690209708954179117,683228,0.4190423009204499,0.07779865177783243,0.0
1690209708954212164,683228,0.41896717818492846,0.07783874452925732,0.0
1690209708962211468,683229,0.41900728840512313,0.07782723592230265,0.0
1690209708962218196,683229,0.41904537574571,0.07778078191057708,0.0
1690209708962224448,683229,0.4190959463232864,0.07773453763698454,0.0
1690209708962230205,683229,0.41904345117937847,0.07778767481657603,0.0
1690209708962281259,683229,0.419149570281213,0.07768083719878194,0.0
1690209708962289523,683229,0.4192117068760746,0.07756305260900846,0.0
1690209708962304859,683229,0.4192883460855505,0.07750285060974312,0.0
1690209708962314900,683229,0.41930520001864563,0.0774555684684394,0.0
1690209708962326427,683229,0.41934178526489485,0.07742642819837695,0.0
1690209708962333605,683229,0.4194245892389735,0.07727107912707407,0.0
1690209708969011402,683230,0.4194181986776377,0.07728373124034243,0.0
1690209708969408521,683230,0.4195588924643453,0.07717492962492245,0.0
1690209708969898649,683230,0.4196266871757346,0.07705215069010768,0.0
1690209708970045745,683230,0.4197123658648324,0.07696094684590471,0.0
1690209708970051077,683230,0.419791853223922,0.07688850810072524,0.0
1690209708970193332,683230,0.419933406861853,0.07680118780256076,0.0
1690209708970626547,683230,0.4199674367298477,0.07679771719895184,0.0
1690209708970640008,683230,0.41997729026044256,0.07676436393191591,0.0
1690209708970648814,683230,0.41999122198578515,0.0767570367778493,0.0
1690209708970661764,683230,0.41995053863160176,0.07682914476511502,0.0
1690209708976506405,683231,0.41992535713010554,0.07684254225473791,0.0
1690209708976714012,683231,0.4197994647717204,0.07692136807516575,0.0
1690209708977280864,683231,0.419686378213212,0.07704518829972443,0.0
1690209708977683024,683231,0.4197219865406682,0.07696764455216273,0.0
1690209708977850352,683231,0.41967335650107557,0.07705218356028885,0.0
1690209708978070485,683231,0.41966453335906817,0.077039980310924,0.0
1690209708978085069,683231,0.41962121040107975,0.0770309359563562,0.0
1690209708978097140,683231,0.4196853115904341,0.07702899317914123,0.0
1690209708978108533,683231,0.41966914143748946,0.07705174526419181,0.0
1690209708978115367,683231,0.41971164013037116,0.07698670305295602,0.0
1690209708985795748,683232,0.41960414657759504,0.07709398989197445,0.0
1690209708985809648,683232,0.41965144745469224,0.07706054102615316,0.0
1690209708985817792,683232,0.41972238347475943,0.07697171989778857,0.0
1690209708985834325,683232,0.419639223530908,0.07703536783668334,0.0
1690209708985855246,683232,0.41964828963117207,0.07702309147874206,0.0
1690209708986041922,683232,0.4196814247288495,0.07695664519575808,0.0
1690209708986049635,683232,0.4196644290342333,0.07692795981631827,0.0
1690209708986062580,683232,0.4196467424961338,0.07692729900153952,0.0
1690209708986081684,683232,0.4196780770340793,0.07687791133754289,0.0
1690209708986094063,683232,0.4197360024632649,0.07680418731585541,0.0
1690209708992399218,683233,0.41976958983877966,0.07672513147798453,0.0
1690209708993061297,683233,0.41974168775986204,0.07675456316547738,0.0
1690209708993397089,683233,0.41983077402877145,0.07671527659070113,0.0
1690209708993532722,683233,0.419853856709414,0.07665684574399372,0.0
1690209708993645288,683233,0.4198171304664656,0.0767064075450711,0.0
1690209708993816757,683233,0.41984588981034954,0.07672991231104168,0.0
1690209708993822893,683233,0.41983200573507196,0.07672888179998509,0.0
1690209708993841724,683233,0.4198665966576454,0.07672492941184603,0.0
1690209708993847844,683233,0.4197313574862547,0.07687963798694333,0.0
1690209708993861140,683233,0.41973325025280445,0.07696209407353212,0.0
1690209709000680665,683234,0.41970599628550176,0.0769704666152228,0.0
1690209709001101970,683234,0.4196307353390504,0.07711379813436292,0.0
1690209709001618633,683234,0.4196357490915447,0.07713781167000076,0.0
1690209709002084501,683234,0.41959659225177215,0.07719458125707965,0.0
1690209709002231697,683234,0.4196017543020275,0.07721805581114746,0.0
1690209709002699963,683234,0.4195329675027961,0.0773303427259525,0.0
1690209709002708686,683234,0.41957217745395214,0.07731594421529384,0.0
1690209709002732166,683234,0.41948692320148234,0.07744944429899107,0.0
1690209709002743314,683234,0.4194658794059518,0.07751526989573478,0.0
1690209709002751207,683234,0.419522261512032,0.07748026022694866,0.0
1690209709009475742,683235,0.41949137786711865,0.07755713711906242,0.0
1690209709009644556,683235,0.4194501836312986,0.07764063071929239,0.0
1690209709010952950,683235,0.4194184102669717,0.07765952360483087,0.0
1690209709010959711,683235,0.41928272566413316,0.07778429775145175,0.0
1690209709010972209,683235,0.4192473315514649,0.07784740340370723,0.0
1690209709010979694,683235,0.4191610729746224,0.07787967360250206,0.0
1690209709010992089,683235,0.41911210891734824,0.0779201640755362,0.0
1690209709011012380,683235,0.41906153838528887,0.07784976136118536,0.0
1690209709011016229,683235,0.419105223576557,0.07779032129762288,0.0
1690209709011043474,683235,0.41914108885204704,0.07775872307733431,0.0
1690209709018482571,683236,0.41909709093283876,0.07773646549365791,0.0
1690209709019178286,683236,0.41910924874496436,0.077711662175349,0.0
1690209709019254629,683236,0.41916037225144853,0.07764950406248837,0.0
1690209709019446009,683236,0.41922156122283716,0.07758288724381265,0.0
1690209709019459968,683236,0.4191950843409182,0.07761952659561347,0.0
1690209709019467471,683236,0.4191183575338293,0.07773793103769634,0.0
1690209709019473758,683236,0.41918993586585385,0.0776424389831045,0.0
1690209709019478784,683236,0.41917360359305944,0.07762954138526067,0.0
1690209709019498372,683236,0.41909808628454065,0.07774612098701182,0.0
1690209709019506453,683236,0.4191828453409342,0.07766135333106476,0.0
1690209709026974612,683237,0.41917788363297687,0.0776125962767055,0.0
1690209709027512944,683237,0.4192536089297435,0.07758136476404984,0.0
1690209709027600528,683237,0.41927296540685566,0.07758749658520653,0.0
1690209709027680455,683237,0.41935705938246565,0.07753828404269468,0.0
1690209709028085149,683237,0.4193623079952665,0.07752004841923114,0.0
1690209709028183255,683237,0.41934225483198134,0.07754999094641772,0.0
1690209709028376329,683237,0.41946826724968683,0.0774945337467879,0.0
1690209709028389139,683237,0.41945455219865924,0.07747939059079587,0.0
1690209709028397169,683237,0.4194396767785862,0.07748267170938694,0.0
1690209709028402804,683237,0.41942046825490664,0.0775040742329733,0.0
1690209709033912645,683238,0.4195138164331602,0.07739221600144354,0.0
1690209709034010591,683238,0.4195400542049624,0.07740882175770564,0.0
1690209709034362908,683238,0.4195608730231388,0.07735433527851594,0.0
1690209709034458840,683238,0.4195849344303957,0.07729675481765476,0.0
1690209709034671523,683238,0.41963809551127573,0.07724283863244548,0.0
1690209709034980308,683238,0.4196524419295731,0.07717892190073741,0.0
1690209709035114835,683238,0.41972234206227366,0.07711037961853237,0.0
1690209709035316382,683238,0.41968797856973017,0.0771110755256769,0.0
1690209709035325422,683238,0.4197639817713159,0.07701271128778207,0.0
1690209709035341840,683238,0.4198132946176345,0.0769524577776954,0.0
1690209709043421961,683239,0.4198451185812291,0.07688102875578687,0.0
1690209709043667864,683239,0.41985349729614924,0.0768448210476504,0.0
1690209709044060666,683239,0.4198128511965389,0.07691001154998435,0.0
1690209709044094997,683239,0.41984147199770405,0.07686075605961216,0.0
1690209709044112162,683239,0.4198351187315462,0.07686479825385865,0.0
1690209709044182783,683239,0.4197933563437005,0.07693146287577764,0.0
1690209709044200871,683239,0.41983585498458414,0.07688951147718114,0.0
1690209709044206537,683239,0.419837739894542,0.07686973366842166,0.0
1690209709044225818,683239,0.4196884453145461,0.07704863850287579,0.0
1690209709044247331,683239,0.4196785697605189,0.07708090347099275,0.0
1690209709052012132,683240,0.4196523329924843,0.07707912340004791,0.0
1690209709052071946,683240,0.4195814770280663,0.07718492456862101,0.0
1690209709052310528,683240,0.41954315829419053,0.0772338026006784,0.0
1690209709052400182,683240,0.41956735654832794,0.07723074932435062,0.0
1690209709052404971,683240,0.4196015543280026,0.077219389150049,0.0
1690209709052410025,683240,0.41953897552614855,0.07729091360879867,0.0
1690209709052519813,683240,0.4195442642525006,0.07735568403760223,0.0
1690209709052530758,683240,0.4195670889115982,0.07736414813324109,0.0
1690209709052535804,683240,0.41958725141411396,0.07738103826663725,0.0
1690209709052542851,683240,0.4195312842404564,0.0774612947189051,0.0
1690209709059675374,683241,0.41951958509920617,0.07751667866886448,0.0
1690209709059935505,683241,0.41955429567443875,0.0774267737412437,0.0
1690209709060912849,683241,0.4195329906474759,0.07746319460038618,0.0
1690209709061149666,683241,0.4195073144673425,0.07747133548121832,0.0
1690209709061158704,683241,0.4195264731733408,0.07748590334412975,0.0
1690209709061513091,683241,0.41954636334810486,0.07743592770686138,0.0
1690209709061530020,683241,0.41954386773854807,0.07746825793821067,0.0
1690209709061546353,683241,0.4196570664466019,0.07738823316263437,0.0
1690209709061555615,683241,0.41963735522477,0.07741301175951827,0.0
1690209709061563621,683241,0.41967096619234023,0.07741682919913716,0.0
1690209709066932163,683242,0.41964908348140884,0.07744056058164424,0.0
1690209709067775760,683242,0.4197102643465287,0.07747722688099472,0.0
1690209709068378738,683242,0.41965054912611793,0.07754636848954019,0.0
1690209709068503001,683242,0.41957065060284243,0.07764456784346611,0.0
1690209709068791909,683242,0.4195341341246983,0.07765271835930546,0.0
1690209709068806919,683242,0.4194535992042303,0.07777581747202565,0.0
1690209709068818718,683242,0.41942149451686295,0.07785268640560951,0.0
1690209709068834036,683242,0.41926022497778503,0.07799453878985864,0.0
1690209709068844293,683242,0.41910462465828613,0.07815658067825786,0.0
1690209709068865367,683242,0.41905177041460784,0.07819980014652275,0.0
1690209709077068905,683243,0.4189659137464644,0.07828135877490151,0.0
1690209709077791146,683243,0.4188807414072929,0.07838763997630326,0.0
1690209709077946209,683243,0.41878369773340895,0.0783765539996666,0.0
1690209709078138818,683243,0.41881964312315134,0.07836975349381217,0.0
1690209709078148505,683243,0.41881166140707715,0.07839142636434177,0.0
1690209709078153951,683243,0.4188000157873799,0.07838339347818568,0.0
1690209709078163294,683243,0.4187315458461765,0.07845704895504726,0.0
1690209709078168299,683243,0.41871463975508455,0.07848842992847285,0.0
1690209709078175778,683243,0.418910476539579,0.07827123648506498,0.0
1690209709078195999,683243,0.4187934160997969,0.07839256559154548,0.0
1690209709083890374,683244,0.4187594530054879,0.07841894392378393,0.0
1690209709084091447,683244,0.41878942515479245,0.0783388168338429,0.0
1690209709084524542,683244,0.4188102295050872,0.07828657571989561,0.0
1690209709084615686,683244,0.418768538881878,0.0783140559419121,0.0
1690209709084956524,683244,0.4188462390084329,0.07822044401660103,0.0
1690209709084974200,683244,0.41886418895658273,0.07814951522590312,0.0
1690209709084990891,683244,0.41900749742605164,0.07795590076657131,0.0
1690209709084999235,683244,0.41902004564590145,0.07793583378461622,0.0
1690209709085008980,683244,0.4191110172442325,0.07788203280242752,0.0
1690209709085025280,683244,0.4191605327967229,0.07775354278448808,0.0
1690209709092853442,683245,0.4191748092123416,0.07770436176795419,0.0
1690209709093091176,683245,0.4192073023912746,0.07769096570413789,0.0
1690209709093446202,683245,0.41935832130357,0.07751342907933968,0.0
1690209709094651527,683245,0.4193752898489913,0.07745745156787583,0.0
1690209709094778909,683245,0.4193730269641783,0.07751885985341812,0.0
1690209709095247466,683245,0.4195077573453863,0.07737129343492531,0.0
1690209709095267950,683245,0.41954181852153904,0.07737475193693426,0.0
1690209709095294605,683245,0.4195625583349937,0.07737519570264023,0.0
1690209709095308110,683245,0.4195484650021231,0.07737994285200472,0.0
1690209709095323202,683245,0.41958443875262574,0.07737597248525321,0.0
1690209709101015507,683246,0.41948758236571665,0.0774585605850694,0.0
1690209709102169963,683246,0.4194746912319704,0.07747157034837067,0.0
1690209709102538475,683246,0.4193652675578335,0.07757605453215544,0.0
1690209709102548779,683246,0.4193466753352752,0.07760031482988516,0.0
1690209709102552936,683246,0.4193206018270244,0.07758647647712646,0.0
1690209709102577979,683246,0.4192201516902786,0.07769585359170522,0.0
1690209709102605127,683246,0.41923019724844457,0.0776829654291096,0.0
1690209709102614647,683246,0.41923452463708993,0.0776534755880189,0.0
1690209709102620303,683246,0.41922216531158696,0.0776653517749035,0.0
1690209709102641845,683246,0.41922276577541284,0.07766410235767722,0.0
1690209709110323639,683247,0.41921875726347996,0.07767029183545231,0.0
1690209709111596588,683247,0.4192144762497685,0.0776692570561852,0.0
1690209709111980057,683247,0.41921163845531506,0.07766255644960217,0.0
1690209709111991527,683247,0.41918914946755415,0.07764878149677167,0.0
1690209709112180298,683247,0.4191991233217056,0.07763770657673515,0.0
1690209709112460942,683247,0.41920574593999266,0.07760310143370844,0.0
1690209709112479448,683247,0.4192171331806651,0.07757675595288677,0.0
1690209709112499619,683247,0.41921143236575475,0.07754023559409666,0.0
1690209709112511580,683247,0.41923416250930984,0.0775144653530972,0.0
1690209709112531175,683247,0.4193425735400989,0.0774051387921959,0.0
1690209709120411106,683248,0.41932447293540503,0.07738744071111439,0.0
1690209709121376475,683248,0.4193527382760075,0.07740938430145122,0.0
1690209709121466722,683248,0.41943455460577905,0.07732829070812829,0.0
1690209709121819720,683248,0.41948865352145853,0.07735708655839867,0.0
1690209709121833846,683248,0.41950707933294107,0.07737046215084112,0.0
1690209709121840158,683248,0.41950519286247545,0.07743189658367435,0.0
1690209709121847497,683248,0.419537984617408,0.07742128467144518,0.0
1690209709121854260,683248,0.41944603078619686,0.07752335459210455,0.0
1690209709121872127,683248,0.4194180912204836,0.07759887377901042,0.0
1690209709121885460,683248,0.4192830604679389,0.07778956062473125,0.0
1690209709128395226,683249,0.41928827958330933,0.07781407961247047,0.0
1690209709128524860,683249,0.41922240798840593,0.07784958094459107,0.0
1690209709128901308,683249,0.41919196108875545,0.07797292998554911,0.0
1690209709128973775,683249,0.4191854640220089,0.07800750405637785,0.0
1690209709129300969,683249,0.4191479006679655,0.07801875601304185,0.0
1690209709129346476,683249,0.4189922859634005,0.07821723663095438,0.0
1690209709129525150,683249,0.41896962879765276,0.07829447962370918,0.0
1690209709129530713,683249,0.41895726833851205,0.0782802239172697,0.0
1690209709129534759,683249,0.41881832017633647,0.07843328573594179,0.0
1690209709129547031,683249,0.4187501960934473,0.07845643221887508,0.0
1690209709134906024,683250,0.4187932253741985,0.07844889509594916,0.0
1690209709135112032,683250,0.4187594390245469,0.07848080642751902,0.0
1690209709135264131,683250,0.41869642701959237,0.07855684658987915,0.0
1690209709135745481,683250,0.41867145580969223,0.07859102753224684,0.0
1690209709135800874,683250,0.41868499402569936,0.07858430562188565,0.0
1690209709136049127,683250,0.4186404492599826,0.07861204807593807,0.0
1690209709136062155,683250,0.4185198631277921,0.07870373916299604,0.0
1690209709136068572,683250,0.41851723249024897,0.07867164700043902,0.0
1690209709136076789,683250,0.4185312501673484,0.0785545693743547,0.0
1690209709136085364,683250,0.41853721225959095,0.0785327837056246,0.0
1690209709144424020,683251,0.41852798412634945,0.0785091234039119,0.0
1690209709144716228,683251,0.41862426335171254,0.07836641160234732,0.0
1690209709144955832,683251,0.41867869430482785,0.07823878631993994,0.0
1690209709144967181,683251,0.4188225483266355,0.07809256946719126,0.0
1690209709144979379,683251,0.4189808846775537,0.07791826024845667,0.0
1690209709144985620,683251,0.41902570168708997,0.077895486805849,0.0
1690209709144995386,683251,0.4191240859702104,0.07781223793531648,0.0
1690209709145019299,683251,0.4192184287235987,0.07771662108775458,0.0
1690209709145060623,683251,0.41927354598473865,0.07773453591388926,0.0
1690209709145067710,683251,0.41933554992973976,0.07768907665098052,0.0
1690209709150961700,683252,0.4193366720799364,0.07766954151925128,0.0
1690209709151273235,683252,0.4193623270462134,0.07766082823688834,0.0
1690209709151500477,683252,0.41933762277697323,0.07767629148573404,0.0
1690209709152227636,683252,0.4193248509308042,0.07773794652541248,0.0
1690209709152419559,683252,0.4192901568428439,0.07772142886521957,0.0
1690209709152608760,683252,0.41919516472541385,0.07780554406378373,0.0
1690209709152624755,683252,0.4192238699724311,0.07780115782473807,0.0
1690209709152639506,683252,0.4191986094528726,0.07782373280043642,0.0
1690209709152653764,683252,0.41920616176593894,0.07780604368195354,0.0
1690209709152726638,683252,0.419129080203833,0.07789633733104018,0.0
1690209709160048684,683253,0.41920328330900924,0.07782926099272976,0.0
1690209709160282160,683253,0.41922530586482987,0.07782554505731691,0.0
1690209709161050374,683253,0.4192031825668925,0.07783171670328878,0.0
1690209709161068827,683253,0.41915938574568296,0.07784398605343998,0.0
1690209709161087162,683253,0.41917851361478037,0.07782511093208003,0.0
1690209709161479730,683253,0.419172695070148,0.07776388117192773,0.0
1690209709161493154,683253,0.4191493097342277,0.07775356781892402,0.0
1690209709161503242,683253,0.4191315580832917,0.07772997387806325,0.0
1690209709161509559,683253,0.41913964593156705,0.07765772228592378,0.0
1690209709161552659,683253,0.4191451409573225,0.07758508613833408,0.0
1690209709168042292,683254,0.4190691205521315,0.07765508040877446,0.0
1690209709168185311,683254,0.41925395803341897,0.0774579757403377,0.0
1690209709168867558,683254,0.41928620165662855,0.07738120148531293,0.0
1690209709169024039,683254,0.41928350831664607,0.07744588911972217,0.0
1690209709169256738,683254,0.41935795002518533,0.07738628651168564,0.0
1690209709169272698,683254,0.41936491239455603,0.07738940692283262,0.0
1690209709169279481,683254,0.41939371462041064,0.07739566504271121,0.0
1690209709169303389,683254,0.4193741860000607,0.07743540385110378,0.0
1690209709169314730,683254,0.4193787078918768,0.07748138451806562,0.0
1690209709169323438,683254,0.41932899254640427,0.07756078146575665,0.0
1690209709176028395,683255,0.41931438080125066,0.07761875948206885,0.0
1690209709176274548,683255,0.41927868267798757,0.07767836677827601,0.0
1690209709177314698,683255,0.4191839910449799,0.07782543760787285,0.0
1690209709177324481,683255,0.41916753998706885,0.07782480687555486,0.0
1690209709177640814,683255,0.4191304944153186,0.07790586164356636,0.0
1690209709177653676,683255,0.4190991758420774,0.07798130151368218,0.0
1690209709177662710,683255,0.41900879305323036,0.07807718312925957,0.0
1690209709177670749,683255,0.4189764495070672,0.07813687760795592,0.0
1690209709177680975,683255,0.41892502116804803,0.07817482591797016,0.0
1690209709177697556,683255,0.4189348487823593,0.07821904244375119,0.0
1690209709184736417,683256,0.4188794327766399,0.078283761257832,0.0
1690209709185388319,683256,0.4188711854988592,0.07828315240594959,0.0
1690209709185486005,683256,0.41875634364681635,0.07834547039104016,0.0
1690209709189174650,683256,0.41873629279936386,0.07837598301670988,0.0
1690209709189184846,683256,0.41872524696052615,0.07832418991094546,0.0
1690209709189190321,683256,0.418625452401621,0.0783778925367188,0.0
1690209709189216572,683256,0.41857915864978823,0.07830769014507186,0.0
1690209709189286081,683256,0.4185916233017988,0.0782796343611343,0.0
1690209709189302619,683256,0.4187202849741485,0.07812284721751847,0.0
1690209709189310831,683256,0.41869358879499247,0.0780998739630858,0.0
1690209709192355550,683257,0.41869748553702657,0.07813069096270138,0.0
1690209709193072227,683257,0.41878228469615375,0.07803778248936695,0.0
1690209709193204315,683257,0.4189252722554365,0.07793186633772559,0.0
1690209709193209442,683257,0.41886039600217084,0.07801925643316099,0.0
1690209709193223558,683257,0.41885535689772535,0.07802626357432912,0.0
1690209709193383809,683257,0.4188793650634407,0.07796831392978404,0.0
1690209709193456475,683257,0.41880228147860543,0.07805298160950093,0.0
1690209709193461399,683257,0.4187507049647001,0.07811282791435002,0.0
1690209709193480614,683257,0.4187138484479291,0.07814123374101986,0.0
1690209709193491282,683257,0.4186673152384875,0.07818230891675981,0.0
1690209709201219851,683258,0.41875053920348243,0.07805272111965254,0.0
1690209709201371888,683258,0.4186692720658286,0.07813801073409961,0.0
1690209709202486851,683258,0.4187005512705316,0.07813717342739883,0.0
1690209709202627726,683258,0.4186806872670961,0.07807612206253833,0.0
1690209709203033639,683258,0.4187145089477248,0.07806901208235639,0.0
1690209709203045077,683258,0.41870135112935597,0.07811767822861825,0.0
1690209709203049747,683258,0.41883382609267267,0.07797012982467284,0.0
1690209709203054338,683258,0.41879492322588163,0.07797675242089791,0.0
1690209709203129232,683258,0.4189142416667848,0.07787307965789791,0.0
1690209709203142265,683258,0.41902253557544805,0.0777370124912207,0.0
1690209709209174406,683259,0.4190151729070974,0.07778276496989692,0.0
1690209709210242553,683259,0.41905618688227814,0.07771771486845205,0.0
1690209709210355713,683259,0.41907631526082884,0.07767119844493697,0.0
1690209709210725292,683259,0.419105801889565,0.07763275905657974,0.0
1690209709210741936,683259,0.4191789306201934,0.07754974006812855,0.0
1690209709210761100,683259,0.4192459803029479,0.07744704492076976,0.0
1690209709210776521,683259,0.4192923125992276,0.07738812962177619,0.0
1690209709210788306,683259,0.41940624550851435,0.07722981740901563,0.0
1690209709210799534,683259,0.41948566926182307,0.07716604467916974,0.0
1690209709210813206,683259,0.41959490180511333,0.07708079014362514,0.0
1690209709217922402,683260,0.41957839424565474,0.07704617361781865,0.0
1690209709218695624,683260,0.41962870650741707,0.07704004049035132,0.0
1690209709218807959,683260,0.41965520132063416,0.07698724890207999,0.0
1690209709219033910,683260,0.4196906607886682,0.07691103977516905,0.0
1690209709219050538,683260,0.41961874088489454,0.07698631732946537,0.0
1690209709219059918,683260,0.419604967641677,0.07700197837956735,0.0
1690209709219077747,683260,0.4196474649754204,0.07697327271669765,0.0
1690209709219089102,683260,0.41962976339610425,0.07695077601720272,0.0
1690209709219101451,683260,0.41956689912803424,0.07703229391423964,0.0
1690209709219137056,683260,0.41961217810723583,0.07702967882380318,0.0
1690209709227207262,683261,0.41958486146676083,0.07701259485385319,0.0
1690209709227235142,683261,0.41957057528987546,0.0770341196318735,0.0
1690209709227638382,683261,0.4194944820727596,0.07714158426247342,0.0
1690209709227648965,683261,0.41959437319730764,0.07703032426466237,0.0
1690209709227661175,683261,0.4195402548780971,0.07707636942941606,0.0
1690209709227667509,683261,0.419507835252678,0.07708675690613538,0.0
1690209709227703325,683261,0.41960470602858013,0.07700610472888494,0.0
1690209709227714159,683261,0.41960817426158536,0.0770062757194258,0.0
1690209709227726087,683261,0.4195686887623005,0.07706682634372913,0.0
1690209709227745712,683261,0.419577696341992,0.0770410671893742,0.0
1690209709234855850,683262,0.41954708662945717,0.07707295383111253,0.0
1690209709235636973,683262,0.419574397276497,0.07703888171668509,0.0
1690209709235782031,683262,0.4195220152198726,0.07705152474309465,0.0
1690209709236426408,683262,0.41947216623093775,0.0771046610513129,0.0
1690209709236440552,683262,0.41949921102646726,0.07700787735702024,0.0
1690209709236747521,683262,0.41952227925472085,0.07696371518287151,0.0
1690209709236764844,683262,0.41951830303651017,0.07694455658966473,0.0
1690209709236777275,683262,0.4195013709853174,0.07693606556622114,0.0
1690209709236786431,683262,0.4195370344654823,0.07685286231079527,0.0
1690209709236793376,683262,0.41956338949608296,0.07682252310549086,0.0
1690209709242138583,683263,0.4196702638466351,0.07672141111355377,0.0
1690209709245384092,683263,0.41967499420860255,0.07676944858197912,0.0
1690209709245475276,683263,0.41970880334353905,0.07678498576739295,0.0
1690209709246068176,683263,0.4197865042910304,0.07672910504872776,0.0
1690209709246207090,683263,0.4198032457798889,0.07678266456283668,0.0
1690209709246655327,683263,0.4197721960816284,0.07690209585673324,0.0
1690209709246672194,683263,0.41974836652890524,0.07691760948321996,0.0
1690209709246815827,683263,0.4196532684913685,0.07700435671307475,0.0
1690209709246821781,683263,0.41956317047341923,0.077140679712137,0.0
1690209709246840329,683263,0.41949501338664297,0.0772422106780507,0.0
1690209709251772416,683264,0.41943447851367427,0.07729986344957256,0.0
1690209709252666764,683264,0.4192925777745644,0.07742486348122776,0.0
1690209709252724055,683264,0.4193070690658117,0.07744203524482719,0.0
1690209709252972210,683264,0.4193159070186788,0.07747136028998809,0.0
1690209709252981004,683264,0.4192708728414191,0.07754061022961498,0.0
1690209709252987712,683264,0.4191237802825945,0.07770068093425504,0.0
1690209709253011276,683264,0.4191341376163215,0.0777153280386927,0.0
1690209709253024499,683264,0.41914471662729563,0.07768665209814116,0.0
1690209709253039135,683264,0.4190607037849243,0.07779360111167746,0.0
1690209709253050874,683264,0.41896173363609457,0.07782692559107954,0.0
1690209709258872272,683265,0.41896813777429354,0.07780037281604849,0.0
1690209709260000255,683265,0.4189801600258609,0.07771383190523476,0.0
1690209709260135740,683265,0.41893696480904463,0.07771223927405599,0.0
1690209709260218685,683265,0.4190004335400132,0.07762596958082726,0.0
1690209709260559462,683265,0.41901318676471755,0.0775462935854384,0.0
1690209709260575224,683265,0.41915110946351386,0.07735150104952097,0.0
1690209709260586370,683265,0.41913553838179407,0.07734799614882666,0.0
1690209709260595148,683265,0.4192697940906293,0.07721243756887622,0.0
1690209709260603908,683265,0.4192959992482475,0.07712794146320509,0.0
1690209709260643407,683265,0.4192545430697199,0.07721132536365946,0.0
1690209709268791608,683266,0.4193359832782841,0.07713902732907754,0.0
1690209709269411580,683266,0.4194087821985157,0.07705434430325932,0.0
1690209709269710234,683266,0.4193934748519092,0.07708656230641119,0.0
1690209709269905287,683266,0.4194280540122185,0.07706775152339872,0.0
1690209709270367525,683266,0.41949633615579474,0.07695860721237113,0.0
1690209709270828850,683266,0.4194796608076629,0.0770151652224541,0.0
1690209709270847541,683266,0.4194789145836434,0.07702939656597119,0.0
1690209709270854881,683266,0.41949216467549244,0.07698239369643296,0.0
1690209709270863183,683266,0.41945205114258177,0.07708568216894914,0.0
1690209709270869279,683266,0.41942165301234563,0.07709079732535368,0.0
1690209709275702831,683267,0.4195205626982708,0.07698684729730772,0.0
1690209709275732117,683267,0.41943742792499367,0.07708956402890241,0.0
1690209709276271620,683267,0.41947377253041435,0.07705972420940593,0.0
1690209709276411187,683267,0.4195131989752275,0.07701796641363032,0.0
1690209709276492584,683267,0.41951822700145336,0.07698133481867118,0.0
1690209709276665667,683267,0.41952841213125613,0.07697849833309738,0.0
1690209709276679474,683267,0.41951959848722686,0.07699674587854245,0.0
1690209709276687901,683267,0.41951057187677376,0.07697492452559675,0.0
1690209709276695918,683267,0.419493540464818,0.07688145379279325,0.0
1690209709276703114,683267,0.41943713929815546,0.07692751320138248,0.0
1690209709286137824,683268,0.4195161797383005,0.0768264971927878,0.0
1690209709287412033,683268,0.419520434105204,0.07676695269436197,0.0
1690209709287585314,683268,0.41949335130787735,0.07673405434750755,0.0
1690209709287824075,683268,0.41954593867338763,0.07665961747564118,0.0
1690209709288274917,683268,0.4197018211170688,0.07648931355991981,0.0
1690209709288295812,683268,0.4196835678694394,0.07646666036550916,0.0
1690209709288340917,683268,0.4197281511713161,0.07643449421943511,0.0
1690209709288351548,683268,0.4197867196535778,0.07637907895823898,0.0
1690209709288408012,683268,0.4198650940498485,0.07634376901177334,0.0
1690209709288429125,683268,0.4198556835600234,0.07636997376506323,0.0
1690209709293831204,683269,0.41975926007456155,0.07645622725257856,0.0
1690209709294280818,683269,0.4198005988979764,0.07641291615537991,0.0
1690209709294451035,683269,0.4197195495859254,0.07647187633714705,0.0
1690209709294792197,683269,0.4196687240096706,0.07653660660954271,0.0
1690209709294805908,683269,0.41959450580068003,0.07657619427708731,0.0
1690209709294812255,683269,0.41952291785266865,0.07666670973834057,0.0
1690209709294825498,683269,0.41954808964176593,0.0766167091661767,0.0
1690209709294832853,683269,0.41947605861902376,0.07668927846727326,0.0
1690209709294839442,683269,0.4194108440886035,0.0767787668535959,0.0
1690209709294880178,683269,0.4194081159403376,0.07674164301705341,0.0
1690209709301875916,683270,0.41945023253298874,0.07670929493505561,0.0
1690209709302858668,683270,0.41943330219062686,0.07676312675555376,0.0
1690209709303161497,683270,0.41946242750017243,0.07673104755146828,0.0
1690209709303578163,683270,0.41942362799859984,0.07675224991928045,0.0
1690209709303834925,683270,0.41946717859874716,0.07673927194325945,0.0
1690209709304063652,683270,0.41951721009297144,0.07666384635341228,0.0
1690209709304075593,683270,0.4194561293855372,0.07677370567117656,0.0
1690209709304081801,683270,0.4194753313446602,0.0767498673507844,0.0
1690209709304164212,683270,0.4194994438664683,0.07670399381641314,0.0
1690209709304181295,683270,0.4195037579495124,0.07667881744614775,0.0
1690209709310478444,683271,0.4194789124870945,0.07671846094659845,0.0
1690209709310700998,683271,0.41953155753698324,0.07663563370913577,0.0
1690209709310790057,683271,0.4195659427257244,0.07658056442070259,0.0
1690209709310929251,683271,0.4196093389572452,0.07654711633256663,0.0
1690209709311177040,683271,0.4196764035359791,0.07653440921424662,0.0
1690209709311185838,683271,0.41973577774781085,0.07654766707526052,0.0
1690209709311212464,683271,0.41974535687030906,0.07657212561748966,0.0
1690209709311228965,683271,0.4197382713254846,0.07663145758616567,0.0
1690209709311240946,683271,0.4197334463989273,0.07670597666817057,0.0
1690209709311249533,683271,0.4196957944963284,0.07674136571435226,0.0
1690209709320016568,683272,0.4195954415235597,0.07686668750542414,0.0
1690209709321097462,683272,0.41947270053377284,0.07703630206800437,0.0
1690209709321747112,683272,0.41944394839291793,0.07711562566021443,0.0
1690209709321996477,683272,0.41938204293497716,0.07715626403898843,0.0
1690209709322380531,683272,0.4192663020373049,0.0773084181454864,0.0
1690209709322529155,683272,0.419284893247733,0.07733866166691279,0.0
1690209709322550157,683272,0.41922276512961404,0.07738052130332865,0.0
1690209709322569602,683272,0.4192035054834789,0.07742911517561177,0.0
1690209709322579850,683272,0.41904880321196725,0.07760846499628998,0.0
1690209709322601720,683272,0.4190713735682269,0.07759508411849195,0.0
1690209709326580591,683273,0.41893622713188255,0.07772327837277894,0.0
1690209709327330841,683273,0.4188626937299329,0.07783163005632301,0.0
1690209709327371465,683273,0.4188956763541357,0.07776446795949223,0.0
1690209709327605162,683273,0.4188660946093712,0.07782484829541483,0.0
1690209709327614517,683273,0.41884549966407153,0.0778673726537215,0.0
1690209709327620461,683273,0.4188023095513841,0.07788613405222831,0.0
1690209709327627886,683273,0.41871162320505534,0.07796967673107272,0.0
1690209709327633075,683273,0.41869785082207195,0.07800950733215764,0.0
1690209709327650818,683273,0.41868495997843463,0.07795620223847677,0.0
1690209709327662692,683273,0.4186146344393444,0.07800307941293727,0.0
1690209709339060065,683274,0.41856774115104345,0.07793538759654085,0.0
1690209709339354751,683274,0.41860048653834564,0.07787334302826804,0.0
1690209709339951504,683274,0.4186803578087961,0.07778963233920146,0.0
1690209709340050068,683274,0.41864776836906825,0.07775903695781393,0.0
1690209709340287014,683274,0.4187372834243266,0.07764398606769773,0.0
1690209709340299577,683274,0.41878850730434686,0.07756533294713583,0.0
1690209709340309560,683274,0.4190328523952525,0.07731065076729358,0.0
1690209709340316005,683274,0.41902914377773515,0.07729297055904229,0.0
1690209709340320482,683274,0.4190378399358947,0.07735751664132348,0.0
1690209709340329217,683274,0.4191766877710694,0.07718688047940175,0.0
1690209709342301120,683275,0.4192254083167279,0.0771856984066521,0.0
1690209709342492427,683275,0.41922144252665167,0.07723789676560383,0.0
1690209709342702489,683275,0.41927640094327856,0.07716660419388718,0.0
1690209709343321440,683275,0.419349474383265,0.07708246711495256,0.0
1690209709343369494,683275,0.4193168047169342,0.07713664276053356,0.0
1690209709343695841,683275,0.41936453291486014,0.0771119026162222,0.0
1690209709343714631,683275,0.41933566241090425,0.07714284752984633,0.0
1690209709343735176,683275,0.41931775377617675,0.07714668122611106,0.0
1690209709343760765,683275,0.41931686917312283,0.07714627833371135,0.0
1690209709343766639,683275,0.41935230427396175,0.07719311266379153,0.0
1690209709350948707,683276,0.41932110314509885,0.07721166437275377,0.0
1690209709351282487,683276,0.41931786277439165,0.07718426553053544,0.0
1690209709351844371,683276,0.4192985841771819,0.07723041200527743,0.0
1690209709352010416,683276,0.4193690976563607,0.07718332145825356,0.0
1690209709352614168,683276,0.419402148439209,0.0771609916262871,0.0
1690209709352685004,683276,0.4193147548969615,0.07720790197597042,0.0
1690209709352891456,683276,0.4193302346511446,0.07717971692728169,0.0
1690209709352903290,683276,0.4194043482672983,0.07708107242948975,0.0
1690209709352909215,683276,0.41933660542014395,0.07711953444024049,0.0
1690209709352954682,683276,0.4193025197665168,0.07710838552481908,0.0
1690209709359300421,683277,0.41924013563898677,0.07714163363229852,0.0
1690209709359749904,683277,0.4192923475287341,0.07707004460269738,0.0
1690209709359946347,683277,0.4192800991763938,0.07708587498230524,0.0
1690209709360317260,683277,0.41920706515639844,0.07713123639751937,0.0
1690209709361110797,683277,0.4192615095343748,0.07705547567927254,0.0
1690209709361257107,683277,0.4192882056021671,0.07694763876815047,0.0
1690209709361376777,683277,0.41928325506202146,0.07694108592163258,0.0
1690209709361570255,683277,0.4193036824112414,0.07690559098730147,0.0
1690209709361585360,683277,0.4192982523893595,0.07685351762947647,0.0
1690209709361593299,683277,0.4193544655934114,0.07678514763094611,0.0
1690209709369628271,683278,0.41935687955650036,0.07675071737472001,0.0
1690209709369738007,683278,0.4194033442988025,0.07672157871604907,0.0
1690209709370190713,683278,0.4194516567866645,0.07665470592099337,0.0
1690209709370408113,683278,0.41945433232291324,0.07669252924061583,0.0
1690209709370704959,683278,0.4195449431147842,0.07662114254755306,0.0
1690209709370816185,683278,0.4195524884667656,0.07668271386498025,0.0
1690209709370993378,683278,0.41954117693750165,0.0767035165449682,0.0
1690209709371007096,683278,0.41955240212395656,0.07671604987280156,0.0
1690209709371017729,683278,0.41955677728953894,0.07674873250233451,0.0
1690209709371072465,683278,0.4194635156088917,0.07691343805953589,0.0
1690209709377720203,683279,0.4194497950987005,0.07695443229680117,0.0
1690209709379180850,683279,0.4193185507374387,0.0770930986347427,0.0
1690209709379344269,683279,0.4192779984685425,0.07718039483572546,0.0
1690209709379707341,683279,0.419195206990314,0.07727950475397019,0.0
1690209709379721762,683279,0.4191516080009953,0.07735824401559718,0.0
1690209709379728904,683279,0.41910747322564346,0.0774217081201178,0.0
1690209709379744553,683279,0.41904347510245754,0.07746735504255654,0.0
1690209709379754609,683279,0.4189993299665937,0.0775862199939299,0.0
1690209709379766408,683279,0.4189474788430727,0.07767277050954337,0.0
1690209709379874682,683279,0.4189385412777047,0.0776666222293368,0.0
1690209709385179901,683280,0.4188706863903428,0.07779704847361445,0.0
1690209709385300905,683280,0.4188526422229851,0.07785249162496095,0.0
1690209709385412935,683280,0.4188897991460584,0.07785570856084,0.0
1690209709385481512,683280,0.41873803975296914,0.07803509233165921,0.0
1690209709385932199,683280,0.4186853975025565,0.0781183219601138,0.0
1690209709386019355,683280,0.4186560344133954,0.07816391903442933,0.0
1690209709386210284,683280,0.418604987087578,0.07825123972642557,0.0
1690209709386217501,683280,0.41856395496622745,0.07827391226780052,0.0
1690209709386222554,683280,0.4185253843800446,0.07834797335443514,0.0
1690209709386233697,683280,0.41850908045756086,0.0783961974142625,0.0
1690209709394001311,683281,0.41852636871017623,0.0783686668132082,0.0
1690209709395219486,683281,0.41835063415644735,0.07853935918262693,0.0
1690209709395237267,683281,0.4183222813361346,0.07858352966159045,0.0
1690209709395467681,683281,0.418298464065287,0.07854455849246403,0.0
1690209709395486376,683281,0.4182392969795854,0.07855667940344274,0.0
1690209709395498451,683281,0.41817551252433827,0.07855794123538169,0.0
1690209709395504907,683281,0.41828467836581884,0.07846262584574007,0.0
1690209709395511585,683281,0.4183038707449635,0.07841478920676911,0.0
1690209709395525393,683281,0.4183230663792834,0.07840408634386835,0.0
1690209709395552262,683281,0.4183270896944805,0.07840589686361327,0.0
1690209709402520056,683282,0.41839680348884156,0.07840478193481339,0.0
1690209709402933114,683282,0.4184546852935772,0.07830845753485871,0.0
1690209709403424323,683282,0.4183741060800062,0.07838478384256987,0.0
1690209709403531201,683282,0.4183909170960062,0.0783496648251649,0.0
1690209709403824896,683282,0.4183928412790007,0.07831484498122308,0.0
1690209709403840118,683282,0.41838428733490635,0.0783277985680889,0.0
1690209709403853464,683282,0.41822260088408136,0.07847377549220053,0.0
1690209709403867720,683282,0.41830020242879773,0.07840538714875157,0.0
1690209709403879659,683282,0.4182896416942534,0.07837047031391857,0.0
1690209709403922679,683282,0.4183677596481993,0.07831599719482557,0.0
1690209709409580585,683283,0.418352871929048,0.07832649105576507,0.0
1690209709409797682,683283,0.41833614673454383,0.07830936993943327,0.0
1690209709410228855,683283,0.4183825628489082,0.07825328899227565,0.0
1690209709410526629,683283,0.41837560473154245,0.07828856682470683,0.0
1690209709410736876,683283,0.4184266058932309,0.07822502349694281,0.0
1690209709410745685,683283,0.4184557683719815,0.07819373183005808,0.0
1690209709410883024,683283,0.41847196822711774,0.07817180023179542,0.0
1690209709410954258,683283,0.41856840971268894,0.07810764642189393,0.0
1690209709411026770,683283,0.41854549820914744,0.07812205701079938,0.0
1690209709411036802,683283,0.4185687175673148,0.07815446454102784,0.0
1690209709417846402,683284,0.41861764796027,0.07805996320745241,0.0
1690209709417999295,683284,0.41862576153502423,0.07805337605826235,0.0
1690209709418282293,683284,0.41864000578278315,0.07807397879322081,0.0
1690209709419275543,683284,0.41865114829447075,0.07801842286778005,0.0
1690209709419371701,683284,0.4186968286089546,0.07794218586975672,0.0
1690209709419635502,683284,0.4187139953110517,0.07786442937033894,0.0
1690209709419656638,683284,0.41880920852458314,0.0777537003571004,0.0
1690209709419667311,683284,0.4188508241843769,0.0777163274798914,0.0
1690209709419680125,683284,0.4188432588484266,0.0776469975748819,0.0
1690209709419686444,683284,0.41887649328844456,0.0775702694913451,0.0
1690209709426599171,683285,0.4189370180262295,0.07755715728539557,0.0
1690209709427162931,683285,0.41906596092972503,0.07740594882949837,0.0
1690209709427776176,683285,0.41910041433690337,0.0773222690503749,0.0
1690209709428000266,683285,0.4190671183273493,0.0774140288579966,0.0
1690209709428301631,683285,0.4192201403956157,0.07724577175972695,0.0
1690209709428326171,683285,0.419263838136256,0.07724674244901268,0.0
1690209709428338971,683285,0.4192170564965798,0.07729711868165363,0.0
1690209709428353622,683285,0.41919659904566287,0.07730391657668555,0.0
1690209709428362763,683285,0.4192514384142445,0.07727356452184114,0.0
1690209709428387360,683285,0.4191374069663758,0.07737988549731008,0.0
1690209709435033408,683286,0.41912092065984063,0.07739318576406794,0.0
1690209709435646976,683286,0.4189422858666155,0.07756141645976264,0.0
1690209709436407657,683286,0.4189073213724593,0.07759957294536286,0.0
1690209709436482554,683286,0.4188853496700489,0.07757795557202542,0.0
1690209709436633228,683286,0.41873429017931696,0.07773678321246316,0.0
1690209709436825682,683286,0.41877168905941464,0.0776968307348908,0.0
1690209709436843180,683286,0.41874624428853097,0.07765689284970571,0.0
1690209709436857405,683286,0.4187536156273937,0.07767785815707151,0.0
1690209709436865010,683286,0.41873641412039564,0.07770461105596836,0.0
1690209709436879870,683286,0.4187720864456431,0.07764888467229168,0.0
1690209709445735971,683287,0.41876204865865646,0.07767463108739785,0.0
1690209709445935377,683287,0.41875486784547533,0.0776967392191428,0.0
1690209709446679211,683287,0.4187687639327168,0.0777231075965485,0.0
1690209709446973013,683287,0.4187858234751924,0.07771438760342882,0.0
1690209709447160163,683287,0.4187709826135376,0.07773987390693662,0.0
1690209709447175164,683287,0.4187609825439509,0.07775044656681285,0.0
1690209709447185570,683287,0.4187515009043065,0.07778227979477145,0.0
1690209709447202608,683287,0.41871938030896083,0.0777989287718029,0.0
1690209709447210649,683287,0.418692654256393,0.07781019559136562,0.0
1690209709447216543,683287,0.41869380540095,0.07779932136699418,0.0
1690209709450673010,683288,0.4186923573427689,0.07778718283951543,0.0
1690209709451004407,683288,0.41869687045651177,0.07777293417880392,0.0
1690209709451523683,683288,0.4187060969531269,0.07776560440392738,0.0
1690209709451695361,683288,0.4187001319258321,0.07777627296260169,0.0
1690209709451862540,683288,0.4187165623161133,0.07775570364621404,0.0
1690209709451934752,683288,0.4187443558174147,0.07771656626029697,0.0
1690209709452041409,683288,0.41884299832025734,0.07761323932322339,0.0
1690209709452216257,683288,0.41883986488992614,0.07759898911397929,0.0
1690209709452230729,683288,0.41886925616200354,0.0776449921801345,0.0
1690209709452236766,683288,0.4189599170418931,0.07757002944124132,0.0
1690209709460814279,683289,0.41901758923847243,0.07759345562514451,0.0
1690209709461329987,683289,0.4190073557937408,0.07764202877685539,0.0
1690209709461454073,683289,0.41900021847842617,0.07771858822494732,0.0
1690209709461849322,683289,0.4190425463889386,0.07768953917973544,0.0
1690209709461959257,683289,0.41899128379701867,0.07774593771182803,0.0
1690209709462214708,683289,0.41896966639656075,0.07780823498875397,0.0
1690209709462225449,683289,0.41889048069455903,0.07794548587100511,0.0
1690209709462234537,683289,0.4189151177323476,0.07793089421916682,0.0
1690209709462239146,683289,0.41885426620019744,0.07796786856111922,0.0
1690209709462285046,683289,0.41884116532439586,0.07806929707523028,0.0
1690209709467276410,683290,0.4188095756290885,0.07814155025459303,0.0
1690209709467745521,683290,0.41878398592505195,0.07816853148953597,0.0
1690209709468425855,683290,0.41856231007894384,0.07841527603575292,0.0
1690209709469180365,683290,0.41853959540226615,0.0784874721077262,0.0
1690209709469192992,683290,0.4184036933036833,0.07856920699168887,0.0
1690209709469441698,683290,0.41825782362024805,0.07872207126819487,0.0
1690209709469454947,683290,0.4181689455544781,0.0787197855102055,0.0
1690209709469463935,683290,0.41810193073172625,0.07879852508760955,0.0
1690209709469473209,683290,0.4181070105414554,0.0788115442932473,0.0
1690209709469489725,683290,0.4180073992024774,0.07884828056634098,0.0
1690209709476652329,683291,0.41795768673533285,0.07892760656119475,0.0
1690209709476947726,683291,0.4179464709115612,0.07897114272310157,0.0
1690209709477072012,683291,0.4180090413168537,0.078876480127704,0.0
1690209709477167879,683291,0.4178695582007747,0.07901761983755387,0.0
1690209709477264178,683291,0.41781345855757185,0.07903552606865838,0.0
1690209709477742293,683291,0.41787152321252236,0.07895877148804237,0.0
1690209709477751156,683291,0.4178534163439688,0.07896995068118011,0.0
1690209709477764897,683291,0.4177666771596963,0.07904473587530496,0.0
1690209709477772774,683291,0.4177615175453916,0.07903445533175996,0.0
1690209709477781678,683291,0.4177690824763266,0.07900524216251803,0.0
1690209709484445123,683292,0.4178068249465501,0.07893763782858289,0.0
1690209709485790924,683292,0.41768368379861875,0.07904208607628897,0.0
1690209709485956971,683292,0.41768506772775094,0.0790002992100299,0.0
1690209709486236843,683292,0.4177047087663309,0.07887151233379364,0.0
1690209709486252088,683292,0.4177053235195141,0.07885176750666555,0.0
1690209709486297566,683292,0.41767089433155585,0.07883023645947242,0.0
1690209709486311569,683292,0.41773890225721133,0.07872997992917578,0.0
1690209709486366288,683292,0.4177627841191843,0.0786426601890957,0.0
1690209709486384385,683292,0.41786602804780715,0.07851476823500184,0.0
1690209709486403955,683292,0.41793978623635697,0.07841392757937155,0.0
1690209709493581461,683293,0.4179638092654566,0.07836751164070231,0.0
1690209709494147625,683293,0.4180636226737994,0.07822630429904069,0.0
1690209709494307926,683293,0.4181476623832489,0.07813724498758252,0.0
1690209709494604848,683293,0.4181927398396025,0.07815765977625996,0.0
1690209709494979647,683293,0.4182739470265773,0.07803936819527364,0.0
1690209709495167383,683293,0.41828660007688034,0.0779956344714779,0.0
1690209709495283233,683293,0.41843115366767303,0.07787565334776747,0.0
1690209709495535076,683293,0.41853429514571083,0.07775274117311051,0.0
1690209709495552055,683293,0.4185719395912078,0.07773969302804162,0.0
1690209709495564561,683293,0.41856895336631506,0.07774152355427823,0.0
1690209709501372567,683294,0.41863942258421893,0.07767384173624146,0.0
1690209709502241577,683294,0.41865666532388657,0.07770675800413614,0.0
1690209709502465078,683294,0.4186411492525376,0.07772617320827617,0.0
1690209709502865198,683294,0.4186480276456792,0.07770292497375875,0.0
1690209709503145295,683294,0.4186332699140046,0.07773614955068098,0.0
1690209709503475806,683294,0.4185922865487389,0.07775795974970268,0.0
1690209709503490160,683294,0.4185849271416542,0.07777128258216802,0.0
1690209709503517880,683294,0.41845062683241485,0.07786801979945775,0.0
1690209709503533255,683294,0.41841683341089647,0.07790063271674634,0.0
1690209709503546266,683294,0.41840394451560575,0.0778694175317328,0.0
1690209709510233171,683295,0.4183137498950145,0.07796782213993322,0.0
1690209709510617094,683295,0.4183067365548666,0.07795100716053735,0.0
1690209709510794045,683295,0.41820820803101066,0.07798985945639235,0.0
1690209709511281674,683295,0.4182627768714424,0.07796871737794829,0.0
1690209709511375313,683295,0.41825530950209616,0.0779854794644284,0.0
1690209709511564475,683295,0.41819810530840434,0.07800916786576503,0.0
1690209709511578899,683295,0.4181886753888199,0.07802122663542763,0.0
1690209709511587986,683295,0.41817752576854317,0.07802042674209822,0.0
1690209709511595803,683295,0.41823072210111834,0.07799200417621585,0.0
1690209709511600869,683295,0.41819132086694144,0.0780308653726472,0.0
1690209709517512232,683296,0.41815709444645743,0.07806477504923846,0.0
1690209709517962254,683296,0.41823713826044306,0.0779951590226592,0.0
1690209709518104166,683296,0.4182353881039832,0.07800916119227748,0.0
1690209709518547543,683296,0.41823651085014474,0.07808680283226013,0.0
1690209709518666305,683296,0.41819252150123504,0.07812370917275178,0.0
1690209709518729522,683296,0.4182060909117058,0.07812988697689816,0.0
1690209709518877204,683296,0.418230533567466,0.07808936389566883,0.0
1690209709518888562,683296,0.4181759457051766,0.07818340136133528,0.0
1690209709518895535,683296,0.4181540831900557,0.07817926326977187,0.0
1690209709518900510,683296,0.4180656639679311,0.07823424527196854,0.0
1690209709525855152,683297,0.41806959311720726,0.07821245220615551,0.0
1690209709526399793,683297,0.41801551998374586,0.0782901387156323,0.0
1690209709526572614,683297,0.41804688196343853,0.07824372725430888,0.0
1690209709526723950,683297,0.4180171572948144,0.07823580837842743,0.0
1690209709526925878,683297,0.4180744069112835,0.07820062571754925,0.0
1690209709526938417,683297,0.4180974015669153,0.07819538302599713,0.0
1690209709526950144,683297,0.41810692154304235,0.07821574365977799,0.0
1690209709527162434,683297,0.4179614189067676,0.07832751416469044,0.0
1690209709527169599,683297,0.41797185904795314,0.07832193310978222,0.0
1690209709527258288,683297,0.41794117199272157,0.07830588694653948,0.0
1690209709534494479,683298,0.4179849991805993,0.0782565649788777,0.0
1690209709534806108,683298,0.4179365968976051,0.07819514708597229,0.0
1690209709534947483,683298,0.4179892997138212,0.07816543668406052,0.0
1690209709534957563,683298,0.4180758098033336,0.07806504657184048,0.0
1690209709535368637,683298,0.41809116072750185,0.0780903892756669,0.0
1690209709535471712,683298,0.4180793944912413,0.07810122735397133,0.0
1690209709535591158,683298,0.4180942328089298,0.07809587832733658,0.0
1690209709535598511,683298,0.418189342951793,0.07798794958263179,0.0
1690209709535603763,683298,0.4181325622746642,0.07803316423193497,0.0
1690209709535622678,683298,0.4180820723516543,0.07803278881368675,0.0
1690209709542571953,683299,0.4180035204354379,0.07810693320047216,0.0
1690209709543157989,683299,0.41807913230391025,0.07802566024359642,0.0
1690209709543163730,683299,0.41806400015895673,0.07805205457784957,0.0
1690209709543320075,683299,0.41812254101310065,0.07802524005069436,0.0
1690209709543327430,683299,0.4181166089317412,0.07800997185566165,0.0
1690209709543331226,683299,0.4182506519154481,0.07788790942463218,0.0
1690209709543345865,683299,0.41817877022064454,0.07795489272985168,0.0
1690209709543349819,683299,0.4181981401769477,0.07800470199826007,0.0
1690209709543365905,683299,0.41813941102542723,0.0780158064363421,0.0
1690209709543368556,683299,0.41806414846303447,0.07811209417023242,0.0
1690209709550823489,683300,0.41806298449699986,0.07811808687001863,0.0
1690209709550827609,683300,0.4180780840592,0.07811328038628024,0.0
1690209709550931861,683300,0.41810957400182747,0.07807653174479603,0.0
1690209709551277028,683300,0.41813705893206393,0.07801446048353645,0.0
1690209709551346044,683300,0.4182232272563268,0.07794235507300308,0.0
1690209709551484046,683300,0.4182497952788598,0.07797774108421075,0.0
1690209709551491994,683300,0.41837759145893627,0.07783632226464818,0.0
1690209709551503000,683300,0.4183294193886483,0.07789981865183669,0.0
1690209709551508220,683300,0.41835756518572,0.07792651160583358,0.0
1690209709551525241,683300,0.4184127241968329,0.07785946143546119,0.0
1690209709559306770,683301,0.4184085704852671,0.07785075597781427,0.0
1690209709560021176,683301,0.41833406738347606,0.07795306350785897,0.0
1690209709560126368,683301,0.4184337644824979,0.07785313309876696,0.0
1690209709560139577,683301,0.4184631370931627,0.07786547103499589,0.0
1690209709560259190,683301,0.4184552921192779,0.0778649034695484,0.0
1690209709560267489,683301,0.41842283888612364,0.07787601731530858,0.0
1690209709560283550,683301,0.41846631290748937,0.07786273515997975,0.0
1690209709560293212,683301,0.4185061212512796,0.07778698747470567,0.0
1690209709560298564,683301,0.41848055494709674,0.07777862734657376,0.0
1690209709560306048,683301,0.4184178074153583,0.07785918203194614,0.0
1690209709567957687,683302,0.4184693627494086,0.07778309885121326,0.0
1690209709568640305,683302,0.41850135277824724,0.0777112922679181,0.0
1690209709569093826,683302,0.41841220146215463,0.07779262063636469,0.0
1690209709569121113,683302,0.41843189452810164,0.07774972903761819,0.0
1690209709569434421,683302,0.4184717325567364,0.0776621966216894,0.0
1690209709569458915,683302,0.4184495340022074,0.07760873442041424,0.0
1690209709569468023,683302,0.4184500731438083,0.07756703234588865,0.0
1690209709569484548,683302,0.41847742336765825,0.07753047498584886,0.0
1690209709569492457,683302,0.41852167882051833,0.07744215787255082,0.0
1690209709569501555,683302,0.4185235096857233,0.0773800639144206,0.0
1690209709577949771,683303,0.4184662531440032,0.07744423152325727,0.0
1690209709579044892,683303,0.4186307863918038,0.07727057447687823,0.0
1690209709579305226,683303,0.41864275146375446,0.07724713837927051,0.0
1690209709579671107,683303,0.41862916307805936,0.07733208602415986,0.0
1690209709579992259,683303,0.41869761168754704,0.07730562460682192,0.0
1690209709580011919,683303,0.41875106768118686,0.07729209444365681,0.0
1690209709580026193,683303,0.4187176820100045,0.07736751903460963,0.0
1690209709580038055,683303,0.4186779483883746,0.07743960873604912,0.0
1690209709580057962,683303,0.4186965467929865,0.07749892547527905,0.0
1690209709580070177,683303,0.41860241712385987,0.07761305072686263,0.0
1690209709584874723,683304,0.418579324476584,0.07768752846253256,0.0
1690209709585127910,683304,0.41848152390706167,0.07781746766735129,0.0
1690209709585474017,683304,0.4184216838031739,0.07793890753595704,0.0
1690209709585664480,683304,0.41837717921694173,0.07795309760218794,0.0
1690209709585949242,683304,0.4182108249030163,0.07816032726366513,0.0
1690209709585958461,683304,0.41819312014775917,0.07821599980855129,0.0
1690209709585963840,683304,0.4180820700007891,0.0782685615185829,0.0
1690209709585991880,683304,0.41802727113411764,0.07835241400222566,0.0
1690209709585999738,683304,0.41795802856295805,0.07839809576706827,0.0
1690209709586003760,683304,0.4180041401521992,0.07836312645168862,0.0
1690209709592313749,683305,0.41794229065044036,0.07844769532671499,0.0
1690209709593051598,683305,0.41789930590674346,0.07850491131430629,0.0
1690209709593234102,683305,0.4178843539473168,0.0785540340957203,0.0
1690209709593389720,683305,0.4178208436899034,0.07862906373507289,0.0
1690209709593649485,683305,0.417779564758139,0.07863599083938186,0.0
1690209709593659358,683305,0.41771078237597964,0.07870863938321043,0.0
1690209709593669128,683305,0.417678029650575,0.07870720899753679,0.0
1690209709593677751,683305,0.41764602906980625,0.07874654093666535,0.0
1690209709593694001,683305,0.4176003002177876,0.0787698271778215,0.0
1690209709593722885,683305,0.41755685189016223,0.07878012045845521,0.0
1690209709601447592,683306,0.41758665014733376,0.07868317193866367,0.0
1690209709601948529,683306,0.41759400123616,0.07865554701691964,0.0
1690209709602015595,683306,0.41771543964329794,0.07848639618958865,0.0
1690209709602130541,683306,0.41767666708609397,0.07847328035667653,0.0
1690209709602140132,683306,0.41771797674879824,0.07840418001592314,0.0
1690209709602554399,683306,0.417767905533135,0.07831079588513322,0.0
1690209709602712473,683306,0.4178891369017909,0.07816800660443575,0.0
1690209709602766948,683306,0.4179072749607826,0.07812407862460712,0.0
1690209709602885017,683306,0.41801933808799185,0.07799082247700435,0.0
1690209709602893030,683306,0.41809447086053686,0.07788579881205332,0.0
1690209709608925191,683307,0.4181780920452875,0.0778623099620196,0.0
1690209709609330483,683307,0.4182503523103747,0.07776907843268935,0.0
1690209709609855431,683307,0.41825370257462435,0.0777991088973515,0.0
1690209709610071559,683307,0.4183670502137853,0.07767936251795798,0.0
1690209709610170546,683307,0.41834557086566626,0.07768407390326189,0.0
1690209709610459023,683307,0.41838302001120914,0.07771111833773002,0.0
1690209709610496116,683307,0.41825239598238695,0.07783141813490341,0.0
1690209709610639830,683307,0.4183143728198705,0.07776610592431168,0.0
1690209709610831336,683307,0.4182529629865405,0.07781637062643358,0.0
1690209709610841833,683307,0.4182366919719107,0.07786445432078798,0.0
1690209709618860357,683308,0.4182371142797764,0.07785387581785107,0.0
1690209709619737084,683308,0.4181834888359991,0.0778499267627199,0.0
1690209709620585779,683308,0.41813957928376566,0.07791106030257477,0.0
1690209709620845130,683308,0.41813558350351043,0.07793786559017005,0.0
1690209709621166175,683308,0.41809735250883767,0.07794341439522248,0.0
1690209709621184895,683308,0.4180128434443256,0.0779994225459167,0.0
1690209709621197554,683308,0.4179579649658554,0.07803665871367724,0.0
1690209709621224938,683308,0.41796206334354524,0.07804673048916214,0.0
1690209709621239445,683308,0.41797217897814476,0.07803982027464673,0.0
1690209709621272424,683308,0.4178421635221904,0.07812732034218614,0.0
1690209709628065481,683309,0.417879343058171,0.07810509361111767,0.0
1690209709629228869,683309,0.41790260497918486,0.0780812838121149,0.0
1690209709629352110,683309,0.4179021472435332,0.07808171697256129,0.0
1690209709629661274,683309,0.41785311464121333,0.07812418661715145,0.0
1690209709629677061,683309,0.41785447978411355,0.07812059004014452,0.0
1690209709629687753,683309,0.4179893709839927,0.0779909347107076,0.0
1690209709629704399,683309,0.4179425180280789,0.0780417172765886,0.0
1690209709629714483,683309,0.41787984892618424,0.07815311658719365,0.0
1690209709629744615,683309,0.4179189171105777,0.07809481768397998,0.0
1690209709629756267,683309,0.41794472870212596,0.0780632976540023,0.0
1690209709634549140,683310,0.4179290878029901,0.07810545240845283,0.0
1690209709634652335,683310,0.41788962279629277,0.07813677823026086,0.0
1690209709634750111,683310,0.41791114626353953,0.07809155513550457,0.0
1690209709635119247,683310,0.41795835693589495,0.0779880970120038,0.0
1690209709635334173,683310,0.4179150050815857,0.07802850369865548,0.0
1690209709635557098,683310,0.4179076281996465,0.07807744978176627,0.0
1690209709635563405,683310,0.4179421904426026,0.07802112549476993,0.0
1690209709635571217,683310,0.41797242350505315,0.07798519493904592,0.0
1690209709635582066,683310,0.4179657844967518,0.07802576535621143,0.0
1690209709635614133,683310,0.4180130798873096,0.07800664969475817,0.0
1690209709642042214,683311,0.4180422305133308,0.07794896531960811,0.0
1690209709643557430,683311,0.41803002454097604,0.07796134180460045,0.0
1690209709643634859,683311,0.4180534111739558,0.07795627801724918,0.0
1690209709643916032,683311,0.41810897851839546,0.07800305657680397,0.0
1690209709643931636,683311,0.41808488247335224,0.07800527835574013,0.0
1690209709643952234,683311,0.41806880534776203,0.07802148910161884,0.0
1690209709643960252,683311,0.41810650000310123,0.07802850936753758,0.0
1690209709643970661,683311,0.41818189940554407,0.07797825400932294,0.0
1690209709644000202,683311,0.4181820434752275,0.07798274344986827,0.0
1690209709644008554,683311,0.41798510028238234,0.07822789560969473,0.0
1690209709652027080,683312,0.41805097858544094,0.07819357759080497,0.0
1690209709653255108,683312,0.41803607437633405,0.07823290142328342,0.0
1690209709654027934,683312,0.41794909094395233,0.07835650698212622,0.0
1690209709654232201,683312,0.4178691928460778,0.07837990073887795,0.0
1690209709654672345,683312,0.41785822982771126,0.07838589433906841,0.0
1690209709654695675,683312,0.41776059102857244,0.0784849524646077,0.0
1690209709654713771,683312,0.41770583589081595,0.07854381641026588,0.0
1690209709654737673,683312,0.41758984488030076,0.07864879440857464,0.0
1690209709654755788,683312,0.41755210355565225,0.07868370749059682,0.0
1690209709654775400,683312,0.4176008510764221,0.07856213406247065,0.0
1690209709661703421,683313,0.4174617455772227,0.07872852926513432,0.0
1690209709662146195,683313,0.41745690620196724,0.07871099883499316,0.0
1690209709662251276,683313,0.4174582545873503,0.07863118650011315,0.0
1690209709662279546,683313,0.4174568637967476,0.07865776700282082,0.0
1690209709662293113,683313,0.417414622712413,0.07870661568443199,0.0
1690209709662301920,683313,0.4175006788374098,0.07859638315729875,0.0
1690209709662306757,683313,0.4174426039750935,0.07864095299815942,0.0
1690209709662340652,683313,0.4175711643833614,0.07852745871965441,0.0
1690209709662350889,683313,0.4176046453502652,0.07851130744614909,0.0
1690209709662367050,683313,0.4176270078756894,0.0785429576050007,0.0
1690209709668642230,683314,0.41764224731439287,0.07848592491599893,0.0
1690209709669341682,683314,0.41765747486726756,0.07848470021685741,0.0
1690209709669503825,683314,0.41766949661774616,0.07851729919533369,0.0
1690209709669716153,683314,0.41770696070219415,0.07845224917051738,0.0
1690209709669731383,683314,0.4176682216795765,0.07845894524836226,0.0
1690209709670169163,683314,0.41771015949406287,0.07843385883585059,0.0
1690209709670487817,683314,0.4178224253138872,0.07828487071060744,0.0
1690209709670778133,683314,0.41781883525107694,0.07833142214708434,0.0
1690209709670790178,683314,0.41784764653650663,0.0782985935729413,0.0
1690209709670797115,683314,0.41785105600308653,0.07827699008356463,0.0
1690209709676653797,683315,0.41790647528650876,0.07826941338212488,0.0
1690209709677587793,683315,0.4178879770181704,0.07827429166118657,0.0
1690209709677797479,683315,0.4178699694073304,0.07826461424804494,0.0
1690209709678115943,683315,0.41785444117798337,0.07827384484816177,0.0
1690209709678124791,683315,0.4179234742473791,0.0781388705776564,0.0
1690209709678128777,683315,0.4179406469083682,0.0781022828606115,0.0
1690209709678156379,683315,0.41790038705192134,0.07808094508807072,0.0
1690209709678168730,683315,0.417927272601011,0.07799445879545579,0.0
1690209709678177997,683315,0.41799542519946203,0.07788205789467711,0.0
1690209709678185867,683315,0.41797331009530264,0.07787536574265007,0.0
1690209709685866660,683316,0.41806618463598166,0.0777385322784382,0.0
1690209709686297167,683316,0.41805406395436434,0.07770393298792162,0.0
1690209709689811597,683316,0.41813269648379825,0.07762154593959499,0.0
1690209709689835392,683316,0.4181924997477915,0.07752571862223877,0.0
1690209709689872531,683316,0.4181375452714009,0.07761172935686954,0.0
1690209709689884977,683316,0.4181693280304324,0.07753183092835046,0.0
1690209709689903115,683316,0.4182185527785964,0.07743584140094809,0.0
1690209709689920142,683316,0.4182243519049802,0.07741627501366229,0.0
1690209709689934889,683316,0.41831616236014624,0.07729410383138605,0.0
1690209709689948268,683316,0.418333674671474,0.07724062782335579,0.0
1690209709693678719,683317,0.4183850002764836,0.07723693163428459,0.0
1690209709693858381,683317,0.4184595197319561,0.07716098212153302,0.0
1690209709693965668,683317,0.4184669003816861,0.0772530723978293,0.0
1690209709694072801,683317,0.4184974819722417,0.07724860802403866,0.0
1690209709694150934,683317,0.4185208794337888,0.07722397717048092,0.0
1690209709694340319,683317,0.4185380587001042,0.07723543395578801,0.0
1690209709694433568,683317,0.41844290681014773,0.07736730777882743,0.0
1690209709694696912,683317,0.41843202524897694,0.07738923458523965,0.0
1690209709694750680,683317,0.41834762383468227,0.0774768499369031,0.0
1690209709694814485,683317,0.418333627622292,0.07751432609408213,0.0
1690209709702718024,683318,0.41829324209543356,0.07758922831060634,0.0
1690209709703666286,683318,0.41825274371575555,0.07767623156368203,0.0
1690209709704368261,683318,0.41824270485638876,0.0776994493894539,0.0
1690209709704542452,683318,0.41824646219781947,0.07771889780593078,0.0
1690209709704883897,683318,0.4181641148672725,0.07785321335762213,0.0
1690209709704906459,683318,0.4181306550205395,0.07788688527529515,0.0
1690209709704918895,683318,0.4180673653059269,0.07794447374004707,0.0
1690209709704930284,683318,0.41796194204558634,0.07808552010350918,0.0
1690209709704954557,683318,0.41794091176293297,0.0781648197833741,0.0
1690209709704964707,683318,0.41788494380360197,0.07826122049998066,0.0
1690209709710160777,683319,0.4178815705266627,0.07830602542279634,0.0
1690209709710473147,683319,0.41786015513477004,0.07834111326855801,0.0
1690209709710566403,683319,0.41785953116138463,0.07841755397999368,0.0
1690209709711290808,683319,0.4178154171914109,0.07847959142459635,0.0
1690209709711433354,683319,0.41775195517931296,0.07855238797461804,0.0
1690209709711593232,683319,0.41768802606482863,0.0786605937382718,0.0
1690209709711724283,683319,0.417656448288629,0.07872238227969351,0.0
1690209709711735314,683319,0.41768530844068696,0.07873216814015796,0.0
1690209709711743335,683319,0.4176171179994782,0.0787881247489755,0.0
1690209709711755068,683319,0.4176059069202299,0.07885704635685743,0.0
1690209709718149642,683320,0.41760220546022975,0.07887539409676203,0.0
1690209709718988211,683320,0.4175674194871717,0.07892568535640718,0.0
1690209709719247896,683320,0.4174493589854978,0.07906334864937943,0.0
1690209709720104317,683320,0.41738177547500077,0.07914207215618198,0.0
1690209709720117345,683320,0.4173334721791105,0.07918228713739799,0.0
1690209709720140837,683320,0.41730415115466357,0.0791687830797137,0.0
1690209709720152744,683320,0.41723005270756697,0.07921186708811699,0.0
1690209709720188317,683320,0.4172232233722549,0.07923826902036779,0.0
1690209709720257099,683320,0.4172122610634863,0.07922690188659742,0.0
1690209709720267633,683320,0.417202535442135,0.07919264117830103,0.0
1690209709727290366,683321,0.4170873055555263,0.07932320305537482,0.0
1690209709727613860,683321,0.4171143642617802,0.07930782647521194,0.0
1690209709728591168,683321,0.41709859198976673,0.0792661069282077,0.0
1690209709728654801,683321,0.4170290379789755,0.0792886159668518,0.0
1690209709729049640,683321,0.41699772004422825,0.07923599132140902,0.0
1690209709729067284,683321,0.4170278737617499,0.07918923786088795,0.0
1690209709729078837,683321,0.41701149128237125,0.07913528781824873,0.0
1690209709729098433,683321,0.4170089365895527,0.07910601659409772,0.0
1690209709729110398,683321,0.41700549083161004,0.07911503983856868,0.0
1690209709729138074,683321,0.417109410829497,0.07898157590242079,0.0
1690209709736119773,683322,0.41713799017858183,0.07887529347912073,0.0
1690209709736515130,683322,0.417089447035569,0.07894806167271827,0.0
1690209709737575497,683322,0.4171691724266493,0.07885156223420149,0.0
1690209709737584653,683322,0.41722520961384635,0.07880585092685652,0.0
1690209709737592040,683322,0.4172295565399735,0.07880801626295263,0.0
1690209709737792292,683322,0.41718404207625237,0.07885139295469934,0.0
1690209709737802092,683322,0.4173064834841588,0.07875116833079303,0.0
1690209709737813687,683322,0.4172504816367792,0.07877498877427419,0.0
1690209709737830746,683322,0.41737244101170684,0.07867614371881919,0.0
1690209709737851104,683322,0.4172672433614495,0.07877986386984984,0.0
1690209709743201740,683323,0.417271908387301,0.0787921960436813,0.0
1690209709744328198,683323,0.41725392089326085,0.07872861647421514,0.0
1690209709744338061,683323,0.4171920758660621,0.07882356202886187,0.0
1690209709744498559,683323,0.4171950112577312,0.0788305242922285,0.0
1690209709744575602,683323,0.417269929715379,0.07870557113931227,0.0
1690209709744813155,683323,0.41725310071233973,0.07872784277797,0.0
1690209709744819795,683323,0.41729941355994377,0.07870873536713446,0.0
1690209709744825028,683323,0.4173073842711553,0.07865558797333783,0.0
1690209709744846049,683323,0.4172529888034541,0.07875749467915431,0.0
1690209709744868120,683323,0.41726635483564656,0.07868589073141513,0.0
1690209709752504115,683324,0.41721563994217553,0.07874799710342364,0.0
1690209709752859289,683324,0.41723203670884024,0.07877404512532886,0.0
1690209709753051084,683324,0.417238620227545,0.07870254407146209,0.0
1690209709753765450,683324,0.4172852283206278,0.07865943742661673,0.0
1690209709753887253,683324,0.4172900783875058,0.07869900229679787,0.0
1690209709754074377,683324,0.41740332219571125,0.07857234622116076,0.0
1690209709754476252,683324,0.4174040328129676,0.07861300314766423,0.0
1690209709754642414,683324,0.4174434564396138,0.07857969891068796,0.0
1690209709754660750,683324,0.4175339149078331,0.07850510954925172,0.0
1690209709754669885,683324,0.41754753480624773,0.07854703942391834,0.0
1690209709761941790,683325,0.4175161865892289,0.0785637861853265,0.0
1690209709763344265,683325,0.4175507121826126,0.0785129430331223,0.0
1690209709763537377,683325,0.4175101882555915,0.0785706655042141,0.0
1690209709763972647,683325,0.4176024726568712,0.07847939713696768,0.0
1690209709763986086,683325,0.4175637003020982,0.07850790170743366,0.0
1690209709763993245,683325,0.4175829034696965,0.07846120042389249,0.0
1690209709764008733,683325,0.41761455020477417,0.07836092832994336,0.0
1690209709764021533,683325,0.417628371331363,0.078383076651311,0.0
1690209709764028106,683325,0.4175921213887766,0.07836903117053455,0.0
1690209709764054890,683325,0.4176132343298002,0.0782914398163067,0.0
1690209709769609935,683326,0.41756699387037755,0.07830611511343115,0.0
1690209709769935034,683326,0.41759844161181003,0.07827316185996695,0.0
1690209709770752097,683326,0.41757962426263573,0.07826008195755706,0.0
1690209709770894008,683326,0.4175505348127244,0.0782620957636658,0.0
1690209709771024396,683326,0.4175577804397933,0.07817811381953688,0.0
1690209709771272017,683326,0.4175830830214188,0.0781384743858771,0.0
1690209709771293327,683326,0.4175613111640406,0.0781108494863564,0.0
1690209709771299411,683326,0.41756686131896836,0.07803848404027372,0.0
1690209709771304034,683326,0.41757240300317466,0.07798703505600076,0.0
1690209709771390695,683326,0.41761364046381905,0.0779384924146691,0.0
1690209709777929119,683327,0.41769515675629826,0.07781968455850315,0.0
1690209709779142877,683327,0.4176253122818962,0.07785604735851342,0.0
1690209709779289858,683327,0.417700804235813,0.07775105525432904,0.0
1690209709779653306,683327,0.41777540965394083,0.07765111097119129,0.0
1690209709779674032,683327,0.41781432900826804,0.07765385825314508,0.0
1690209709779683717,683327,0.41778938898468965,0.07763191588767862,0.0
1690209709779695731,683327,0.41781111811638605,0.07758127142899701,0.0
1690209709779738444,683327,0.41786735752943005,0.07752853397045766,0.0
1690209709779756674,683327,0.4179508312108825,0.07742796499244015,0.0
1690209709779764770,683327,0.4179134718095665,0.07748112488847154,0.0
1690209709786062182,683328,0.41795616220384746,0.07747814475864807,0.0
1690209709786147683,683328,0.41804727057397273,0.07740026805813133,0.0
1690209709787307097,683328,0.4180917713649044,0.07743896132180164,0.0
1690209709787415967,683328,0.418081621428505,0.07750816022070973,0.0
1690209709787694024,683328,0.4180720864204831,0.07750266022779172,0.0
1690209709787703862,683328,0.4181322859550593,0.07748121103302538,0.0
1690209709787713271,683328,0.4180661847169077,0.07755110211686965,0.0
1690209709787718195,683328,0.4180685311172921,0.07763949132663003,0.0
1690209709787725715,683328,0.4179823691261786,0.07774816069712401,0.0
1690209709787747007,683328,0.4180134498567701,0.0777567139163984,0.0
1690209709793915239,683329,0.4180264174000681,0.07778485720409385,0.0
1690209709794737541,683329,0.41797274281865104,0.07792210434546858,0.0
1690209709795425942,683329,0.4179586406231293,0.07793696965895514,0.0
1690209709795466872,683329,0.41795074749901284,0.07795110294110315,0.0
1690209709795726033,683329,0.4178244754564212,0.07810320555557876,0.0
1690209709795739048,683329,0.4178116168289884,0.0782002672078666,0.0
1690209709795753153,683329,0.4176874065409658,0.07831359618680002,0.0
1690209709795767021,683329,0.41762979378877935,0.07840434942273526,0.0
1690209709795788916,683329,0.4175922332335159,0.07844981616796305,0.0
1690209709795795705,683329,0.41749396969289687,0.07861123356568521,0.0
1690209709802007460,683330,0.4174800232311925,0.078614979669929,0.0
1690209709802322944,683330,0.41735062306690185,0.07871433653690903,0.0
1690209709802466492,683330,0.4172816054715909,0.07883812350353123,0.0
1690209709802823736,683330,0.41722953914067873,0.0789319328017115,0.0
1690209709802838831,683330,0.4171776184647567,0.07897702871328949,0.0
1690209709802852540,683330,0.41704909342533075,0.07908542908177928,0.0
1690209709802859491,683330,0.4170419786229027,0.0791253953350669,0.0
1690209709802871870,683330,0.41699927741807313,0.07921264235438137,0.0
1690209709802936856,683330,0.41698600759319204,0.07924643442665037,0.0
1690209709802953587,683330,0.4168470820862203,0.07936166491549464,0.0
1690209709811434069,683331,0.4168507493482734,0.07941425721040618,0.0
1690209709811770155,683331,0.4168379799236837,0.07940716370444639,0.0
1690209709811922699,683331,0.41680526516689,0.07943604129270788,0.0
1690209709812414573,683331,0.4166855931225134,0.07950091061671476,0.0
1690209709812427319,683331,0.4166521915018357,0.07950905981796824,0.0
1690209709812442140,683331,0.4166486145384316,0.07951979114643512,0.0
1690209709812456246,683331,0.4166068787129544,0.07955381360122066,0.0
1690209709812472116,683331,0.4165969736884232,0.07951993479427827,0.0
1690209709812482651,683331,0.416603713623231,0.0795111338796197,0.0
1690209709812506162,683331,0.4167258602477226,0.0794140873944041,0.0
1690209709818135458,683332,0.4167526663113303,0.0793716768748455,0.0
1690209709818693231,683332,0.4167142897700492,0.07941407429648951,0.0
1690209709819058037,683332,0.4167262893689877,0.07936270800995321,0.0
1690209709819247980,683332,0.4167805139427402,0.07932473933915432,0.0
1690209709819423122,683332,0.4167527540642324,0.07937516007860557,0.0
1690209709819429531,683332,0.4168118403212233,0.07930585967392853,0.0
1690209709819441886,683332,0.4168631798645079,0.07925118651476987,0.0
1690209709819573354,683332,0.4169335460991151,0.07922290889691005,0.0
1690209709819761048,683332,0.4169991874646353,0.07914754596195693,0.0
1690209709819775716,683332,0.41700891865851364,0.07916039229855995,0.0
1690209709828380596,683333,0.4170787589831685,0.07907973563923192,0.0
1690209709828864465,683333,0.4171241476896262,0.07899336881327741,0.0
1690209709829318284,683333,0.41713477517944525,0.07902052670649848,0.0
1690209709829498990,683333,0.41708498484021106,0.07904833480977193,0.0
1690209709829687190,683333,0.4171139094015148,0.07897019312940147,0.0
1690209709830511204,683333,0.4170689758477888,0.07898679320929723,0.0
1690209709830657072,683333,0.41710378652214775,0.07894387777301229,0.0
1690209709830914873,683333,0.41707793101472196,0.07893532445729758,0.0
1690209709830934088,683333,0.4170215017509927,0.07896017854158893,0.0
1690209709830952868,683333,0.41703029070853687,0.07886958538614153,0.0
1690209709834643108,683334,0.41703475890669833,0.07881792361572292,0.0
1690209709835536439,683334,0.41702694009997215,0.07878820047921459,0.0
1690209709835573890,683334,0.4170056421481889,0.07875636306518762,0.0
1690209709836284533,683334,0.4170304223115325,0.07867168587069467,0.0
1690209709836292754,683334,0.4170855431866145,0.07862985156405618,0.0
1690209709836302025,683334,0.417125381780893,0.07856014960643949,0.0
1690209709836308433,683334,0.41712218484502567,0.07858326224050294,0.0
1690209709836316794,683334,0.41717398359690494,0.07848983217893768,0.0
1690209709836325510,683334,0.41721478126621686,0.07845683380576719,0.0
1690209709836344337,683334,0.41722956906278424,0.07846671270554421,0.0
1690209709843544329,683335,0.4172195088817551,0.07846909288506336,0.0
1690209709844433641,683335,0.41722975929487405,0.07842711899205183,0.0
1690209709844576279,683335,0.4172509209238533,0.07842512782634879,0.0
1690209709844784041,683335,0.4173812146706978,0.07831412077308358,0.0
1690209709845087398,683335,0.4174025577063188,0.07834138051650551,0.0
1690209709845108583,683335,0.41747943794737463,0.07830764183560693,0.0
1690209709845131065,683335,0.41751613652016695,0.07827612866441898,0.0
1690209709845148108,683335,0.41758113066923086,0.0783162139702634,0.0
1690209709845163972,683335,0.4175296515782067,0.07840944984817035,0.0
1690209709845176781,683335,0.41752063287097646,0.07842753520343065,0.0
1690209709852285507,683336,0.4174617977464063,0.07852653835531397,0.0
1690209709852478705,683336,0.41744283093746914,0.07858696478418387,0.0
1690209709852789060,683336,0.41739717503816226,0.07866112495034304,0.0
1690209709852806410,683336,0.4173663228014964,0.07871368286876337,0.0
1690209709852821222,683336,0.41734814458118613,0.07871906650497482,0.0
1690209709852832646,683336,0.4173370785061247,0.07874847629174737,0.0
1690209709852844684,683336,0.4172803002365553,0.07884925486529948,0.0
1690209709852855918,683336,0.4172282052028418,0.07889456193071172,0.0
1690209709852870281,683336,0.41713613607584893,0.07899440629309205,0.0
1690209709852885917,683336,0.4170518183227395,0.07911881352752095,0.0
1690209709859689796,683337,0.4170047907710984,0.07914985990565768,0.0
1690209709860052450,683337,0.4168288052728184,0.07931760802266967,0.0
1690209709860273735,683337,0.41673853087568813,0.0793663371134339,0.0
1690209709860411382,683337,0.4167016368939558,0.0793385248536087,0.0
1690209709860814542,683337,0.4166455462400191,0.07940192652414807,0.0
1690209709861165802,683337,0.4166232523229304,0.07942278312019566,0.0
1690209709861255299,683337,0.4166428334171538,0.07935073870454223,0.0
1690209709861435848,683337,0.4166365481915162,0.07936602561672981,0.0
1690209709861454093,683337,0.4167500918910437,0.07927284470103356,0.0
1690209709861472503,683337,0.4167876543897743,0.07921879272601332,0.0
1690209709867238868,683338,0.4167415697272067,0.07929378688715533,0.0
1690209709868160896,683338,0.4167576096672583,0.07921567941457065,0.0
1690209709868320855,683338,0.4167542505380373,0.07923708794512781,0.0
1690209709868541283,683338,0.41674891020421,0.07925791772595946,0.0
1690209709868559513,683338,0.4167995913564804,0.07915151294370551,0.0
1690209709868573982,683338,0.4168479559392519,0.07912006995541779,0.0
1690209709868588899,683338,0.41690808315179967,0.07909428072008012,0.0
1690209709868630636,683338,0.41700580148483485,0.07897452907720684,0.0
1690209709868639401,683338,0.4169745576850511,0.07904646548680397,0.0
1690209709868645848,683338,0.4170280360080843,0.07899719085725995,0.0
1690209709875749515,683339,0.41707488523725744,0.07896935527343205,0.0
1690209709875929372,683339,0.41709646409526063,0.07901365705910089,0.0
1690209709876527082,683339,0.4170740946606013,0.0790098222634452,0.0
1690209709876606266,683339,0.4171318746532543,0.07895102641771518,0.0
1690209709876823701,683339,0.417149243797169,0.07897006494649578,0.0
1690209709876831261,683339,0.41723138888437605,0.07888425840297741,0.0
1690209709876840325,683339,0.4171972597093314,0.07893177562006426,0.0
1690209709876850181,683339,0.41720745889627364,0.07890605208944446,0.0
1690209709876856815,683339,0.41727383962259357,0.0788248501785731,0.0
1690209709876865331,683339,0.41728908769371903,0.07884342405196375,0.0
1690209709884477887,683340,0.41725301219398697,0.07887528423794819,0.0
1690209709885636093,683340,0.41726447613043366,0.07881972896152388,0.0
1690209709885912110,683340,0.41722694583553716,0.07886119473024283,0.0
1690209709886068112,683340,0.41726424151862757,0.07882672936879512,0.0
1690209709886617469,683340,0.41722702028702796,0.07883755843949806,0.0
1690209709886642711,683340,0.4171721233363547,0.07886082649516728,0.0
1690209709886653085,683340,0.41720976931838705,0.0787593962881797,0.0
1690209709886678925,683340,0.4172208384136886,0.07871581452755785,0.0
1690209709886686011,683340,0.4172028768208129,0.07871020465857866,0.0
1690209709886700873,683340,0.41719667347378253,0.07865688046979022,0.0
1690209709893990562,683341,0.41720075407934604,0.07861344963079063,0.0
1690209709894564175,683341,0.4172445980053115,0.07858095831193422,0.0
1690209709895208193,683341,0.41722051474407246,0.07856570020756111,0.0
1690209709895563287,683341,0.41717451045893744,0.07861487793970234,0.0
1690209709895572584,683341,0.4171848108564814,0.07853516469261436,0.0
1690209709895677344,683341,0.4172158535283591,0.07848072310116644,0.0
1690209709895942900,683341,0.4172139694024273,0.07846030401319866,0.0
1690209709895952733,683341,0.4171952191293467,0.07846579865329105,0.0
1690209709895969910,683341,0.4172266180499984,0.07837871510299682,0.0
1690209709895978588,683341,0.41728344002347656,0.07834618755766394,0.0
1690209709900916667,683342,0.4173598371027189,0.07826202145391808,0.0
1690209709902011238,683342,0.417377483330734,0.07827207067475665,0.0
1690209709902139733,683342,0.41743672903026896,0.078217954105048,0.0
1690209709902159731,683342,0.4175010736938103,0.07818003404693877,0.0
1690209709902531400,683342,0.41758262517562805,0.07819145659460532,0.0
1690209709902560469,683342,0.4175585625252456,0.07821868855193821,0.0
1690209709902590404,683342,0.41756777530009237,0.07818215306859236,0.0
1690209709902596334,683342,0.41752375167806327,0.07823504478810786,0.0
1690209709902600674,683342,0.4176235092629419,0.07817156957967634,0.0
1690209709902628058,683342,0.41759357680196035,0.07820115641290702,0.0
1690209709910741174,683343,0.41757167256766076,0.07826464739000706,0.0
1690209709911320291,683343,0.41760229717238695,0.07820365366687151,0.0
1690209709911801243,683343,0.41766184126244943,0.07825069445228691,0.0
1690209709912710311,683343,0.41761454455683744,0.07832668985292766,0.0
1690209709912767052,683343,0.41758478895290085,0.07837635927573118,0.0
1690209709913233327,683343,0.4175077793423175,0.07848574586325978,0.0
1690209709913245662,683343,0.41752484029719206,0.0785044657046819,0.0
1690209709913253300,683343,0.4174563192199713,0.07853527702638463,0.0
1690209709913273624,683343,0.417290806769177,0.07874135214355886,0.0
1690209709913298879,683343,0.41729490308514383,0.07867049026790857,0.0
1690209709921892768,683344,0.41730075441561576,0.07871464954487944,0.0
1690209709921973645,683344,0.41726933772215474,0.07879806782826777,0.0
1690209709922112683,683344,0.4172209206753673,0.07884258305818352,0.0
1690209709922128432,683344,0.4171777117742231,0.07892146199615309,0.0
1690209709922325367,683344,0.41710836153746744,0.07902752692823375,0.0
1690209709922384463,683344,0.41708364488795635,0.07902577695913025,0.0
1690209709922500955,683344,0.41686067707407315,0.07924379370828767,0.0
1690209709922512017,683344,0.4168079620803708,0.07922642453423209,0.0
1690209709922529157,683344,0.41677219969242396,0.07924174952014701,0.0
1690209709922536125,683344,0.41671188124012004,0.07932886551886978,0.0
1690209709927791382,683345,0.41666339173158595,0.07937109298085752,0.0
1690209709928110318,683345,0.4166199671709096,0.07940273952512382,0.0
1690209709928927179,683345,0.41654539785835726,0.07949981639021159,0.0
1690209709929683614,683345,0.41654851202574955,0.07948175390741749,0.0
1690209709929808483,683345,0.4164067058323868,0.07960186336702992,0.0
1690209709930249920,683345,0.4163360883156818,0.07966445809399873,0.0
1690209709930289402,683345,0.41632143232974017,0.07962922812542969,0.0
1690209709930300254,683345,0.4162918659571741,0.07967114828557491,0.0
1690209709930318513,683345,0.4162627555632621,0.0796856350498416,0.0
1690209709930328031,683345,0.4163064258962427,0.07959705699053071,0.0
1690209709934914942,683346,0.4163394238110697,0.07957597475372105,0.0
1690209709935200537,683346,0.41644870553719865,0.07949468261597822,0.0
1690209709935473085,683346,0.4165109966598476,0.07940677731847222,0.0
1690209709935788296,683346,0.4164913807246632,0.07945810215416346,0.0
1690209709935878596,683346,0.41653925285543075,0.07939250700037719,0.0
1690209709936095980,683346,0.416616101489695,0.07933312318807789,0.0
1690209709936110323,683346,0.41662065466908577,0.07936294549282148,0.0
1690209709936117008,683346,0.41663881982273754,0.07934315318498152,0.0
1690209709936123672,683346,0.4166766722982769,0.07928658306680163,0.0
1690209709936136453,683346,0.4167398244440766,0.07926209489385176,0.0
1690209709944443066,683347,0.4168337361043757,0.0791593633802857,0.0
1690209709945856086,683347,0.41683637810934526,0.07919171518016223,0.0
1690209709945988683,683347,0.41687595167452285,0.07914623143382998,0.0
1690209709946568097,683347,0.41694742508728966,0.07906439433226635,0.0
1690209709946592540,683347,0.4169357402038063,0.07911529176961496,0.0
1690209709946603740,683347,0.416911826180144,0.07912418127634614,0.0
1690209709946637949,683347,0.4169364474598425,0.07907046876382624,0.0
1690209709946650555,683347,0.41689697091343825,0.07911685265807256,0.0
1690209709946667053,683347,0.4169144362863048,0.07911436044366316,0.0
1690209709946700387,683347,0.4168762707326077,0.07912424129222483,0.0
1690209709953569976,683348,0.4168294052264568,0.07915107554607635,0.0
1690209709953707040,683348,0.4168684212949735,0.07903153733189026,0.0
1690209709954111604,683348,0.41687573255048604,0.0790028492011548,0.0
1690209709954129871,683348,0.4168754295652859,0.07896522382518793,0.0
1690209709954137834,683348,0.41684557326394883,0.07892305672768912,0.0
1690209709954149870,683348,0.41683911142037106,0.07885598526385457,0.0
1690209709954163941,683348,0.41688440697813833,0.07879472873137752,0.0
1690209709954172732,683348,0.41696266704033313,0.07868299602116172,0.0
1690209709954192095,683348,0.41693408113000174,0.07871268176126243,0.0
1690209709954215009,683348,0.4169923631057041,0.07861131842399784,0.0
1690209709960487041,683349,0.4170565181246264,0.07852129469791258,0.0
1690209709960739501,683349,0.41709276759072245,0.07851537405619846,0.0
1690209709961127817,683349,0.41707394327111125,0.07850098671356441,0.0
1690209709961144949,683349,0.41707775638864375,0.07845653310091212,0.0
1690209709961157187,683349,0.41715577552649347,0.07839839938633644,0.0
1690209709961166832,683349,0.41727939926561175,0.07826089054368834,0.0
1690209709961174006,683349,0.4172788329598665,0.07829753239738187,0.0
1690209709961204294,683349,0.4173448798995857,0.0782595631019647,0.0
1690209709961214944,683349,0.4174379496057369,0.07819447148140533,0.0
1690209709961224649,683349,0.4175069778080235,0.07822228188827078,0.0
1690209709968048559,683350,0.417479679534675,0.07828227976361207,0.0
1690209709968541505,683350,0.4175018464819261,0.07826343322512862,0.0
1690209709969128569,683350,0.41750367924049314,0.0782856520123802,0.0
1690209709969393075,683350,0.417529345958404,0.07827566483328942,0.0
1690209709969718615,683350,0.4175178398157319,0.07834227379526783,0.0
1690209709969727565,683350,0.4175131736990685,0.07837749885613057,0.0
1690209709969732191,683350,0.4175639764931045,0.07836035640867768,0.0
1690209709969753974,683350,0.41757418356670123,0.07841921220737243,0.0
1690209709969760715,683350,0.4175282834583547,0.07854798818932884,0.0
1690209709969954800,683350,0.4175078215873737,0.07856775911912421,0.0
1690209709976074845,683351,0.4174184428890509,0.07867744943588786,0.0
1690209709976370902,683351,0.4173010107714818,0.07882686078703453,0.0
1690209709977056281,683351,0.41723536261630595,0.07893898611026078,0.0
1690209709977164918,683351,0.4170653753046633,0.07911041183504111,0.0
1690209709977349043,683351,0.41698312458734005,0.0791737469948653,0.0
1690209709977366651,683351,0.4169556427779847,0.07919530114148497,0.0
1690209709977613880,683351,0.4168820473829961,0.07932639826181233,0.0
1690209709977727606,683351,0.41685485047423465,0.0793619196471947,0.0
1690209709978068717,683351,0.41670656109350224,0.0794801614480329,0.0
1690209709978085779,683351,0.4166233822822825,0.07960608147440794,0.0
1690209709984515605,683352,0.41656923252796896,0.07963879249652901,0.0
1690209709985827588,683352,0.4164591069450026,0.07974606835442553,0.0
1690209709985860412,683352,0.41632649083587436,0.07982374892473558,0.0
1690209709986125489,683352,0.4162964362081218,0.07981201249931298,0.0
1690209709986480923,683352,0.41629306977376346,0.07983316353226545,0.0
1690209709986490849,683352,0.41625446721041964,0.07985958451291032,0.0
1690209709986495813,683352,0.4161800926111027,0.07988882747340229,0.0
1690209709986598285,683352,0.4161946561355399,0.07989381479384977,0.0
1690209709986611934,683352,0.41624469469088854,0.07984200314535277,0.0
1690209709986620853,683352,0.41621750315730793,0.07985068131962478,0.0
1690209709993646994,683353,0.4161505288614251,0.07989458647858226,0.0
1690209709994094422,683353,0.41612447656024915,0.07989372996201777,0.0
1690209709995208371,683353,0.41616577487538814,0.07986312690501648,0.0
1690209709995432377,683353,0.41612166784969895,0.07992103213646352,0.0
1690209709995858973,683353,0.41618605362126254,0.07986496422494946,0.0
1690209709995880463,683353,0.41623097853100266,0.07982591335080533,0.0
1690209709995888973,683353,0.4163452447344516,0.07973873640442908,0.0
1690209709995921689,683353,0.41636652367101157,0.0797007523435076,0.0
1690209709995943563,683353,0.4163902308332625,0.0797284341998909,0.0
1690209709995956760,683353,0.4164668921795004,0.0796498446382427,0.0
1690209710001074201,683354,0.4165525606609603,0.07955451896325404,0.0
1690209710001516935,683354,0.41652209109770666,0.07961298031011842,0.0
1690209710001888843,683354,0.41657389329528494,0.07955872371287562,0.0
1690209710002538922,683354,0.4166076923719567,0.07948723108888141,0.0
1690209710002697359,683354,0.4166630276722288,0.07943722956069654,0.0
1690209710002709910,683354,0.41674587574142935,0.07936429659548762,0.0
1690209710002715899,683354,0.41673150636315437,0.07939110385663703,0.0
1690209710006481169,683354,0.4167879072874189,0.07928994836149017,0.0
1690209710006671868,683354,0.41678178757902906,0.07922262513262142,0.0
1690209710006678365,683354,0.41678339148105936,0.07924206047903018,0.0
1690209710010522807,683355,0.41677077515624494,0.07919391733859,0.0
1690209710010533647,683355,0.4167610836967525,0.07913351936216532,0.0
1690209710010544003,683355,0.416723457296527,0.07913357899378996,0.0
1690209710010550090,683355,0.4168051978918524,0.07904193446675205,0.0
1690209710010559388,683355,0.4168874720564951,0.0789400087296305,0.0
1690209710010566202,683355,0.41685957778704896,0.07891142409679236,0.0
1690209710010591271,683355,0.41692361375462794,0.07882367264191727,0.0
1690209710010595221,683355,0.41700365770134057,0.07872571500766286,0.0
1690209710010610276,683355,0.41703733836958623,0.07869593853671895,0.0
1690209710010626324,683355,0.41703561776701753,0.07863172576881984,0.0
1690209710018176651,683356,0.4170213744301231,0.07863807221580348,0.0
1690209710018518076,683356,0.41709529367830767,0.0785610217430211,0.0
1690209710018778609,683356,0.4171987718691569,0.07842236773526987,0.0
1690209710019320977,683356,0.41712723577352717,0.0784822168639555,0.0
1690209710019415119,683356,0.4171849147576431,0.07845895697417099,0.0
1690209710019619112,683356,0.4172891808514119,0.07832924262024538,0.0
1690209710019630884,683356,0.41733245471343317,0.07836043788377507,0.0
1690209710019648288,683356,0.41731578411918147,0.07837369865851801,0.0
1690209710019653911,683356,0.4173246429480108,0.07836973906284615,0.0
1690209710019660490,683356,0.4174105006541875,0.07831376695335732,0.0
1690209710025410375,683357,0.4174186065421847,0.07829085894074539,0.0
1690209710025506367,683357,0.41740250959634345,0.07835347148214386,0.0
1690209710025972860,683357,0.41734709904860723,0.07844104105927385,0.0
1690209710026077041,683357,0.4174285985318034,0.07838181817339084,0.0
1690209710026339639,683357,0.4174231843524858,0.07843036481006699,0.0
1690209710026346788,683357,0.41739896162903123,0.07853925831517328,0.0
1690209710026351219,683357,0.41737197192992687,0.07855702884256656,0.0
1690209710026362085,683357,0.4173964530344263,0.07855903314860326,0.0
1690209710026373837,683357,0.4172974434990696,0.07867955481164002,0.0
1690209710026396455,683357,0.4172605085493621,0.0787951841490585,0.0
1690209710036363676,683358,0.4171272477012061,0.07894983121269564,0.0
1690209710037185555,683358,0.4171210748126843,0.07898360772771053,0.0
1690209710037318814,683358,0.4170915803892498,0.07903979425546727,0.0
1690209710037687989,683358,0.4170274529546023,0.07919130609122792,0.0
1690209710037695232,683358,0.4170038324208336,0.0792228757826328,0.0
1690209710037713802,683358,0.4169015774718983,0.07933059038355009,0.0
1690209710037720025,683358,0.41680729241625475,0.0794770719026799,0.0
1690209710037750941,683358,0.4167482259474449,0.07957703611429345,0.0
1690209710037758031,683358,0.41658638992492,0.07974305455160191,0.0
1690209710037765098,683358,0.41651601666435273,0.07980615888165486,0.0
1690209710044043186,683359,0.41649689982103527,0.07983768888032274,0.0
1690209710044396941,683359,0.41643826054752464,0.07994781269018685,0.0
1690209710044696831,683359,0.4164186782529742,0.07998188431871296,0.0
1690209710044837298,683359,0.4162713298435491,0.08010556256059702,0.0
1690209710044969607,683359,0.4161807936895665,0.08023609459298875,0.0
1690209710044974639,683359,0.4161080472836505,0.08031006523175582,0.0
1690209710044978506,683359,0.4159956809315235,0.08040687279528601,0.0
1690209710044981219,683359,0.4158646641255715,0.08049106430758161,0.0
1690209710044991349,683359,0.4158452049354958,0.08051294187248488,0.0
1690209710045005291,683359,0.4157848710070345,0.08058251404192741,0.0
1690209710050906466,683360,0.41575357891649,0.08062020782490609,0.0
1690209710051012088,683360,0.4156029622834132,0.08073489473419188,0.0
1690209710051517011,683360,0.4156053572352387,0.08077772473917066,0.0
1690209710051605062,683360,0.4156089577235152,0.08075861267513285,0.0
1690209710051734064,683360,0.4155851015012783,0.08078979082013071,0.0
1690209710051744427,683360,0.41547430367745064,0.08086089839787117,0.0
1690209710051750565,683360,0.4154661136581835,0.08082701640907805,0.0
1690209710051763382,683360,0.41548179074298885,0.08083202705737393,0.0
1690209710051768915,683360,0.41543470728038356,0.08087018556267339,0.0
1690209710051772169,683360,0.4154321598714278,0.08082742971277421,0.0
1690209710059202120,683361,0.4154586957178782,0.08080686818544107,0.0
1690209710059615046,683361,0.41554619920169655,0.08072904676302024,0.0
1690209710059850197,683361,0.4155429098976898,0.08071880776096729,0.0
1690209710059992320,683361,0.4155222074853827,0.08075220434552213,0.0
1690209710060767354,683361,0.41552140948254235,0.08073213887763472,0.0
1690209710060910854,683361,0.41555261747306355,0.08072626344629179,0.0
1690209710061188917,683361,0.41551509785663165,0.08077903536232937,0.0
1690209710061202808,683361,0.4155664346642124,0.08073666828562077,0.0
1690209710061217228,683361,0.41560244615315245,0.08068211567909986,0.0
1690209710061231859,683361,0.4157286808809959,0.08057729146083525,0.0
1690209710070245920,683362,0.415740740014628,0.08057493883709638,0.0
1690209710070278249,683362,0.4157086196157965,0.0806165441603617,0.0
1690209710070644841,683362,0.4157319490602235,0.08056400977095159,0.0
1690209710070652880,683362,0.41579092561478737,0.08048985468068726,0.0
1690209710070661586,683362,0.41572698302472666,0.08054858879513395,0.0
1690209710070673542,683362,0.41579380972491403,0.08048898610395912,0.0
1690209710070684531,683362,0.41583955759167907,0.0804114617516561,0.0
1690209710070690264,683362,0.41596237294286104,0.08028791606533359,0.0
1690209710070695386,683362,0.41601000211565453,0.08024621697991738,0.0
1690209710070703826,683362,0.41603124520515233,0.08024585876590302,0.0
1690209710076400541,683363,0.41611240325010834,0.08013589973602005,0.0
1690209710076414756,683363,0.4160945498559086,0.08007336441697659,0.0
1690209710076422209,683363,0.4161364010523686,0.0800766351493853,0.0
1690209710076502652,683363,0.4161565699876701,0.0800036021717079,0.0
1690209710076700453,683363,0.41617344482114177,0.0799247148968138,0.0
1690209710076763304,683363,0.41618447861846924,0.07987877572071926,0.0
1690209710076836213,683363,0.41626168644978423,0.07978961210229737,0.0
1690209710076846856,683363,0.4163433751169919,0.07969014911600948,0.0
1690209710076853189,683363,0.41637547689638144,0.07959918407532172,0.0
1690209710076866301,683363,0.4164221955243017,0.07952512960057927,0.0
1690209710085360464,683364,0.4165111753194912,0.0794728185309771,0.0
1690209710086833074,683364,0.4165485754862459,0.07943075800763848,0.0
1690209710087101647,683364,0.41653627696388695,0.07938612265377135,0.0
1690209710087486185,683364,0.4164976355705263,0.07941767187824648,0.0
1690209710087501263,683364,0.4165773503770115,0.07932784077175724,0.0
1690209710087519676,683364,0.4167090098777614,0.07919272588060194,0.0
1690209710087549676,683364,0.4166702754245435,0.07919003911929533,0.0
1690209710087564764,683364,0.416698643866515,0.07919035048649005,0.0
1690209710087592034,683364,0.416840589707317,0.07907067342950481,0.0
1690209710087605381,683364,0.41685477689184725,0.07908659842710766,0.0
1690209710092426352,683365,0.4168749128295544,0.07906432505913136,0.0
1690209710092930044,683365,0.41681331651888964,0.07914576977850994,0.0
1690209710093033432,683365,0.41689704453392096,0.0790776238350347,0.0
1690209710093395069,683365,0.41685439568727517,0.07910349721611495,0.0
1690209710093493986,683365,0.4167938065406997,0.07915381013279461,0.0
1690209710093703200,683365,0.41668677086333583,0.07924802419612126,0.0
1690209710093711969,683365,0.41674453611776624,0.07919855278174531,0.0
1690209710093716934,683365,0.4167040477229349,0.07921698987637485,0.0
1690209710093721420,683365,0.4166633832575167,0.07926983299737754,0.0
1690209710093728487,683365,0.41662665454253645,0.07930142484545771,0.0
1690209710101273322,683366,0.4166653697989051,0.07925871708958133,0.0
1690209710101504774,683366,0.41658816866609566,0.07934089688318342,0.0
1690209710102172700,683366,0.41648106387946626,0.07947630748216401,0.0
1690209710102623025,683366,0.4164774594957582,0.07945567607647754,0.0
1690209710102787493,683366,0.4164153443795358,0.07951081504326445,0.0
1690209710103054686,683366,0.41637953639749975,0.07953215124608243,0.0
1690209710103369430,683366,0.41635343263110247,0.07956765054661487,0.0
1690209710103383743,683366,0.41636565407438997,0.07956356670035859,0.0
1690209710103391835,683366,0.4163778503487092,0.07950067467925295,0.0
1690209710103425199,683366,0.41639056751313563,0.07952311376456782,0.0
1690209710110057503,683367,0.41631913128928344,0.079650521393484,0.0
1690209710111075193,683367,0.416390027992364,0.07956940563115539,0.0
1690209710111243729,683367,0.4163342644955559,0.07964287056302305,0.0
1690209710111322106,683367,0.4163021065731087,0.07969926991954915,0.0
1690209710111483114,683367,0.41628794174997125,0.07976516603894099,0.0
1690209710111802124,683367,0.4162892398530209,0.07976455067050041,0.0
1690209710111913841,683367,0.41626822674122455,0.07977394231645789,0.0
1690209710112106199,683367,0.41626227327201426,0.07981489443129747,0.0
1690209710112121064,683367,0.41626674385080487,0.07990868558088135,0.0
1690209710112139421,683367,0.41632820327028386,0.07985292743689126,0.0
1690209710118213395,683368,0.41629667857420954,0.07992300872134918,0.0
1690209710118636870,683368,0.41630934300445976,0.07996145611994168,0.0
1690209710118738052,683368,0.4163508703644302,0.07998740780695976,0.0
1690209710119548118,683368,0.41633258690639996,0.08001710866758895,0.0
1690209710119642304,683368,0.41626980960175314,0.08009699639576229,0.0
1690209710119748362,683368,0.4162756706727006,0.0801351992273191,0.0
1690209710120011349,683368,0.4162642383791832,0.08022915866792067,0.0
1690209710120028572,683368,0.4162561471433318,0.08024506851183216,0.0
1690209710120048997,683368,0.41618785066497593,0.08031869528061246,0.0
1690209710120062122,683368,0.41618339224763073,0.08038929840492226,0.0
1690209710126175815,683369,0.41623518426415224,0.08039374231588581,0.0
1690209710126471082,683369,0.4162122401363037,0.08044359976435064,0.0
1690209710127031292,683369,0.4160935637886968,0.08061476828775822,0.0
1690209710127148113,683369,0.41609340461181066,0.08066527879245361,0.0
1690209710127604230,683369,0.4160541563078849,0.08072755139037961,0.0
1690209710127801738,683369,0.41600205898896536,0.08078975301027574,0.0
1690209710127986542,683369,0.415903800338844,0.08085874775576979,0.0
1690209710127998006,683369,0.41591510862432135,0.08091650113443727,0.0
1690209710128006934,683369,0.4159511531951521,0.08089284572003204,0.0
1690209710128031466,683369,0.41589017379550164,0.08095361763603565,0.0
1690209710134843373,683370,0.41573842437390923,0.08113251078708983,0.0
1690209710135923924,683370,0.4157236704916397,0.08117870360712645,0.0
1690209710136211787,683370,0.4157026145218981,0.08118411454645727,0.0
1690209710136628238,683370,0.4156449079139967,0.08127586987268656,0.0
1690209710136656555,683370,0.4155155234977823,0.08133928847256813,0.0
1690209710136670170,683370,0.4155327976756608,0.08136335620021166,0.0
1690209710136685245,683370,0.4155575003116634,0.08130222052640601,0.0
1690209710136703828,683370,0.4155078647867943,0.08135077078333061,0.0
1690209710136724224,683370,0.41539080812250906,0.0814725806184603,0.0
1690209710136754119,683370,0.41540812187532783,0.08146892267723217,0.0
1690209710144983114,683371,0.4153862399798296,0.08145234086831789,0.0
1690209710146336184,683371,0.4152934715287951,0.08155045039292516,0.0
1690209710146624563,683371,0.4151989175571931,0.08156818041576679,0.0
1690209710146830190,683371,0.415209673660342,0.0815559892477714,0.0
1690209710146841508,683371,0.4152023862418627,0.08149944111851698,0.0
1690209710146855418,683371,0.4151593331506911,0.08152583938670975,0.0
1690209710146875585,683371,0.41510342115711757,0.08154214305683476,0.0
1690209710146886004,683371,0.4151008255427031,0.08152203913710829,0.0
1690209710146909887,683371,0.4151812195708327,0.08136393191935949,0.0
1690209710146918585,683371,0.4151076884869271,0.08143632527952556,0.0
1690209710151418621,683372,0.41513999819653913,0.08133140167544722,0.0
1690209710152522892,683372,0.41514997180745283,0.08126584446839712,0.0
1690209710152643922,683372,0.41519524428177623,0.08116968539652952,0.0
1690209710152902063,683372,0.4151783497474577,0.08115859584638117,0.0
1690209710152912498,683372,0.4152689424940874,0.08108058709842564,0.0
1690209710152918768,683372,0.4152731772524366,0.08100802369043747,0.0
1690209710152932618,683372,0.41539519323406826,0.08084390537709632,0.0
1690209710152959474,683372,0.4153677416725515,0.08085037721506495,0.0
1690209710152968281,683372,0.415522360371387,0.0807026038859183,0.0
1690209710152974016,683372,0.41555155509704605,0.08060609127941086,0.0
1690209710159769668,683373,0.4156291169648401,0.08052976215245039,0.0
1690209710159990349,683373,0.4156785316720681,0.08047057909763607,0.0
1690209710160188181,683373,0.4158343519977937,0.08035496887171802,0.0
1690209710160388873,683373,0.4158435095095518,0.08029705863327088,0.0
1690209710160924234,683373,0.415983940896005,0.08015282763774376,0.0
1690209710161138166,683373,0.4160382678184298,0.08009891824078375,0.0
1690209710161434877,683373,0.4161580145593022,0.07998718056553221,0.0
1690209710161453132,683373,0.4162002656943885,0.07988352717713955,0.0
1690209710161471624,683373,0.4161996650101114,0.0799378653916223,0.0
1690209710161479920,683373,0.41629626061743596,0.07986760402347362,0.0
1690209710170096586,683374,0.4164130082996243,0.07978201477149295,0.0
1690209710171179905,683374,0.41642362406942884,0.07977308581136273,0.0
1690209710171469643,683374,0.41647665214060847,0.07974345540410213,0.0
1690209710171751871,683374,0.4165693388502596,0.07965916111505533,0.0
1690209710172066023,683374,0.4165317549238228,0.0797221379062446,0.0
1690209710172360793,683374,0.4165736064608872,0.07968214021093294,0.0
1690209710172388651,683374,0.4164431420974034,0.07981148980367875,0.0
1690209710172406275,683374,0.416493791302598,0.07981671710775552,0.0
1690209710172425273,683374,0.41645234833039185,0.07978507139993156,0.0
1690209710172444187,683374,0.41641658380018814,0.0798433855905353,0.0
1690209710176697133,683375,0.4163766465552032,0.07989780935945856,0.0
1690209710177245587,683375,0.41644096649631057,0.07980844435749797,0.0
1690209710177588597,683375,0.41638280042995224,0.07987258781858105,0.0
1690209710177961898,683375,0.41630465126864014,0.0799411777872002,0.0
1690209710178079937,683375,0.41626858029843683,0.0799529367209389,0.0
1690209710178367824,683375,0.4162189513949399,0.08000397693987643,0.0
1690209710178380554,683375,0.4161599858746684,0.08001942884137604,0.0
1690209710178389795,683375,0.41610614047370637,0.08007503103449647,0.0
1690209710178398586,683375,0.41606313981530013,0.0801101837147845,0.0
1690209710178405061,683375,0.41605585530546324,0.08006951061397753,0.0
1690209710184369997,683376,0.41607951733690196,0.08005710865755584,0.0
1690209710184653002,683376,0.4159769357296091,0.08017256266338182,0.0
1690209710184777188,683376,0.41606129493400046,0.08007707453793632,0.0
1690209710185348458,683376,0.41602520315323294,0.08009823132993239,0.0
1690209710185623364,683376,0.41597926136937546,0.08014105257108983,0.0
1690209710185638310,683376,0.4160049211404364,0.08013782155475604,0.0
1690209710185643432,683376,0.41599578734346976,0.0801594745761871,0.0
1690209710185661382,683376,0.41600635420569587,0.08014511292651243,0.0
1690209710185697099,683376,0.4160255969466572,0.08013365128588378,0.0
1690209710185703984,683376,0.4159622076417265,0.08023997701878731,0.0
1690209710193120441,683377,0.41605432810348497,0.08014543747301266,0.0
1690209710193406640,683377,0.4160291519121291,0.08013955208671157,0.0
1690209710193584785,683377,0.41600815965143795,0.08016948493020051,0.0
1690209710193900613,683377,0.4160693840493112,0.08011137229730589,0.0
1690209710194903025,683377,0.4160498552416322,0.08012302843790242,0.0
1690209710195042664,683377,0.4160460558580449,0.0801490637917817,0.0
1690209710195059989,683377,0.4160265375474309,0.08015509849228349,0.0
1690209710195214803,683377,0.41599241361395606,0.08024018826130525,0.0
1690209710195241370,683377,0.41600566255842086,0.0802422942600387,0.0
1690209710195248065,683377,0.4159695437808295,0.0802677300809272,0.0
1690209710201193643,683378,0.41596852195291256,0.08030170909466249,0.0
1690209710201393492,683378,0.4160118140295422,0.08025145359502821,0.0
1690209710202145896,683378,0.41598807946744887,0.08026265221479088,0.0
1690209710202318652,683378,0.4160138623259049,0.08025639241163894,0.0
1690209710202709478,683378,0.4159988930155044,0.08025703397053313,0.0
1690209710202722957,683378,0.4160163823521474,0.08028681953966019,0.0
1690209710202749113,683378,0.41602376651440676,0.08030482494946789,0.0
1690209710202766789,683378,0.41600545816536283,0.08033495380277654,0.0
1690209710202774632,683378,0.4160350689908403,0.080325119719575,0.0
1690209710202780042,683378,0.41600455421465027,0.08032734785850067,0.0
1690209710209191691,683379,0.41598883861424246,0.08033283060401537,0.0
1690209710210124788,683379,0.41594504992410747,0.08036236233892513,0.0
1690209710210360875,683379,0.4159260613044977,0.08037182438024053,0.0
1690209710210645420,683379,0.41594343376059656,0.08035302418762022,0.0
1690209710210726543,683379,0.4159302440052898,0.08039209367306312,0.0
1690209710210733206,683379,0.41593094303453076,0.08037371011112594,0.0
1690209710210934185,683379,0.41595829367656334,0.08036365303958774,0.0
1690209710211162164,683379,0.4159620890804076,0.08037186601465512,0.0
1690209710211299728,683379,0.41596259504759403,0.08036654949104172,0.0
1690209710211316018,683379,0.4158991180068388,0.08044532884390698,0.0
1690209710216994096,683380,0.4158771643178245,0.08045037304970573,0.0
1690209710217521008,683380,0.4158570315008431,0.08045602051471891,0.0
1690209710218162844,683380,0.41582900393750905,0.08047490341250622,0.0
1690209710218374279,683380,0.41590342970492555,0.08036728087612563,0.0
1690209710218627847,683380,0.4159225197168238,0.08035252744542822,0.0
1690209710218647788,683380,0.41595412425432365,0.08033219609135875,0.0
1690209710218658047,683380,0.41598905131781394,0.08029276815836343,0.0
1690209710218677502,683380,0.41590765171393734,0.08040672084105303,0.0
1690209710218691653,683380,0.41588872860355414,0.08041466486217619,0.0
1690209710218702357,683380,0.4158694230933043,0.08036589412730923,0.0
1690209710227436152,683381,0.4158121426964451,0.0804062444747335,0.0
1690209710227910007,683381,0.4158813254798964,0.08026952417659496,0.0
1690209710228261552,683381,0.41589716177089164,0.0802208273123866,0.0
1690209710228540606,683381,0.41592422138334406,0.08022252804775118,0.0
1690209710228939574,683381,0.41597957348762093,0.08016211998726404,0.0
1690209710229075617,683381,0.4160061294061791,0.08020065165310986,0.0
1690209710229098827,683381,0.4159955883901758,0.08019044745896246,0.0
1690209710229111647,683381,0.41602773197532533,0.08011224761862298,0.0
1690209710229127226,683381,0.4159933942099182,0.08015511019565268,0.0
1690209710229138850,683381,0.4160288517295494,0.08008608916187016,0.0
1690209710234191518,683382,0.4160300399820127,0.08004489575328108,0.0
1690209710234642847,683382,0.41599396828795343,0.08010198408394278,0.0
1690209710235435038,683382,0.41602781177480747,0.0800565329300219,0.0
1690209710235591503,683382,0.41610547904466255,0.0800168065803993,0.0
1690209710235604758,683382,0.41608183869490734,0.08005795309271464,0.0
1690209710235813177,683382,0.41618103012966257,0.07995502539507866,0.0
1690209710235819861,683382,0.41614795974600766,0.0799817621729202,0.0
1690209710235823796,683382,0.4160640486634093,0.08005855364645176,0.0
1690209710235840898,683382,0.41608207748818904,0.08002055619025993,0.0
1690209710235851977,683382,0.41596819794413087,0.08013365440256284,0.0
1690209710242885423,683383,0.4159559411380089,0.0801564505986171,0.0
1690209710243615655,683383,0.41601845122505576,0.08007690230088728,0.0
1690209710243691318,683383,0.41599078876130685,0.08012119455956737,0.0
1690209710243807946,683383,0.4160676687189731,0.0800577317006327,0.0
1690209710243986506,683383,0.4161281332613261,0.07998457965563241,0.0
1690209710243999597,683383,0.41609025105252756,0.08006773746713504,0.0
1690209710244006406,683383,0.4161202396445959,0.08003726484730057,0.0
1690209710244012926,683383,0.41611526568030244,0.08001581860335771,0.0
1690209710244028163,683383,0.4161414245242805,0.08004274141971844,0.0
1690209710244048398,683383,0.4161398751510905,0.07998445611330293,0.0
1690209710250213691,683384,0.41611726631071977,0.08001732209885516,0.0
1690209710251165799,683384,0.4161296130932155,0.08002661961199103,0.0
1690209710251612140,683384,0.41618391602002447,0.07993697429263892,0.0
1690209710251903227,683384,0.41615149044387995,0.08000640307504407,0.0
1690209710252155272,683384,0.4161310186767194,0.0800207392428567,0.0
1690209710252173995,683384,0.41611020600700394,0.08000376865529796,0.0
1690209710252187666,683384,0.4160558311717935,0.08008445028639222,0.0
1690209710252197506,683384,0.4160105394417211,0.08009085761166393,0.0
1690209710252205657,683384,0.41601364591911527,0.08009097044755177,0.0
1690209710252238639,683384,0.41594665177560036,0.08016536015663354,0.0
1690209710260426576,683385,0.4159452649720091,0.08010446302361678,0.0
1690209710261108393,683385,0.41595015490780296,0.08010478510378305,0.0
1690209710261256682,683385,0.41584510133659086,0.08022195834622238,0.0
1690209710261469650,683385,0.41594686116280555,0.08010929929441953,0.0
1690209710261684664,683385,0.4159200511947768,0.08012682008394932,0.0
1690209710262208760,683385,0.4158820943686693,0.0801623426315924,0.0
1690209710262215551,683385,0.4159099561834043,0.08015193405542835,0.0
1690209710262442407,683385,0.41591555844779865,0.08016068726807063,0.0
1690209710262461253,683385,0.41592420595055096,0.08014549051342464,0.0
1690209710262470260,683385,0.4159329048182484,0.08015231809983565,0.0
1690209710267764535,683386,0.41591106672011824,0.08025135208122075,0.0
1690209710268798763,683386,0.4159877737957458,0.08019057091092237,0.0
1690209710268985619,683386,0.4159774756851592,0.08022215617082365,0.0
1690209710269268728,683386,0.41597677758672336,0.08025311380860414,0.0
1690209710269280518,683386,0.41604166535616616,0.08023667177177052,0.0
1690209710269293132,683386,0.4160287406000855,0.08025016653591015,0.0
1690209710269310039,683386,0.41601529016126926,0.08029107070778568,0.0
1690209710269323172,683386,0.41600889963259696,0.080314944071376,0.0
1690209710269332180,683386,0.41602265894728285,0.08037975972245108,0.0
1690209710269343910,683386,0.4160361399498316,0.08039145546687759,0.0
1690209710278067647,683387,0.4159842960979768,0.08045601576023767,0.0
1690209710278678123,683387,0.4159743278495341,0.0805177434860072,0.0
1690209710279621667,683387,0.4160178735155921,0.08049502492195239,0.0
1690209710279874200,683387,0.41598320352576557,0.08053839961516786,0.0
1690209710279885516,683387,0.4158905803740376,0.08065615756403889,0.0
1690209710279892683,683387,0.41589577117912885,0.08067218011113025,0.0
1690209710280190146,683387,0.41588850305324615,0.08068196274878911,0.0
1690209710280204085,683387,0.41587021116591205,0.08074098081971562,0.0
1690209710280212658,683387,0.4158051888005225,0.08077291138023074,0.0
1690209710280279172,683387,0.4158262017695276,0.08077669568208394,0.0
1690209710287911159,683388,0.4157981713069161,0.08075430978720692,0.0
1690209710287920763,683388,0.41575102566813626,0.08079705606407897,0.0
1690209710287926827,683388,0.41563091173865385,0.08089196515182245,0.0
1690209710287951685,683388,0.41561581454825075,0.08089434694466392,0.0
1690209710288035500,683388,0.4155888508655774,0.08083904444799977,0.0
1690209710288256880,683388,0.41548632295844223,0.08094849894074697,0.0
1690209710288286770,683388,0.415455228313623,0.08089971725241071,0.0
1690209710288294924,683388,0.4154884684814133,0.08083918215671038,0.0
1690209710288302353,683388,0.41551555224757664,0.08075293479566241,0.0
1690209710288313725,683388,0.415464619797128,0.08076678731063118,0.0
1690209710295643691,683389,0.4155145921259927,0.08071044401211229,0.0
1690209710295778075,683389,0.4155272815087594,0.08064273820423262,0.0
1690209710296124205,683389,0.41565689106007575,0.08044651728430079,0.0
1690209710296138055,683389,0.41559240394515057,0.08050469111521827,0.0
1690209710296147670,683389,0.4156876316751763,0.08038808430918103,0.0
1690209710296157215,683389,0.4157248162713321,0.08028524427839012,0.0
1690209710296182042,683389,0.41577231549615534,0.08020916556073286,0.0
1690209710296199691,683389,0.4157975006112319,0.08016270761586401,0.0
1690209710296209478,683389,0.4159113766705568,0.08008235361328993,0.0
1690209710296233752,683389,0.4159129067913322,0.08001822723919849,0.0
1690209710302929575,683390,0.4160578689666292,0.0798313452450589,0.0
1690209710303015921,683390,0.4160511783623152,0.07982281705220397,0.0
1690209710303293047,683390,0.4161737508573752,0.07968358247626026,0.0
1690209710303306352,683390,0.4162086940037798,0.07957340436780694,0.0
1690209710303314855,683390,0.41628692653914,0.07952430096439934,0.0
1690209710303321219,683390,0.4163399722894877,0.07945112712876085,0.0
1690209710303330164,683390,0.4164676416515165,0.0793721272628822,0.0
1690209710303336990,683390,0.41649416818113716,0.07931594906200576,0.0
1690209710303353677,683390,0.4166107314274111,0.07919025076482702,0.0
1690209710303357282,683390,0.4166677799546111,0.07912663840580693,0.0
1690209710310304749,683391,0.41676624329590073,0.07905161322918917,0.0
1690209710310760383,683391,0.4168348456619553,0.07894073581995502,0.0
1690209710310889067,683391,0.41683529870450486,0.07898042835092779,0.0
1690209710311250370,683391,0.41694393497334314,0.07890199333734946,0.0
1690209710311266875,683391,0.4170520527525067,0.07882898361077345,0.0
1690209710311277026,683391,0.4170979756923794,0.07877990682469783,0.0
1690209710311290047,683391,0.4171070303788139,0.0787986934445882,0.0
1690209710311306054,683391,0.4172515179166303,0.07867660417119139,0.0
1690209710311318407,683391,0.4172882235214007,0.07866110809371676,0.0
1690209710311335640,683391,0.41733557484899053,0.07861650835579444,0.0
1690209710318994757,683392,0.4172664523099427,0.07871235852555895,0.0
1690209710319261341,683392,0.4173871148828595,0.07863996714345342,0.0
1690209710319599860,683392,0.4173878411639322,0.0786351467885179,0.0
1690209710320109779,683392,0.4173707749383726,0.07865411518104717,0.0
1690209710320292936,683392,0.41733576848620035,0.07871562432549488,0.0
1690209710320800903,683392,0.4174473728820863,0.07860051666320236,0.0
1690209710320960860,683392,0.41738319259919565,0.0786560224002295,0.0
1690209710321230297,683392,0.41735967035348354,0.07866195226759469,0.0
1690209710321248707,683392,0.41725629927666114,0.0787649644830006,0.0
1690209710321271411,683392,0.41734172100442035,0.07871434615324298,0.0
1690209710328271959,683393,0.41729814083872696,0.07871432851135954,0.0
1690209710329313803,683393,0.4172569951644296,0.07877435410282492,0.0
1690209710329407573,683393,0.41719652247756567,0.0788456947683254,0.0
1690209710329734366,683393,0.4172479901496925,0.07878073120282436,0.0
1690209710329749421,683393,0.4171618143393051,0.07884731241907174,0.0
1690209710329759755,683393,0.4170781558281389,0.07893313858839167,0.0
1690209710329770966,683393,0.4169987000651099,0.07899113923736714,0.0
1690209710329785632,683393,0.4169731431878318,0.07900640193211747,0.0
1690209710329792305,683393,0.4169261504608026,0.07901724927381804,0.0
1690209710329821089,683393,0.4168568417256615,0.07910796993301016,0.0
1690209710334392258,683394,0.4168536671266385,0.07910464482858813,0.0
1690209710335607966,683394,0.41687982862345285,0.0790427459155201,0.0
1690209710335630410,683394,0.4168884451818601,0.0790609402904933,0.0
1690209710335813971,683394,0.41682500464617567,0.07917341485635394,0.0
1690209710335829554,683394,0.41687886378664746,0.07910443414387185,0.0
1690209710336007617,683394,0.41683694382739656,0.07917258921464253,0.0
1690209710336022237,683394,0.41682744377346126,0.07922069726466262,0.0
1690209710336038715,683394,0.4168634925911121,0.07922395556328353,0.0
1690209710336046719,683394,0.41686456063613697,0.07922348092049165,0.0
1690209710336059838,683394,0.41685121283477766,0.07926331846921493,0.0
1690209710342137198,683395,0.4168432107953095,0.07929394832244602,0.0
1690209710342325780,683395,0.41685511118025426,0.07938230152868612,0.0
1690209710342878722,683395,0.4169088480877511,0.07934630831987431,0.0
1690209710343456544,683395,0.41687982830659903,0.07940341855931307,0.0
1690209710343463991,683395,0.4168902869558793,0.07946897901245689,0.0
1690209710343708728,683395,0.41696687890551926,0.07945297384971903,0.0
1690209710343725393,683395,0.41694260289983154,0.07949671398899232,0.0
1690209710343737226,683395,0.4168123603960018,0.0796649120561385,0.0
1690209710343749060,683395,0.41680031036464965,0.07971679878185252,0.0
1690209710343759649,683395,0.4167589744013536,0.07976112435551505,0.0
1690209710351402421,683396,0.41670202837687853,0.07984708611082428,0.0
1690209710352515307,683396,0.4165962007715548,0.07990165936873422,0.0
1690209710352873065,683396,0.4166251602752615,0.07991422845775513,0.0
1690209710353107577,683396,0.4166114641699239,0.07987645012969381,0.0
1690209710353136782,683396,0.41658172795802534,0.07990895290892164,0.0
1690209710353149643,683396,0.4164765469114066,0.0799901702098012,0.0
1690209710353162715,683396,0.4164667939434007,0.0799705059206482,0.0
1690209710353212569,683396,0.4164843707616636,0.07985630642494233,0.0
1690209710353224454,683396,0.4163942677235397,0.07994072517017468,0.0
1690209710353233951,683396,0.41645527368799384,0.07982268480586882,0.0
1690209710360640718,683397,0.4164456625834494,0.07979181484912048,0.0
1690209710361719204,683397,0.41650629962389873,0.07970133629571911,0.0
1690209710361831176,683397,0.4165089037758939,0.07966975862939524,0.0
1690209710362013975,683397,0.41658383445230573,0.079629942669679,0.0
1690209710362316170,683397,0.41657658601404746,0.07958683599599638,0.0
1690209710362323735,683397,0.4167197329854165,0.07942315287565022,0.0
1690209710362350034,683397,0.4167177442712497,0.07940758319078332,0.0
1690209710362363427,683397,0.41684400027953417,0.07925961896888749,0.0
1690209710362379575,683397,0.4168885164613528,0.07914192951758392,0.0
1690209710362393510,683397,0.41696742640270545,0.07910481368500806,0.0
1690209710368393091,683398,0.41702781994405225,0.07902071327376946,0.0
1690209710369400039,683398,0.4171669469991494,0.07894288718367748,0.0
1690209710369718815,683398,0.4171592785716365,0.07892316076850903,0.0
1690209710369994227,683398,0.41726518034268684,0.0788250583618544,0.0
1690209710370008668,683398,0.4172944121108586,0.07880673469358043,0.0
1690209710370028448,683398,0.41734181957897243,0.07877288128654748,0.0
1690209710370045611,683398,0.41735759007418094,0.07870791570162973,0.0
1690209710370055514,683398,0.4173192236214047,0.0787691723298933,0.0
1690209710370068343,683398,0.41736389352316194,0.07871559372844009,0.0
1690209710370076084,683398,0.4174728142010019,0.07863782471172284,0.0
1690209710377793235,683399,0.41748643160083987,0.0786225663508285,0.0
1690209710377928492,683399,0.41758675437902576,0.07853261284879291,0.0
1690209710378364314,683399,0.41765488121196953,0.07847433693380389,0.0
1690209710378385374,683399,0.41762251010349727,0.0785592713864929,0.0
1690209710378419686,683399,0.4176742764028756,0.07849062201912957,0.0
1690209710378475285,683399,0.41754900876614737,0.07859283410087653,0.0
1690209710378481612,683399,0.4175339485604187,0.07863776345270287,0.0
1690209710378498611,683399,0.41756578034016895,0.07855077708749666,0.0
1690209710378508803,683399,0.4175405972035994,0.07857876888511375,0.0
1690209710378516381,683399,0.4176309455130318,0.07849714506510413,0.0
1690209710384686031,683400,0.41767427103431576,0.07841555113666687,0.0
1690209710385722103,683400,0.4176528431675064,0.07849966697648281,0.0
1690209710385786891,683400,0.41768265289253537,0.07844808793107129,0.0
1690209710386142376,683400,0.4176046148270112,0.07850913467706333,0.0
1690209710386158633,683400,0.41756835327634584,0.07858724688324226,0.0
1690209710386179173,683400,0.41756618098650344,0.07852627722095679,0.0
1690209710386185912,683400,0.41751192243947166,0.07857108183196862,0.0
1690209710386207289,683400,0.41755977532001726,0.07852402388080837,0.0
1690209710386222632,683400,0.41759003791766985,0.07844695037104227,0.0
1690209710386271142,683400,0.4176245930348726,0.07847675450860932,0.0
1690209710392921414,683401,0.41766356296264195,0.07842852840781232,0.0
1690209710393612329,683401,0.41772162719892586,0.07835297971030615,0.0
1690209710394465157,683401,0.41767627937459323,0.07845615513289976,0.0
1690209710394559814,683401,0.41769771437184977,0.0783961169736457,0.0
1690209710394866245,683401,0.4177631644726,0.07833473277895585,0.0
1690209710394953502,683401,0.4177753639238563,0.07835707383572979,0.0
1690209710394963733,683401,0.4178047310661399,0.07830161818621054,0.0
1690209710394984659,683401,0.4178632223569866,0.07830804588814416,0.0
1690209710395001035,683401,0.41788886073361586,0.07827260108921426,0.0
1690209710395011436,683401,0.41792862289581834,0.07820832927825482,0.0
1690209710401543267,683402,0.41791329860103715,0.07827434171536432,0.0
1690209710401791964,683402,0.4178960936846988,0.07827699937515993,0.0
1690209710402030905,683402,0.4180057517248712,0.07817115075765768,0.0
1690209710402482096,683402,0.4179812769408141,0.07822872204575029,0.0
1690209710402588877,683402,0.4180589197107407,0.07815903085931453,0.0
1690209710402931649,683402,0.4180956915690453,0.07814570289017965,0.0
1690209710402943930,683402,0.4181563071287251,0.07809024738349209,0.0
1690209710402958885,683402,0.4181346771758441,0.07811116950470254,0.0
1690209710402968304,683402,0.41810717204612813,0.0781726604035625,0.0
1690209710402975423,683402,0.41813032793760135,0.07814365265851714,0.0
1690209710409399088,683403,0.41821740507928856,0.07800816661735124,0.0
1690209710410771688,683403,0.41818515040859106,0.07805177795270235,0.0
1690209710410919754,683403,0.418267436397317,0.07795014467233133,0.0
1690209710411299284,683403,0.4182995966958463,0.0779117470036165,0.0
1690209710411319105,683403,0.4183691624425659,0.077774233148971,0.0
1690209710411350889,683403,0.41835895009360047,0.07778794927060212,0.0
1690209710411362935,683403,0.41842391038869553,0.07775834327048088,0.0
1690209710411376601,683403,0.418442036569235,0.07769173408648312,0.0
1690209710411393117,683403,0.4184650235812396,0.07757960292459551,0.0
1690209710411403702,683403,0.41841596727208386,0.07762865698599324,0.0
1690209710417787140,683404,0.41850388929438104,0.07751753361154437,0.0
1690209710418714055,683404,0.418491677006364,0.07746790315172955,0.0
1690209710418916156,683404,0.41849851400137245,0.07737664840829181,0.0
1690209710419012151,683404,0.41850695011019273,0.07735010328131195,0.0
1690209710419310834,683404,0.41864550579991094,0.07722131494792901,0.0
1690209710419470544,683404,0.4186289192383352,0.07717792037563202,0.0
1690209710419572060,683404,0.41870121232390595,0.07707876909137422,0.0
1690209710419836325,683404,0.4187354529733631,0.07704077759580931,0.0
1690209710419853107,683404,0.41883495482060445,0.07698662968685696,0.0
1690209710419867595,683404,0.4188433796929064,0.07694140491878221,0.0
1690209710426141763,683405,0.41876877520562383,0.07699043529109813,0.0
1690209710427117097,683405,0.41882624998668067,0.07693479520208399,0.0
1690209710427198970,683405,0.41894412053273866,0.076788729715758,0.0
1690209710427547370,683405,0.4189488265206266,0.07677745120110854,0.0
1690209710427558479,683405,0.4189578278341926,0.07681683340636511,0.0
1690209710427565177,683405,0.4190509568912964,0.07671510758114575,0.0
1690209710427572689,683405,0.41914749545005037,0.0766796941642223,0.0
1690209710427579805,683405,0.41916690492545783,0.07666666158173115,0.0
1690209710427586967,683405,0.4191440725048716,0.07675485150598127,0.0
1690209710427616874,683405,0.4192353448635784,0.0766924975502578,0.0
1690209710436034119,683406,0.41922658976643296,0.07670365379975069,0.0
1690209710437159757,683406,0.41919973637540325,0.07677143050533573,0.0
1690209710437305631,683406,0.41907551050067493,0.0769488302667736,0.0
1690209710437670374,683406,0.4191058840260676,0.07691374811631681,0.0
1690209710437687431,683406,0.4191048947337557,0.07691854124500475,0.0
1690209710437696828,683406,0.41904623079501196,0.0770312738473481,0.0
1690209710437716609,683406,0.4190391411320748,0.07710651193349748,0.0
1690209710437742439,683406,0.4190468802965276,0.0771036502322974,0.0
1690209710437753096,683406,0.4189823813190745,0.07723779547972694,0.0
1690209710437764592,683406,0.418960971079136,0.07731580969308062,0.0
1690209710443192705,683407,0.41889355086631336,0.0774269710265346,0.0
1690209710444247318,683407,0.4188182992784131,0.0775125101248232,0.0
1690209710444426602,683407,0.4187440436842954,0.07758317377573563,0.0
1690209710444441446,683407,0.4186527260600461,0.07774109433049611,0.0
1690209710444575417,683407,0.41861623661189684,0.07782098671129879,0.0
1690209710444754322,683407,0.41853188679764797,0.07786294740495739,0.0
1690209710444764628,683407,0.4185107949558265,0.07789189295159656,0.0
1690209710444774561,683407,0.41849301321073673,0.07797525837922042,0.0
1690209710444781753,683407,0.4185101367439674,0.07797740880439423,0.0
1690209710444803616,683407,0.4184421849993735,0.07805936820179657,0.0
1690209710450997974,683408,0.4183054605500672,0.07821040785665224,0.0
1690209710451568845,683408,0.4183349722286724,0.07823970892518672,0.0
1690209710451687651,683408,0.41829200988983406,0.07828959768726924,0.0
1690209710452195631,683408,0.4181926235288206,0.07839954470770605,0.0
1690209710452278972,683408,0.4181415035184173,0.07840730593851651,0.0
1690209710452547415,683408,0.41815675247925466,0.07844765349279889,0.0
1690209710452556421,683408,0.41819088344950417,0.07842409609058042,0.0
1690209710452574112,683408,0.4181084184690476,0.07850024809579452,0.0
1690209710452590615,683408,0.4180225525155481,0.0786150976256436,0.0
1690209710452598330,683408,0.4181024576799798,0.07856309304883811,0.0
1690209710458669913,683409,0.41806328425420336,0.07857142713435125,0.0
1690209710459673115,683409,0.4179359394414175,0.07871776220538917,0.0
1690209710459908726,683409,0.4179168752737169,0.07868985790617611,0.0
1690209710460220895,683409,0.41792816452266435,0.07869662220737221,0.0
1690209710460237043,683409,0.41793461747873784,0.07870120703329035,0.0
1690209710460248146,683409,0.417850025790686,0.07875427945332727,0.0
1690209710460255257,683409,0.41781905446708856,0.07879074740231515,0.0
1690209710460261509,683409,0.4178690263367819,0.07871800367875066,0.0
1690209710460267932,683409,0.4178680350935991,0.07868200260434773,0.0
1690209710460300217,683409,0.4177602899276761,0.07879365263613898,0.0
1690209710468993273,683410,0.41771823350222337,0.07875730698096245,0.0
1690209710469337111,683410,0.4177167320706293,0.07874679463254647,0.0
1690209710470418248,683410,0.4177232035249374,0.07875658058909502,0.0
1690209710474565710,683410,0.4176292012499654,0.07880965130402116,0.0
1690209710474928234,683410,0.4175885750081779,0.07884974775691093,0.0
1690209710474948267,683410,0.4175931453951891,0.07878056804287371,0.0
1690209710474981818,683410,0.4175866053574755,0.07872994961289617,0.0
1690209710474998630,683410,0.4174754291968748,0.07879749783604494,0.0
1690209710475011433,683410,0.4174309670521129,0.07873989324301894,0.0
1690209710475064453,683410,0.417466869083157,0.07862932271660035,0.0
1690209710476916767,683411,0.4174762510544179,0.07860592744138269,0.0
1690209710477529724,683411,0.41749819472508803,0.07854701949665084,0.0
1690209710477569941,683411,0.41751531626170435,0.0785077589350959,0.0
1690209710477791517,683411,0.4175366810723089,0.07843739472262627,0.0
1690209710477799024,683411,0.41761078637968824,0.0783287998630441,0.0
1690209710477804909,683411,0.41758514927690515,0.0783361380500976,0.0
1690209710477810696,683411,0.41757503626787296,0.07827595923397561,0.0
1690209710477814921,683411,0.417602446994731,0.07818826648348487,0.0
1690209710477817720,683411,0.41762031761994395,0.07815015667119714,0.0
1690209710477827240,683411,0.41771043656622636,0.07802423877586213,0.0
1690209710485014955,683412,0.41780324661799995,0.07790394604497594,0.0
1690209710485265980,683412,0.4178804896608949,0.07783404690254406,0.0
1690209710486085623,683412,0.4180841198468006,0.07762762978351037,0.0
1690209710486393735,683412,0.4181303307189659,0.07764651420575343,0.0
1690209710486520087,683412,0.41816450239635694,0.07763207350413226,0.0
1690209710486816909,683412,0.4182057436511565,0.077550702002915,0.0
1690209710486839330,683412,0.4182536116074687,0.07750950205503179,0.0
1690209710486851627,683412,0.4182431959031743,0.07751024005433865,0.0
1690209710486859861,683412,0.41831087277441203,0.07743052220773525,0.0
1690209710486868215,683412,0.41822981996014796,0.07751811145980601,0.0
1690209710492327761,683413,0.418310628843704,0.07744285808957914,0.0
1690209710492579235,683413,0.4183428510414115,0.07743056477447188,0.0
1690209710492993337,683413,0.41834750982307356,0.07750776882802177,0.0
1690209710493162236,683413,0.41839114981070796,0.07743577584456747,0.0
1690209710493304828,683413,0.41841309912852503,0.07743159335665496,0.0
1690209710493619114,683413,0.4183623696191108,0.07753571157085516,0.0
1690209710493714343,683413,0.41838197689282375,0.07750743603428048,0.0
1690209710493955859,683413,0.41827993718636747,0.07758524225877739,0.0
1690209710493971906,683413,0.41828609619324986,0.07759811670733754,0.0
1690209710493982861,683413,0.41831137115876166,0.07751192053234421,0.0
1690209710502846431,683414,0.4182982718462178,0.07759580535510818,0.0
1690209710503107807,683414,0.41835328729132915,0.07751389613158603,0.0
1690209710503288864,683414,0.4183377496276336,0.07749296018361933,0.0
1690209710504356006,683414,0.41835254183909754,0.07755831873044823,0.0
1690209710504512091,683414,0.41830900799593096,0.07759160741109214,0.0
1690209710504769082,683414,0.41827075381357287,0.0775994618274437,0.0
1690209710504777549,683414,0.41815145177935,0.07774567208146649,0.0
1690209710504790679,683414,0.4181717036500487,0.07768960031004081,0.0
1690209710504806559,683414,0.4181421559688129,0.07773967485941961,0.0
1690209710504840893,683414,0.4181045976711207,0.0777561934919779,0.0
1690209710510610130,683415,0.4180944276419074,0.07771458597308285,0.0
1690209710510706039,683415,0.41813333847238127,0.0777141012496362,0.0
1690209710510858860,683415,0.4181003071014577,0.07775000999127929,0.0
1690209710511342917,683415,0.418152170998803,0.0776680618378414,0.0
1690209710511452905,683415,0.41804026871344785,0.07777837467660409,0.0
1690209710511609639,683415,0.4180669826048935,0.07775306025797682,0.0
1690209710511618343,683415,0.4181271713604947,0.077710171195943,0.0
1690209710511631845,683415,0.41802939407509226,0.07781698078491325,0.0
1690209710511637460,683415,0.41803102139513904,0.07781476034180353,0.0
1690209710511649710,683415,0.4180813109584042,0.07776838596861668,0.0
1690209710518223972,683416,0.4180606988002964,0.07781371361749462,0.0
1690209710519657568,683416,0.41807676887545075,0.07778936099420937,0.0
1690209710519899073,683416,0.41803406781953184,0.07783200510686236,0.0
1690209710519905871,683416,0.4180895686850603,0.07780224065895008,0.0
1690209710519914262,683416,0.41819316742858625,0.07771015360513395,0.0
1690209710519918935,683416,0.4181241857958996,0.07781942011105807,0.0
1690209710519976409,683416,0.41811674924465164,0.07786032128658496,0.0
1690209710519983872,683416,0.41816369273280063,0.07783127960485633,0.0
1690209710520102993,683416,0.4181730162448589,0.07786323108450267,0.0
1690209710520112904,683416,0.4181485503713073,0.07793558931710122,0.0
1690209710526433305,683417,0.4181010797667036,0.07796245593419887,0.0
1690209710526709566,683417,0.41816244283144094,0.07792100074165735,0.0
1690209710526840833,683417,0.4181753488625788,0.07787352289092973,0.0
1690209710526928903,683417,0.41813686720068105,0.07798319463348134,0.0
1690209710527023853,683417,0.4181214914260323,0.07801624775407294,0.0
1690209710527311470,683417,0.41815444934965845,0.07799889453485159,0.0
1690209710527429455,683417,0.418170740353797,0.0779882379763069,0.0
1690209710527496534,683417,0.41815647296158676,0.07806985381262817,0.0
1690209710527507119,683417,0.4181112645794878,0.07809472074167703,0.0
1690209710527514922,683417,0.4180856918597269,0.07813151475998538,0.0
1690209710536390647,683418,0.4180799069650593,0.07811110234716044,0.0
1690209710537002203,683418,0.4180299307885051,0.07819570665151135,0.0
1690209710537043511,683418,0.4179960036111652,0.07822457482353107,0.0
1690209710537222958,683418,0.4179538763658651,0.0782339992539299,0.0
1690209710537233214,683418,0.41798971789499495,0.07821339627369576,0.0
1690209710537237379,683418,0.41797581916281007,0.07830123808845943,0.0
1690209710537245359,683418,0.4180094831237591,0.0782709090817399,0.0
1690209710537254497,683418,0.4178998866977025,0.07836508905334354,0.0
1690209710537260152,683418,0.41787754580124364,0.07834453524072732,0.0
1690209710537266996,683418,0.4178452993486709,0.07837220986309171,0.0
1690209710545086953,683419,0.417792431762262,0.07840483815983174,0.0
1690209710545708953,683419,0.41772452440939845,0.07841008974339568,0.0
1690209710545800379,683419,0.41776524658575664,0.07838063512576643,0.0
1690209710545978620,683419,0.41778459319326905,0.07838622215346622,0.0
1690209710545986720,683419,0.41787760800642043,0.07829991017288457,0.0
1690209710545997217,683419,0.41778023827847743,0.07838016237569995,0.0
1690209710546002909,683419,0.41781030490470333,0.07837880621561766,0.0
1690209710546010335,683419,0.41782742140528495,0.07831584157931389,0.0
1690209710546018194,683419,0.41779597334040575,0.07837608002336563,0.0
1690209710546022484,683419,0.41773025595718677,0.07834515947469987,0.0
1690209710552527321,683420,0.41776104335930414,0.07832070661677755,0.0
1690209710553272808,683420,0.41778059746408125,0.07827874416597251,0.0
1690209710553417861,683420,0.4178597351982333,0.07817457402943923,0.0
1690209710553546150,683420,0.4178166411295864,0.07819093819255153,0.0
1690209710553551986,683420,0.4178585811859703,0.07816823887910147,0.0
1690209710553556852,683420,0.4179218341537015,0.07805482129079645,0.0
1690209710553563654,683420,0.41788732730711764,0.0781114864962466,0.0
1690209710553571762,683420,0.41784580812930683,0.07806756368255864,0.0
1690209710553578099,683420,0.41785311192748903,0.07802293158077518,0.0
1690209710553587749,683420,0.4178936728633181,0.0779675475559584,0.0
1690209710560936721,683421,0.4179846522364995,0.07784377110701075,0.0
1690209710561223392,683421,0.41799934295203517,0.07780151602236388,0.0
1690209710562198203,683421,0.4180422602406451,0.07778725645305598,0.0
1690209710562308513,683421,0.4182327898421472,0.07756907331225549,0.0
1690209710562601157,683421,0.41821855207405295,0.07764075730449993,0.0
1690209710562615571,683421,0.41818056105156126,0.07764057220293363,0.0
1690209710562623564,683421,0.41820698845068,0.07758533521645866,0.0
1690209710562630243,683421,0.4182653172703171,0.07752687841391939,0.0
1690209710562637243,683421,0.41823970237840313,0.07751926058244052,0.0
1690209710562641651,683421,0.41832865400899,0.07743471688399765,0.0
1690209710569358259,683422,0.41830210778791777,0.07746872239297983,0.0
1690209710570160795,683422,0.4184993592506847,0.07727398505777468,0.0
1690209710570270322,683422,0.41849304249054325,0.07728773092218474,0.0
1690209710570511272,683422,0.41850703749672324,0.07734396250948636,0.0
1690209710570521283,683422,0.41853245577563,0.07727861923801854,0.0
1690209710570530987,683422,0.41858855517965093,0.07724170740636847,0.0
1690209710570536972,683422,0.4185187572761658,0.07734378406861454,0.0
1690209710570541966,683422,0.4185965308034209,0.07727544568115234,0.0
1690209710570551675,683422,0.41848736024747213,0.07736446360185131,0.0
1690209710570585794,683422,0.41854499119259514,0.07732248592818873,0.0
1690209710576865054,683423,0.41857970585104154,0.0772543400712452,0.0
1690209710577304435,683423,0.41857637794899866,0.07732832356238867,0.0
1690209710577429004,683423,0.4186396139432641,0.07724372383223661,0.0
1690209710577603707,683423,0.41864122792548686,0.07723238736367746,0.0
1690209710578110123,683423,0.4185614396596805,0.07735670269626037,0.0
1690209710578206893,683423,0.4185756611153837,0.07734142826424563,0.0
1690209710578444516,683423,0.4185139733599881,0.07737579269612702,0.0
1690209710578454542,683423,0.4185003623902086,0.07742248682499113,0.0
1690209710578474223,683423,0.41854339932933066,0.07731694957912841,0.0
1690209710578488185,683423,0.41851958823736857,0.07739727146706984,0.0
1690209710584778250,683424,0.41858796753600525,0.07731514812830263,0.0
1690209710585475545,683424,0.4185596407730716,0.07730528298727193,0.0
1690209710585581678,683424,0.41854894751687616,0.07739343551610144,0.0
1690209710585691851,683424,0.4185164912217265,0.07741808828934695,0.0
1690209710586055778,683424,0.41852659182670465,0.07737445500754844,0.0
1690209710586157413,683424,0.41842206978214747,0.07749967659173841,0.0
1690209710586429336,683424,0.4184419076713882,0.07743722782668942,0.0
1690209710586446409,683424,0.41840878911072826,0.07748531385652273,0.0
1690209710586456011,683424,0.41839841138354933,0.07748375972170357,0.0
1690209710586466164,683424,0.4183598918429599,0.07747064628483642,0.0
1690209710594374076,683425,0.4184080162130461,0.07749916087809261,0.0
1690209710595841158,683425,0.41836286655028465,0.07753374067542414,0.0
1690209710596067156,683425,0.41843220952368027,0.07743800233796709,0.0
1690209710596475837,683425,0.4182987227500109,0.07759274003335793,0.0
1690209710596491894,683425,0.4183415648118322,0.07755177576333691,0.0
1690209710596514396,683425,0.41833517647598106,0.077569724369821,0.0
1690209710596532201,683425,0.41827872784472575,0.07761826933579911,0.0
1690209710596551546,683425,0.4182472353260587,0.0776048771777522,0.0
1690209710596567596,683425,0.41831160859068195,0.07757345241848661,0.0
1690209710596575765,683425,0.41825925776889344,0.07762313841966109,0.0
1690209710601202354,683426,0.4183082629321209,0.07754188929062523,0.0
1690209710601785401,683426,0.4182236657027594,0.07762589687867139,0.0
1690209710601967007,683426,0.4182466057900808,0.07761130183793093,0.0
1690209710602330650,683426,0.4182970700491681,0.07755508587030063,0.0
1690209710602530721,683426,0.41819910056648074,0.07765916866488837,0.0
1690209710602746687,683426,0.41820786379189373,0.07764425114567058,0.0
1690209710602767276,683426,0.4182390262760425,0.07759010908784171,0.0
1690209710602775734,683426,0.41822450638914077,0.07763143386021744,0.0
1690209710602785264,683426,0.41823756795452705,0.07759883846339544,0.0
1690209710602795464,683426,0.41818990765745145,0.07763811709773556,0.0
1690209710610303400,683427,0.4182475796561706,0.07759830172448022,0.0
1690209710611558803,683427,0.4183252770001866,0.07750779698620121,0.0
1690209710611569545,683427,0.41823726273529244,0.07762192431222313,0.0
1690209710611745749,683427,0.4182543644278418,0.0776302279936451,0.0
1690209710612134129,683427,0.4183027591843181,0.07756231010530336,0.0
1690209710612143677,683427,0.4183075230198401,0.07755972293279217,0.0
1690209710612147959,683427,0.418286522404667,0.07760927932331123,0.0
1690209710612180216,683427,0.4182627264655073,0.07760544845407616,0.0
1690209710612185689,683427,0.4183266815893346,0.07756750968018226,0.0
1690209710612216509,683427,0.4183452041699356,0.07748647780713407,0.0
1690209710617568706,683428,0.4183012738165821,0.07757534196914073,0.0
1690209710619130283,683428,0.4183337851145377,0.07754162148497361,0.0
1690209710619326855,683428,0.4183643645776689,0.07751055582671044,0.0
1690209710619531855,683428,0.41837288715224025,0.0774816873870167,0.0
1690209710619538492,683428,0.4183543162182368,0.07754550100211624,0.0
1690209710619544244,683428,0.41834827345385217,0.07752151729168985,0.0
1690209710619580664,683428,0.41841881644706796,0.07746365828728023,0.0
1690209710619591803,683428,0.41840433915115405,0.07742232630378673,0.0
1690209710619608002,683428,0.4183745451832722,0.07751141038344292,0.0
1690209710619617488,683428,0.4183973142149159,0.07747174062279029,0.0
1690209710625694218,683429,0.4184049408316258,0.07745103410985729,0.0
1690209710626622362,683429,0.4184204018909928,0.0774243775507574,0.0
1690209710626798085,683429,0.4184005918085011,0.07749122471222696,0.0
1690209710627122653,683429,0.41842123908949974,0.07744527305447149,0.0
1690209710627138657,683429,0.41841616240044294,0.0774541856938935,0.0
1690209710627145526,683429,0.4183925238846039,0.07744597877572042,0.0
1690209710627158233,683429,0.4183931970724297,0.07749212745581002,0.0
1690209710627172839,683429,0.41840643896228646,0.07745374749373392,0.0
1690209710627214596,683429,0.41839518023602806,0.07744001804760059,0.0
1690209710627219409,683429,0.41842871606541976,0.07740928007903755,0.0
1690209710633664494,683430,0.4184215126685077,0.07746624882192514,0.0
1690209710634904850,683430,0.4185181237243848,0.07736210141952449,0.0
1690209710635040089,683430,0.418437336323888,0.07742917752420482,0.0
1690209710635205140,683430,0.4184446721477929,0.07743255390996923,0.0
1690209710635385294,683430,0.4184570233376802,0.0774304973080116,0.0
1690209710635742811,683430,0.4184788255983293,0.07745153997047348,0.0
1690209710635879065,683430,0.4184000001088976,0.07744832660030156,0.0
1690209710636004744,683430,0.41841836495927326,0.0774592037571885,0.0
1690209710636132447,683430,0.4184305263343344,0.07746392111274959,0.0
1690209710636143946,683430,0.4185126562051974,0.07737995486093095,0.0
1690209710642824474,683431,0.4183891865988754,0.07748413474863997,0.0
1690209710643633596,683431,0.4183929421643268,0.07756048546921725,0.0
1690209710643933960,683431,0.4184303825448545,0.07748194422492083,0.0
1690209710643963064,683431,0.41840041020601654,0.07759295254846786,0.0
1690209710644000227,683431,0.4183497875509542,0.07758939243562873,0.0
1690209710644275133,683431,0.4183392659640853,0.07761803030893043,0.0
1690209710644403537,683431,0.41838134507259206,0.07760543005491423,0.0
1690209710644656781,683431,0.4182965534104489,0.077695070245144,0.0
1690209710644677676,683431,0.41825522142635246,0.07776907725317216,0.0
1690209710644688211,683431,0.4181342161062253,0.07789475315506768,0.0
1690209710650409319,683432,0.41818344655890777,0.07781228333570313,0.0
1690209710651341195,683432,0.41809158378734007,0.07789891375782981,0.0
1690209710652180336,683432,0.4180567289400934,0.07795051938099108,0.0
1690209710652284879,683432,0.4180402312276017,0.07793442012807035,0.0
1690209710652591156,683432,0.4180610762937787,0.0778995105082394,0.0
1690209710652602285,683432,0.417963016582883,0.07801228944487909,0.0
1690209710652611231,683432,0.41797660790866203,0.0780147923309022,0.0
1690209710652623742,683432,0.4179329353164705,0.07803073729365226,0.0
1690209710652631613,683432,0.4179893508513312,0.07797393304224871,0.0
1690209710652653599,683432,0.4178941673386776,0.07803516640381844,0.0
1690209710660233650,683433,0.41784169901725493,0.07810013169512803,0.0
1690209710661515653,683433,0.41788672085668194,0.07804524651354028,0.0
1690209710661634775,683433,0.4178545883322728,0.07803215692147622,0.0
1690209710661786636,683433,0.4178425484080412,0.07805955236658288,0.0
1690209710662034922,683433,0.41790227478135056,0.07804017641011521,0.0
1690209710662049760,683433,0.41797281506421763,0.07794564563379502,0.0
1690209710662064745,683433,0.41806090040934957,0.07788205008845084,0.0
1690209710662076855,683433,0.41804981371272865,0.07791719482109233,0.0
1690209710662095361,683433,0.4181553817917752,0.07785922632656068,0.0
1690209710662118117,683433,0.41817477963005173,0.07781104094107781,0.0
1690209710667067700,683434,0.4181683341251496,0.07785122213377935,0.0
1690209710668187027,683434,0.41817889989593904,0.07787504821678912,0.0
1690209710668371683,683434,0.4182631393540811,0.07778805113236884,0.0
1690209710668583552,683434,0.418272042438893,0.07777874996762137,0.0
1690209710668597156,683434,0.4182853415590254,0.0777621172070862,0.0
1690209710668605528,683434,0.41834348404451593,0.07770947381309333,0.0
1690209710668616538,683434,0.41840785772310746,0.07763519929294406,0.0
1690209710668624582,683434,0.4184350435409747,0.07756662413495394,0.0
1690209710668642852,683434,0.4184259802925106,0.07754597290238881,0.0
1690209710668648069,683434,0.41848160279106766,0.07751367795106577,0.0
1690209710676977964,683435,0.4184900069581845,0.07743100892090064,0.0
1690209710678355831,683435,0.41850009999150856,0.07741458808104573,0.0
1690209710678499744,683435,0.4184814943947169,0.07741764192273452,0.0
1690209710678930303,683435,0.41855803909310235,0.07730557301119319,0.0
1690209710678955331,683435,0.41858878134442157,0.07721477482455119,0.0
1690209710678988919,683435,0.4185903772099634,0.07717673582581433,0.0
1690209710679003850,683435,0.41862668948830273,0.07710747318653174,0.0
1690209710679022874,683435,0.41868141375156126,0.07704829919770131,0.0
1690209710679047551,683435,0.41868906463600486,0.07697229005224199,0.0
1690209710679067060,683435,0.4187009162181425,0.0769363340679725,0.0
1690209710685064904,683436,0.4187517831997317,0.076870267540771,0.0
1690209710685141495,683436,0.41880455958361174,0.0767640816855182,0.0
1690209710685267160,683436,0.4188521844764662,0.07669041689030273,0.0
1690209710685329914,683436,0.4188196492336861,0.0766750715214108,0.0
1690209710685514366,683436,0.41888141524521155,0.0766130345437769,0.0
1690209710685524635,683436,0.4189055731461372,0.07654126636290946,0.0
1690209710685532243,683436,0.4189053792014479,0.07652042246775538,0.0
1690209710685547338,683436,0.4189366387397476,0.07645997502956331,0.0
1690209710685559316,683436,0.4190111601581443,0.0763558667335846,0.0
1690209710685567106,683436,0.4190535121000671,0.07628853191149068,0.0
1690209710691981688,683437,0.41908364343881294,0.07627482571805504,0.0
1690209710692970048,683437,0.41910397144401784,0.07624317119907739,0.0
1690209710693154774,683437,0.4191861382930899,0.0762038092278245,0.0
1690209710693555930,683437,0.4192104364495359,0.07619211660003794,0.0
1690209710693578291,683437,0.41919297507819964,0.07622428941543499,0.0
1690209710693593905,683437,0.4192253416757098,0.07619147426657912,0.0
1690209710693609053,683437,0.41915186538366334,0.0762513092864711,0.0
1690209710693625937,683437,0.4191686146436986,0.07625077921909235,0.0
1690209710693633968,683437,0.419031611799533,0.07638152538354141,0.0
1690209710693639782,683437,0.41896352139762016,0.07648179141465893,0.0
1690209710701417667,683438,0.4189697197318428,0.0764462623399247,0.0
1690209710701914687,683438,0.41894133747152607,0.07649448814076323,0.0
1690209710702934103,683438,0.41891185438664325,0.07654118244808499,0.0
1690209710703201818,683438,0.4189034098988636,0.07654571901672326,0.0
1690209710703410213,683438,0.418821639396329,0.07661785349298578,0.0
1690209710703427298,683438,0.418844882690762,0.07663764183607237,0.0
1690209710703437336,683438,0.4187516138906212,0.07671913490100855,0.0
1690209710703460556,683438,0.41866094089528166,0.07687065198460981,0.0
1690209710703478972,683438,0.4186373321111827,0.07686164343144132,0.0
1690209710703484264,683438,0.41857964690673805,0.07694423706407609,0.0
1690209710709919887,683439,0.4185766609441095,0.07698741956259425,0.0
1690209710711421105,683439,0.418516096111451,0.07703155092992901,0.0
1690209710711535590,683439,0.41852355004005104,0.07704761212291346,0.0
1690209710711699524,683439,0.4184784713678791,0.07712429895946543,0.0
1690209710711816298,683439,0.41846663914237703,0.07714279472280343,0.0
1690209710711962751,683439,0.41840241894843866,0.07730068316665219,0.0
1690209710711971981,683439,0.41836286485515456,0.07733755383404217,0.0
1690209710711978095,683439,0.4183385759970055,0.07740583906258837,0.0
1690209710711983048,683439,0.41835682240327654,0.07744883798845233,0.0
1690209710712003804,683439,0.41830083879731084,0.07752841477801643,0.0
1690209710716498936,683440,0.41831268249532144,0.07754808528274636,0.0
1690209710716623729,683440,0.41820180302420473,0.07769850714039518,0.0
1690209710717256128,683440,0.4182317175978047,0.07769052744341573,0.0
1690209710717452370,683440,0.4181303806523866,0.077801256240843,0.0
1690209710717677145,683440,0.4180870131585823,0.07787822326176617,0.0
1690209710717689853,683440,0.41810566159617923,0.07784187678354165,0.0
1690209710717699007,683440,0.4180711205481162,0.07791579092558523,0.0
1690209710717707195,683440,0.4180254559701375,0.07799775769109973,0.0
1690209710717719448,683440,0.41799715506029145,0.07802123748222115,0.0
1690209710717726683,683440,0.4179057216294138,0.07814631360906238,0.0
1690209710725382664,683441,0.4179018651608204,0.07818253947198123,0.0
1690209710725847804,683441,0.41786150510604064,0.07817330736972987,0.0
1690209710725976587,683441,0.4177868542329272,0.07825616271183598,0.0
1690209710725985798,683441,0.41779421807392203,0.07816548223640565,0.0
1690209710726824767,683441,0.41777655383808365,0.0781688428392882,0.0
1690209710727055905,683441,0.41777243017567955,0.07817137492313737,0.0
1690209710727341473,683441,0.41773474776221586,0.07817153496878161,0.0
1690209710727361889,683441,0.4177652630997375,0.07810453847350382,0.0
1690209710727379673,683441,0.4177673635164471,0.07810675278454747,0.0
1690209710727396598,683441,0.41780504433218657,0.07802142396183155,0.0
1690209710733357897,683442,0.4177567520176919,0.07806200800194814,0.0
1690209710734684035,683442,0.41774777618467485,0.07799691033288832,0.0
1690209710734874550,683442,0.41776768224052396,0.07793018654668254,0.0
1690209710734888834,683442,0.4177681458770027,0.07788567355494806,0.0
1690209710735266540,683442,0.41772544925573735,0.07786564334563818,0.0
1690209710735279886,683442,0.4178225992971836,0.0777150719123309,0.0
1690209710735297643,683442,0.4178328799880429,0.07768439404438442,0.0
1690209710735304282,683442,0.4180413064685161,0.07745470973483276,0.0
1690209710735310705,683442,0.4180451842435784,0.07740240732174751,0.0
1690209710735316964,683442,0.41811606039759797,0.07733176829881051,0.0
1690209710742161892,683443,0.4182166513196295,0.07719030682725465,0.0
1690209710743165188,683443,0.4182852382411384,0.07713497458186716,0.0
1690209710743283149,683443,0.4182834293966463,0.07711091051998893,0.0
1690209710743438913,683443,0.4184082120720348,0.07693771664483184,0.0
1690209710743749070,683443,0.4184491973388748,0.07685175549367104,0.0
1690209710743767222,683443,0.41866397663115873,0.07664653894766292,0.0
1690209710743790506,683443,0.4187463408254852,0.07652155210150124,0.0
1690209710743800312,683443,0.4188694516204235,0.07646709923995865,0.0
1690209710743868350,683443,0.4190024191220943,0.07631762493400629,0.0
1690209710743879198,683443,0.41907807572511213,0.07631221718117923,0.0
1690209710750672740,683444,0.41912048826740234,0.07628410855968736,0.0
1690209710752411143,683444,0.4191348672831621,0.07623684267857345,0.0
1690209710752569088,683444,0.4191821327284104,0.07617175128006255,0.0
1690209710752976225,683444,0.4192461753320964,0.07611823831050313,0.0
1690209710752986017,683444,0.4193114009407846,0.07600716110321636,0.0
1690209710752991048,683444,0.4193388726591063,0.07603187488990708,0.0
1690209710752996524,683444,0.4194442568682207,0.07591048580090774,0.0
1690209710753094156,683444,0.41951691227737065,0.07589771052117912,0.0
1690209710753115838,683444,0.41957556158095255,0.07587427871565353,0.0
1690209710753165452,683444,0.41955134183411336,0.0758833048964156,0.0
1690209710761170261,683445,0.41961736972600855,0.07580019777793,0.0
1690209710761510397,683445,0.4195879656281442,0.07581521871844213,0.0
1690209710761740967,683445,0.4196424192542189,0.07575521152880044,0.0
1690209710762309831,683445,0.4196261663725396,0.07580382105911158,0.0
1690209710762455655,683445,0.41962326652515197,0.07580315119099863,0.0
1690209710762770357,683445,0.41965991413736964,0.07578977092140204,0.0
1690209710762784136,683445,0.4196710169645639,0.07578608699939562,0.0
1690209710762794743,683445,0.4196357084845544,0.07584865047165551,0.0
1690209710762800692,683445,0.4196488693748595,0.07585801828980444,0.0
1690209710762833944,683445,0.4195647266343244,0.0759377371975209,0.0
1690209710770487794,683446,0.41960505033799655,0.07592907430570774,0.0
1690209710771186085,683446,0.41946111843173933,0.0760669747828881,0.0
1690209710771275121,683446,0.4194247215837129,0.07615546083037342,0.0
1690209710771506261,683446,0.4194277129240276,0.07613410474743476,0.0
1690209710771511840,683446,0.4194054600553775,0.07620303462008879,0.0
1690209710771514710,683446,0.41937789973280937,0.07625597976044747,0.0
1690209710771527104,683446,0.41932095882801534,0.07632656333197119,0.0
1690209710771541150,683446,0.4192630784679655,0.076391407710205,0.0
1690209710771544740,683446,0.41925392849666704,0.07645401578177274,0.0
1690209710771564394,683446,0.4191514923748786,0.07655616982366084,0.0
1690209710775884982,683447,0.41908110356728373,0.07672011320115142,0.0
1690209710776151397,683447,0.4190336039188333,0.07674144498297747,0.0
1690209710776391530,683447,0.4189935737641314,0.07684438198217416,0.0
1690209710776450753,683447,0.4190108194620371,0.07689797176188354,0.0
1690209710776810355,683447,0.4189448955639564,0.07697060932256794,0.0
1690209710776888818,683447,0.41895488912267403,0.07698945247462678,0.0
1690209710777029628,683447,0.4189047570205957,0.07708410043640737,0.0
1690209710777041959,683447,0.4189375906109092,0.07707071401278488,0.0
1690209710777049648,683447,0.41888022439287553,0.07719079543336813,0.0
1690209710777055447,683447,0.4188702844727802,0.07722992787821747,0.0
1690209710784694310,683448,0.4189307132787901,0.07720315832405011,0.0
1690209710785073880,683448,0.41891235390764275,0.0772851093202349,0.0
1690209710785188762,683448,0.4188687793834712,0.07738582570207125,0.0
1690209710785383125,683448,0.4188639910552338,0.07741154240954225,0.0
1690209710785502003,683448,0.41876085539876523,0.07755120633725747,0.0
1690209710785522614,683448,0.41876504281663396,0.07760823201378474,0.0
1690209710785532664,683448,0.4186733489785992,0.07771256752842816,0.0
1690209710785870197,683448,0.4186315577375592,0.07777390339645539,0.0
1690209710786004426,683448,0.4186367125582031,0.07770783109406605,0.0
1690209710786110983,683448,0.41861507477216486,0.07777596473385699,0.0
1690209710793264638,683449,0.41856262057776455,0.07786007533146064,0.0
1690209710793455318,683449,0.41852944701693984,0.07787046839038532,0.0
1690209710793563649,683449,0.4184164080249568,0.07797509630865439,0.0
1690209710793794883,683449,0.41839589816328254,0.07804538007762274,0.0
1690209710793986532,683449,0.4182924826469695,0.0781049713822729,0.0
1690209710794003203,683449,0.41824243463682853,0.07816319830781862,0.0
1690209710794018967,683449,0.41819442474004487,0.07809075176036877,0.0
1690209710794042813,683449,0.4181907439367985,0.07812011173902597,0.0
1690209710794061466,683449,0.4181599716382838,0.07812583304458913,0.0
1690209710794152788,683449,0.41813296691078305,0.07811895818719468,0.0
1690209710801018519,683450,0.4180280383615473,0.07818120797354966,0.0
1690209710801991163,683450,0.4180166056949619,0.07821825537224364,0.0
1690209710802637848,683450,0.4180409047916075,0.07813600298807871,0.0
1690209710802707848,683450,0.4179628788733495,0.07819171396358929,0.0
1690209710803086944,683450,0.41791257021742634,0.07812604077480372,0.0
1690209710803102676,683450,0.41793496534922386,0.07809221327528361,0.0
1690209710803123058,683450,0.4179681653135163,0.07802088912814703,0.0
1690209710803137146,683450,0.41792137925683215,0.0779955851288182,0.0
1690209710803153381,683450,0.41791086956652823,0.0779704455846857,0.0
1690209710803184962,683450,0.4179195543180047,0.07796174693712594,0.0
1690209710809423813,683451,0.4180693761853095,0.07776923254745736,0.0
1690209710810160316,683451,0.41800238783046445,0.07780159532065747,0.0
1690209710810874834,683451,0.41801113832858106,0.07772056670969711,0.0
1690209710811120350,683451,0.41805479409334134,0.07762880106760382,0.0
1690209710811497237,683451,0.4181267465139215,0.07757413091646093,0.0
1690209710811516368,683451,0.4180885103461042,0.0775524665928842,0.0
1690209710811534143,683451,0.41816587765157054,0.07744892634434694,0.0
1690209710811551776,683451,0.41821452707086515,0.07738988884802775,0.0
1690209710811568965,683451,0.4184747167156847,0.07712346300093617,0.0
1690209710811578817,683451,0.41849730210681746,0.0770577264302511,0.0
1690209710817336849,683452,0.418560050276339,0.07705532285868695,0.0
1690209710817893911,683452,0.41868500527200514,0.0768837035286925,0.0
1690209710818449978,683452,0.4187577471813883,0.07687872736018174,0.0
1690209710818744904,683452,0.41876741244479576,0.07689761990836022,0.0
1690209710819018333,683452,0.4188359594064692,0.07682342971942556,0.0
1690209710819026124,683452,0.4188892324250464,0.07675983368340797,0.0
1690209710819038868,683452,0.41899824250601153,0.07667201311825766,0.0
1690209710819058817,683452,0.4190721279653909,0.07659132847915735,0.0
1690209710819063488,683452,0.4190336881754323,0.07668050533933045,0.0
1690209710819091513,683452,0.41919319583232995,0.0765128088944669,0.0
1690209710825223013,683453,0.41920445477480084,0.0765280264075553,0.0
1690209710825232154,683453,0.4192513989393724,0.07657824672541326,0.0
1690209710826735407,683453,0.41924275778656794,0.0765647791489396,0.0
1690209710826753960,683453,0.4192790484809427,0.07650125884871978,0.0
1690209710826781492,683453,0.4191177709423587,0.07667438281922823,0.0
1690209710826787393,683453,0.4191771786936165,0.07661962656377135,0.0
1690209710826814428,683453,0.41907028053748446,0.07671484797302204,0.0
1690209710826826677,683453,0.4190171298180605,0.07677241713620268,0.0
1690209710826837820,683453,0.4189956722977841,0.0767454631316814,0.0
1690209710826844971,683453,0.41897623234642317,0.07679700272384496,0.0
1690209710834945072,683454,0.4189253374955017,0.07682702075715493,0.0
1690209710836059214,683454,0.41891185750753596,0.07679171613034215,0.0
1690209710836332282,683454,0.41880497709673725,0.07691781404610158,0.0
1690209710836452134,683454,0.41882388108317437,0.0769282785583184,0.0
1690209710836776464,683454,0.4187857983374992,0.07692729450522395,0.0
1690209710836791457,683454,0.41863029544871744,0.07708869071459931,0.0
1690209710836806167,683454,0.4186348535154405,0.07706502934066899,0.0
1690209710836821794,683454,0.41858549381680576,0.07711860854314949,0.0
1690209710836833231,683454,0.4185715314030751,0.07714753476949616,0.0
1690209710836840586,683454,0.4185305261673858,0.07715808939153568,0.0
1690209710843527888,683455,0.4185335676671593,0.07717136336500119,0.0
1690209710843775372,683455,0.41859243350447395,0.0771592524550655,0.0
1690209710844298595,683455,0.41861615848547695,0.0771264324420911,0.0
1690209710845027383,683455,0.41849822735730596,0.07730368324452429,0.0
1690209710845082897,683455,0.4185123838909742,0.07730727074103,0.0
1690209710845390532,683455,0.4185888646139681,0.07727743135339522,0.0
1690209710845403049,683455,0.41855273536078186,0.07734732281196016,0.0
1690209710845414681,683455,0.4185095021627317,0.07744103116244062,0.0
1690209710845439073,683455,0.4185418922371993,0.07742892353081277,0.0
1690209710845452717,683455,0.4185336119379248,0.07748160192316392,0.0
1690209710852279130,683456,0.4185436657207448,0.07748791697906342,0.0
1690209710852698666,683456,0.4185141597412948,0.07760258034992856,0.0
1690209710853194247,683456,0.4185340501925433,0.07762573375481133,0.0
1690209710853462349,683456,0.4186205360770711,0.0775733920094775,0.0
1690209710853472117,683456,0.4185708382452349,0.07767075013308687,0.0
1690209710853768339,683456,0.41854200109051226,0.07777247128373645,0.0
1690209710853781605,683456,0.4185642361783247,0.07774202698707994,0.0
1690209710853789072,683456,0.4185016330801454,0.0778277697532868,0.0
1690209710853799125,683456,0.4184721274836439,0.07790292539181548,0.0
1690209710853812644,683456,0.4183867582691403,0.07800245970080093,0.0
1690209710859426230,683457,0.4183682866488744,0.07804513410189508,0.0
1690209710859880544,683457,0.41832684052263086,0.07802209611185529,0.0
1690209710859995242,683457,0.4183164841428603,0.07806861935444824,0.0
1690209710860515564,683457,0.4182726090934094,0.07812097614986155,0.0
1690209710860621677,683457,0.4182546284247942,0.07812198431294176,0.0
1690209710860724691,683457,0.4181487112378742,0.07819355942370086,0.0
1690209710860888887,683457,0.4181505272851847,0.07822571938188472,0.0
1690209710861009417,683457,0.4181223049575234,0.07820643387608557,0.0
1690209710861021595,683457,0.41806915233144704,0.07825463086070274,0.0
1690209710861039922,683457,0.4180212289373576,0.07817750925401114,0.0
1690209710868303622,683458,0.4180533029640497,0.07814884526408111,0.0
1690209710869376424,683458,0.4180880334595215,0.07808787064455014,0.0
1690209710869743281,683458,0.41807762004954585,0.07804595992937348,0.0
1690209710869951213,683458,0.4180829296859934,0.07799965239206047,0.0
1690209710870175123,683458,0.4180918054171688,0.07797738411817717,0.0
1690209710870194127,683458,0.4182349999880073,0.07777988437972055,0.0
1690209710870205844,683458,0.4181564084567839,0.07782521124720579,0.0
1690209710870229058,683458,0.4181693394844493,0.07774882080420895,0.0
1690209710870245847,683458,0.4182106308096007,0.07768596134653116,0.0
1690209710870275896,683458,0.41826414290667735,0.07764012709780291,0.0
1690209710876878274,683459,0.4182054942735023,0.07762821830025715,0.0
1690209710876971686,683459,0.4182459483829114,0.07757831556527944,0.0
1690209710877226863,683459,0.41828892512124144,0.07751582737440157,0.0
1690209710877350989,683459,0.41855702593117095,0.07724326082757473,0.0
1690209710877365865,683459,0.41853702300181683,0.07723179681773389,0.0
1690209710877373439,683459,0.4185766448132917,0.07719589650562772,0.0
1690209710877383206,683459,0.41869452076533464,0.07703608566714325,0.0
1690209710877391195,683459,0.4187732986364331,0.07701956122914809,0.0
1690209710877404157,683459,0.4187670445646233,0.07701386925967392,0.0
1690209710877417690,683459,0.41888919913482026,0.07689858341943452,0.0
1690209710884055290,683460,0.4189582859485899,0.07681252006900899,0.0
1690209710884408549,683460,0.4191941438900602,0.07656887239618719,0.0
1690209710885067032,683460,0.4192410937462859,0.0764941045353312,0.0
1690209710885229666,683460,0.41928740584331087,0.07653027466884207,0.0
1690209710885466059,683460,0.41946079267523667,0.07632665928406171,0.0
1690209710885531405,683460,0.41949203472796137,0.07634534216423684,0.0
1690209710885674838,683460,0.41950547125954624,0.07640270552550119,0.0
1690209710886007705,683460,0.4195048730537044,0.07637924923731819,0.0
1690209710886025318,683460,0.41957263795618405,0.0763095645331922,0.0
1690209710886038118,683460,0.41952227392156954,0.07637600715894587,0.0
1690209710892562256,683461,0.41960855686417414,0.07629207529352432,0.0
1690209710893480650,683461,0.41952922849929597,0.07640033808646893,0.0
1690209710893866225,683461,0.4196440486559724,0.0762708156718359,0.0
1690209710894120158,683461,0.4196156076521669,0.07628722080721707,0.0
1690209710894489395,683461,0.41966629625779883,0.07633252542187907,0.0
1690209710894556295,683461,0.4196589932540216,0.07631839864090703,0.0
1690209710894564281,683461,0.4196915784607601,0.0762569660288156,0.0
1690209710894577537,683461,0.4195491808971431,0.0764048759648105,0.0
1690209710894592053,683461,0.419588177899543,0.07638792584873967,0.0
1690209710894601655,683461,0.41946482519631373,0.07650015812109788,0.0
1690209710902049610,683462,0.4194563261491311,0.07648403537525653,0.0
1690209710902778229,683462,0.4194760196390376,0.07644752437883116,0.0
1690209710903683409,683462,0.4194766585957682,0.07649479659297419,0.0
1690209710903694288,683462,0.4194651056615728,0.07649665945516815,0.0
1690209710904301091,683462,0.41948757981355783,0.07644620213123494,0.0
1690209710904326086,683462,0.41937537154564586,0.07656023060863379,0.0
1690209710904340055,683462,0.41937433992792195,0.07657568624241368,0.0
1690209710904350809,683462,0.4192680212435009,0.07663553906414726,0.0
1690209710904364822,683462,0.41911706376381425,0.07678772271609476,0.0
1690209710904375707,683462,0.41911179423705436,0.07675888787410845,0.0
1690209710909108270,683463,0.4190731197512275,0.0767997187386171,0.0
1690209710909359422,683463,0.4190849356966973,0.07679885018685159,0.0
1690209710909553124,683463,0.41902623751401935,0.07679834723928429,0.0
1690209710909782311,683463,0.4189996706737888,0.07683697593976102,0.0
1690209710910440362,683463,0.41902316452404964,0.07684154531210084,0.0
1690209710910632931,683463,0.4190204215131298,0.07682297325265153,0.0
1690209710910642046,683463,0.4189165584708002,0.07699986729418198,0.0
1690209710910903254,683463,0.41894021273287263,0.07697836033681135,0.0
1690209710910912756,683463,0.4189294606860203,0.07704427754453198,0.0
1690209710910930386,683463,0.41891269650528623,0.07710630133477081,0.0
1690209710917917539,683464,0.41882893165614143,0.07717744197649028,0.0
1690209710919284839,683464,0.41887615870503847,0.07716121264620418,0.0
1690209710919442893,683464,0.418833250098132,0.07724560990434444,0.0
1690209710919589406,683464,0.4188796160832724,0.07722694911987676,0.0
1690209710919892940,683464,0.4188065736591247,0.07735971751650976,0.0
1690209710919909655,683464,0.41878537132304894,0.077395068305795,0.0
1690209710919928389,683464,0.41879669361080474,0.077409946189079,0.0
1690209710919947687,683464,0.4187789345736367,0.07747968830799623,0.0
1690209710919962765,683464,0.4187127280814787,0.0775661698638811,0.0
1690209710919988996,683464,0.4187307838555948,0.07757840339773024,0.0
1690209710925345676,683465,0.41858881234789164,0.0777580850126357,0.0
1690209710926105533,683465,0.4186384243534639,0.07773201984615555,0.0
1690209710926285680,683465,0.4185626800568152,0.07779020510050245,0.0
1690209710926441361,683465,0.41847587326079994,0.07790001503690128,0.0
1690209710926460591,683465,0.4184818821000462,0.07785823084745523,0.0
1690209710926909971,683465,0.41845910358360644,0.0778834918345609,0.0
1690209710927082225,683465,0.4184509565829414,0.07788802921197813,0.0
1690209710927334022,683465,0.4184573733512818,0.07788143816019796,0.0
1690209710927352196,683465,0.4185012244544046,0.0778762494749897,0.0
1690209710927371616,683465,0.41854371616641073,0.07781942728956116,0.0
1690209710934529522,683466,0.4186335614846861,0.0777227592396277,0.0
1690209710934852611,683466,0.4186375330986366,0.07772475179126968,0.0
1690209710935602586,683466,0.41874555443852735,0.07764084374838366,0.0
1690209710935683392,683466,0.4187546531088452,0.07759392946211632,0.0
1690209710935895281,683466,0.4187423230036496,0.07762189599012938,0.0
1690209710936043532,683466,0.41878297438313733,0.07761830309022723,0.0
1690209710936058865,683466,0.4188142798291236,0.0775677000767964,0.0
1690209710936066162,683466,0.41884701255814044,0.07753044560303425,0.0
1690209710936086492,683466,0.4188139096615928,0.07757866487257224,0.0
1690209710936093746,683466,0.4188976066217054,0.07747888099852122,0.0
1690209710942748134,683467,0.4189744882588197,0.07740359309190302,0.0
1690209710942753281,683467,0.4189847181889361,0.0773687688152845,0.0
1690209710942757738,683467,0.418983123362615,0.07736070373948174,0.0
1690209710942777863,683467,0.4190523414719327,0.07732835722509956,0.0
1690209710943098834,683467,0.4190472086461401,0.07727978354440769,0.0
1690209710943158947,683467,0.4190697460922404,0.07724665769516578,0.0
1690209710943321190,683467,0.41900769620680134,0.07731662712524519,0.0
1690209710943331283,683467,0.4190872826846633,0.07721546505100912,0.0
1690209710943339462,683467,0.41909304122550683,0.0771192556072565,0.0
1690209710943344798,683467,0.4190313635002603,0.07714665973845863,0.0
1690209710951654858,683468,0.41903585910370994,0.07708785769725109,0.0
1690209710952118152,683468,0.41905691641360343,0.07701917745884046,0.0
1690209710953286058,683468,0.41905806921414457,0.07696336494834746,0.0
1690209710953537882,683468,0.4190435874383621,0.07694182884732491,0.0
1690209710953815449,683468,0.41906591925544046,0.07690158864346329,0.0
1690209710954065522,683468,0.41913661883198605,0.07680152402051918,0.0
1690209710954076808,683468,0.41914074871080836,0.07672101940266544,0.0
1690209710954081820,683468,0.41909455794745043,0.07676266526377895,0.0
1690209710954120212,683468,0.41916608802808675,0.07669179037642092,0.0
1690209710954129988,683468,0.4192112109575489,0.07660148396994561,0.0
1690209710959839656,683469,0.4192329560456377,0.07656196982258025,0.0
1690209710960052765,683469,0.4192093306796552,0.07658285169392545,0.0
1690209710960056906,683469,0.4193199545112852,0.0764360874942567,0.0
1690209710960504290,683469,0.4193800801775467,0.07635418984865042,0.0
1690209710960564419,683469,0.41942244509066656,0.07632534582839341,0.0
1690209710960574214,683469,0.4194882926981015,0.07632461072569022,0.0
1690209710960585235,683469,0.41954498875135704,0.07631712308422073,0.0
1690209710960599916,683469,0.4195346051213846,0.07629614639889637,0.0
1690209710960605617,683469,0.41955633662553476,0.07628992156340772,0.0
1690209710960610699,683469,0.4195649736986019,0.07633018286245921,0.0
1690209710968737731,683470,0.41969785501487716,0.07619836301186739,0.0
1690209710969020948,683470,0.419588788249886,0.07627864900150678,0.0
1690209710969309087,683470,0.4196248709128967,0.07630234581548812,0.0
1690209710970349055,683470,0.41962041181480847,0.07628636728840846,0.0
1690209710970362907,683470,0.41963095726511396,0.07633441956714619,0.0
1690209710970591871,683470,0.41954287349239994,0.0763240610756362,0.0
1690209710970893501,683470,0.4195440278860825,0.07635042492106806,0.0
1690209710970914379,683470,0.4195606082173393,0.076345446104234,0.0
1690209710970931456,683470,0.4196453524197261,0.07625366604208347,0.0
1690209710970952207,683470,0.4195398199003114,0.07634078474394232,0.0
1690209710975323464,683471,0.4195925428703139,0.07635639982542375,0.0
1690209710975855477,683471,0.4196453242661072,0.07627579237434103,0.0
1690209710976587276,683471,0.4196408401386808,0.07635965133145318,0.0
1690209710976592117,683471,0.4195875944966461,0.07633820632619995,0.0
1690209710976826057,683471,0.4196055989961745,0.07633640962465922,0.0
1690209710976841349,683471,0.41962697110319236,0.07630817289053579,0.0
1690209710976848638,683471,0.4196321830519967,0.07629407726048258,0.0
1690209710976854288,683471,0.419557075975922,0.07635736570446897,0.0
1690209710976873064,683471,0.41952354359104266,0.07643643197936087,0.0
1690209710976883686,683471,0.4196149390713767,0.07629991884773164,0.0
1690209710984148640,683472,0.4195794729218236,0.07639948105357282,0.0
1690209710984179243,683472,0.4195301057971917,0.0764225011053425,0.0
1690209710984253486,683472,0.4195242431390511,0.07641285341189712,0.0
1690209710984373186,683472,0.41957779012717733,0.07636952396314056,0.0
1690209710984561095,683472,0.419486270082883,0.0764385116441509,0.0
1690209710984568664,683472,0.4195220190355552,0.07642998220467176,0.0
1690209710984572055,683472,0.4194252528006361,0.07652452658417062,0.0
1690209710984575168,683472,0.41960048127312427,0.07636280216844266,0.0
1690209710984650910,683472,0.41953160232560244,0.07642627215277138,0.0
1690209710984696363,683472,0.4195049742004134,0.0764877987609532,0.0
1690209710994517766,683473,0.4195217231786018,0.07644560741455986,0.0
1690209710994533887,683473,0.41954780903140076,0.07643108663310659,0.0
1690209710995637341,683473,0.41944277949040865,0.07653583584992217,0.0
1690209710996080262,683473,0.4195108498871937,0.07647514025395373,0.0
1690209710996095093,683473,0.41939375815301355,0.07656956648053653,0.0
1690209710996115024,683473,0.4193959846814484,0.07658980111909343,0.0
1690209710996130344,683473,0.4194249174353389,0.07652914151005626,0.0
1690209710996179781,683473,0.4194177836794656,0.07661689677861074,0.0
1690209710996189469,683473,0.4194781907144626,0.07651447509217262,0.0
1690209710996201496,683473,0.41947136838968746,0.07649269164285985,0.0
1690209711000010132,683474,0.4194316280369401,0.07659902111158196,0.0
1690209711000277419,683474,0.41943293437664997,0.07659998999871123,0.0
1690209711000713556,683474,0.4193821956463614,0.07660899434048857,0.0
1690209711000869670,683474,0.41929486206168287,0.07672333037932969,0.0
1690209711001578917,683474,0.41933842851304637,0.07665041873110165,0.0
1690209711001700880,683474,0.41929671753206077,0.07672354173683285,0.0
1690209711001971247,683474,0.41929837690561533,0.07668287261482988,0.0
1690209711001982802,683474,0.41926430622188876,0.07664933792032863,0.0
1690209711001992998,683474,0.41932017108120084,0.07668571286629576,0.0
1690209711002015913,683474,0.41928315234519054,0.07672029147645831,0.0
1690209711009811991,683475,0.4193293042146758,0.07663811946997753,0.0
1690209711010602576,683475,0.4192038157196425,0.07678376790551256,0.0
1690209711010712217,683475,0.419250306315192,0.07672680679135421,0.0
1690209711010718674,683475,0.4193043188953649,0.07669348830062162,0.0
1690209711011031377,683475,0.41923557099432696,0.07674425421704847,0.0
1690209711011038208,683475,0.419214775795162,0.07674771836590061,0.0
1690209711011041603,683475,0.41928442827044554,0.07670701965317825,0.0
1690209711011044244,683475,0.41926666105024724,0.07672725755218235,0.0
1690209711011095862,683475,0.41929808443235533,0.07666916493760992,0.0
1690209711011113738,683475,0.41921438882420076,0.07674060252122158,0.0
1690209711018173896,683476,0.4192293908714843,0.07672988160591626,0.0
1690209711018682568,683476,0.4193086827686156,0.07663223135909508,0.0
1690209711018895454,683476,0.41918353559722615,0.07675611300722344,0.0
1690209711018905866,683476,0.4191975789738199,0.07676312249620056,0.0
1690209711018912376,683476,0.41925829402236453,0.07669087313481712,0.0
1690209711018920903,683476,0.41925970418174163,0.07669454791279977,0.0
1690209711018927332,683476,0.4192480842271059,0.07669355118606655,0.0
1690209711018936309,683476,0.41919280775830037,0.07673328081305718,0.0
1690209711018942788,683476,0.419239251749406,0.07670259070201638,0.0
1690209711018965440,683476,0.41930507176869625,0.07661091413177512,0.0
1690209711026157715,683477,0.419195689807393,0.07675003247540915,0.0
1690209711026719129,683477,0.41921449603974664,0.07675293990508546,0.0
1690209711027311484,683477,0.41925571050321025,0.07670538611993949,0.0
1690209711027316925,683477,0.4192619239149712,0.07672245580598075,0.0
1690209711027322112,683477,0.4192524906516971,0.07677141944939866,0.0
1690209711027536234,683477,0.41922555977411485,0.0767737815640931,0.0
1690209711027542431,683477,0.4192799494979489,0.07673356395009844,0.0
1690209711027545276,683477,0.4193036330258695,0.0766702592978461,0.0
1690209711027570717,683477,0.41928004507289596,0.07675694719346808,0.0
1690209711027590219,683477,0.41928047140964386,0.0767684643324,0.0
1690209711033070567,683478,0.41929663476765117,0.07677433998929538,0.0
1690209711033183854,683478,0.41932467968977055,0.07677348857989037,0.0
1690209711033525284,683478,0.4192889475720706,0.07688027330270436,0.0
1690209711033755677,683478,0.4192494276049594,0.07689158315405505,0.0
1690209711033927238,683478,0.4192026304037024,0.07694852011573429,0.0
1690209711034223378,683478,0.41918495300959757,0.076920795779446,0.0
1690209711034238801,683478,0.41915008528125425,0.07698989519640459,0.0
1690209711034350476,683478,0.4191189928070589,0.07700912394055127,0.0
1690209711034520895,683478,0.4190638472383719,0.07702839726215265,0.0
1690209711034624831,683478,0.4190926881042699,0.07700250631507075,0.0
1690209711043592120,683479,0.4190668206413421,0.07708253995159102,0.0
1690209711043683905,683479,0.4190897632080948,0.07704541502544922,0.0
1690209711043853795,683479,0.41899520518450706,0.0771216615168998,0.0
1690209711043857457,683479,0.41900776780912286,0.07710229589146395,0.0
1690209711043869082,683479,0.41898673675511144,0.07712707626324629,0.0
1690209711043879571,683479,0.41898866772148147,0.0771444106866866,0.0
1690209711043900666,683479,0.4189280840459548,0.07713731917498182,0.0
1690209711043904951,683479,0.41894883205597516,0.077112868659732,0.0
1690209711043910317,683479,0.4189595560252291,0.07713644840616093,0.0
1690209711043915966,683479,0.4190492964336112,0.07704300246451054,0.0
1690209711050944143,683480,0.4189318372571307,0.07713412365303336,0.0
1690209711051284833,683480,0.4189757943312743,0.07710808974381612,0.0
1690209711051390202,683480,0.4189983614146574,0.07703862141660178,0.0
1690209711051553545,683480,0.4189642414059659,0.07709458480254991,0.0
1690209711051627408,683480,0.41890355823979564,0.07704996217477063,0.0
1690209711051785243,683480,0.41892007946598453,0.07701412832354712,0.0
1690209711051793192,683480,0.418942131487857,0.07697601635288552,0.0
1690209711051803992,683480,0.41903602213014096,0.07686308686318201,0.0
1690209711051811799,683480,0.4190466618480516,0.07684154950423681,0.0
1690209711051833461,683480,0.41909696321076717,0.07683920724714391,0.0
1690209711060062313,683481,0.4192295353663684,0.07667434297174479,0.0
1690209711060287400,683481,0.4192266905203752,0.07673972435848299,0.0
1690209711060621920,683481,0.4192339083310582,0.07671286427901901,0.0
1690209711060787979,683481,0.419247492988316,0.07667129166886179,0.0
1690209711060928869,683481,0.41928098018610205,0.07663745868692516,0.0
1690209711061251647,683481,0.4192736424890814,0.07661838559593721,0.0
1690209711061558677,683481,0.4193337131267743,0.07656412760918732,0.0
1690209711062049035,683481,0.4193372593087786,0.07659681945267503,0.0
1690209711062165932,683481,0.4195645303062569,0.0763699101094751,0.0
1690209711062343025,683481,0.41956869614108794,0.07638857736665612,0.0
1690209711067022818,683482,0.41958792475079093,0.07639996714834335,0.0
1690209711068163581,683482,0.41959621943683945,0.0763551809090099,0.0
1690209711068258347,683482,0.4196426978263341,0.07633917651965133,0.0
1690209711068524867,683482,0.419595573526663,0.07639030505253837,0.0
1690209711068541786,683482,0.4196790880732829,0.07630145629940387,0.0
1690209711068546023,683482,0.41956883015133706,0.07638965255762403,0.0
1690209711068549538,683482,0.4197688061136725,0.07624054488849837,0.0
1690209711068554101,683482,0.4198000606847875,0.07620638761236556,0.0
1690209711068583856,683482,0.4198050610483606,0.07628100233032431,0.0
1690209711068597173,683482,0.4198506632389927,0.07621493365756354,0.0
1690209711076571548,683483,0.41987593178166455,0.07618601310008331,0.0
1690209711077386398,683483,0.4198198178223571,0.07629517540029182,0.0
1690209711078145201,683483,0.4198183323403222,0.07629389436896222,0.0
1690209711078712112,683483,0.41975046560352125,0.07633843774868954,0.0
1690209711078923960,683483,0.4196796326757868,0.07644055542216831,0.0
1690209711078944023,683483,0.4197170710778255,0.07635331500265341,0.0
1690209711078956038,683483,0.41969040683340103,0.07642048798189023,0.0
1690209711078977768,683483,0.4197174175573209,0.07638605208445137,0.0
1690209711079040577,683483,0.4196923809597641,0.07636662728616668,0.0
1690209711079088689,683483,0.41968632313505544,0.076436819115792,0.0
1690209711083921928,683484,0.4196431240231712,0.0764774747315964,0.0
1690209711084173118,683484,0.41963289839927537,0.07643530720073244,0.0
1690209711084425809,683484,0.41948906129354707,0.07658704175832672,0.0
1690209711084642257,683484,0.41951879252635804,0.07654163564844345,0.0
1690209711084818924,683484,0.41952322154936533,0.07654560021843684,0.0
1690209711085017868,683484,0.4194445249284544,0.07662760127828885,0.0
1690209711085149707,683484,0.41944384518364836,0.07660015552383778,0.0
1690209711085158888,683484,0.4194767928591179,0.07655535948975366,0.0
1690209711085281581,683484,0.4194434394949004,0.07660296859140041,0.0
1690209711085292144,683484,0.4195013665775671,0.07652551635701545,0.0
1690209711093124554,683485,0.41945987245843486,0.07656718174015413,0.0
1690209711093211757,683485,0.4195280334587298,0.0765191335713688,0.0
1690209711093477828,683485,0.41960404382652583,0.07645107499442412,0.0
1690209711093489020,683485,0.41951293413918456,0.07658368439620615,0.0
1690209711093495733,683485,0.4195154887601853,0.07659983481093625,0.0
1690209711093502283,683485,0.41956305942739996,0.07655206469360372,0.0
1690209711093523125,683485,0.41957418508771677,0.07657049315517324,0.0
1690209711093530589,683485,0.41956101454221917,0.07662006450161792,0.0
1690209711093536444,683485,0.4195183687814984,0.07663392554605207,0.0
1690209711093555015,683485,0.4195516673061644,0.07662322173256987,0.0
1690209711100923990,683486,0.4195485471395402,0.07658052103337869,0.0
1690209711102357425,683486,0.4195124217550791,0.0766562865315408,0.0
1690209711102563630,683486,0.41951078957679255,0.07665147760261677,0.0
1690209711102873768,683486,0.41949598956275497,0.07667983362584936,0.0
1690209711103000245,683486,0.41951643132353106,0.07667254328373749,0.0
1690209711103020593,683486,0.4194738785132002,0.07677275363535345,0.0
1690209711103034110,683486,0.4194579575903973,0.07677033694607344,0.0
1690209711103044039,683486,0.4193782451877906,0.07684999281353108,0.0
1690209711103055239,683486,0.41934642504169295,0.07684593757452521,0.0
1690209711103096532,683486,0.41930056777005287,0.07689709866932365,0.0
1690209711109785192,683487,0.41928352816877135,0.07690673609759491,0.0
1690209711109803570,683487,0.41925946509585943,0.0768803674729717,0.0
1690209711110000702,683487,0.4192793738486741,0.07687172245916729,0.0
1690209711110697703,683487,0.41925627162581247,0.07691039253272708,0.0
1690209711110705674,683487,0.41932358342748743,0.07683016757359029,0.0
1690209711110710317,683487,0.41919634319572024,0.07694166790644592,0.0
1690209711110730564,683487,0.4192190371860184,0.07693260690033288,0.0
1690209711110738092,683487,0.4192284574562092,0.07686491637346789,0.0
1690209711110755886,683487,0.4192022175238694,0.076927063923334,0.0
1690209711110792826,683487,0.4191445851775238,0.07688656863627277,0.0
1690209711117651255,683488,0.41917915028227143,0.0768493356440479,0.0
1690209711118960457,683488,0.41921701090065844,0.07679864872936892,0.0
1690209711119340304,683488,0.41931443751943936,0.07668070491744312,0.0
1690209711119496085,683488,0.41934086054329883,0.07662836065378358,0.0
1690209711119516618,683488,0.41939593458405183,0.07659987694001483,0.0
1690209711119527080,683488,0.419593336233293,0.07638309303364318,0.0
1690209711119536141,683488,0.41957177856945554,0.07647281398893661,0.0
1690209711119570833,683488,0.41955131035858617,0.07648325883432984,0.0
1690209711119583024,683488,0.41953610067349417,0.07646959713185753,0.0
1690209711119605951,683488,0.41959073049052154,0.07642202962083469,0.0
1690209711125694056,683489,0.4195068692128559,0.07647041864287742,0.0
1690209711127038376,683489,0.41959151988841453,0.07639070196817675,0.0
1690209711127150489,683489,0.419494292595429,0.07647912456693057,0.0
1690209711127402032,683489,0.41968943845138557,0.07630032457665019,0.0
1690209711127413817,683489,0.4196963624203795,0.07628912610379672,0.0
1690209711127421555,683489,0.41970555208181765,0.07633667159993249,0.0
1690209711127440125,683489,0.4197434870042617,0.07625833136140985,0.0
1690209711127462442,683489,0.4197629766355699,0.07625720972252924,0.0
1690209711127471020,683489,0.4197461802285707,0.07632209458080885,0.0
1690209711127478991,683489,0.4197934244695784,0.07626935385640475,0.0
1690209711135516519,683490,0.41968116298825553,0.07635355813881595,0.0
1690209711135533171,683490,0.4197549984986977,0.076321756304991,0.0
1690209711135542684,683490,0.419836083900799,0.0762243813768895,0.0
1690209711135552052,683490,0.41983113771239544,0.07629765546231221,0.0
1690209711135564549,683490,0.41987319105177107,0.07622781721000955,0.0
1690209711135613200,683490,0.4199072520552836,0.07620904936134788,0.0
1690209711135657423,683490,0.41986749529703005,0.07631879970274197,0.0
1690209711135685784,683490,0.41983727361813855,0.07634332904715548,0.0
1690209711135704628,683490,0.4197333646310811,0.07642409233365913,0.0
1690209711135712431,683490,0.41967208171436665,0.07651445108911759,0.0
1690209711143493035,683491,0.4197195398145372,0.0764401743049651,0.0
1690209711143915364,683491,0.41968252235625236,0.07651247370921582,0.0
1690209711145034853,683491,0.4196639527189696,0.07651098725133325,0.0
1690209711145193204,683491,0.4196499943640477,0.0764862115871574,0.0
1690209711145647675,683491,0.41964019738195824,0.07654453238933716,0.0
1690209711145668784,683491,0.4196100387462976,0.07657679833751291,0.0
1690209711145681256,683491,0.4195843109035481,0.07655058099170291,0.0
1690209711145699943,683491,0.4194292267887851,0.07671072755079485,0.0
1690209711145717834,683491,0.4194403800718503,0.07666816087165118,0.0
1690209711145727296,683491,0.4193877225563252,0.07671067004434617,0.0
1690209711150979970,683492,0.4193250337782687,0.0767594197581247,0.0
1690209711151578312,683492,0.419298095168204,0.07672801253916045,0.0
1690209711151995709,683492,0.41933638217301084,0.0767244542983852,0.0
1690209711152119861,683492,0.4193024629091994,0.07677050753276017,0.0
1690209711152439448,683492,0.4193271053625863,0.07670005734699736,0.0
1690209711152454231,683492,0.41921039744524347,0.07682855928637372,0.0
1690209711152465027,683492,0.4192422869927638,0.07680158408950188,0.0
1690209711152471142,683492,0.41926769085971083,0.07679913816507687,0.0
1690209711152486758,683492,0.41918875362078944,0.07688096881342044,0.0
1690209711152530894,683492,0.41918395048961926,0.0768589213550809,0.0
1690209711158926984,683493,0.4192385552958797,0.07681185578655256,0.0
1690209711159169221,683493,0.41922483990275305,0.07685060995414661,0.0
1690209711159818787,683493,0.4192454030262945,0.07680505131825825,0.0
1690209711159954595,683493,0.41920898341411506,0.07683209791793237,0.0
1690209711160076005,683493,0.41926500167253256,0.07681798926260526,0.0
1690209711160243614,683493,0.4193348157104113,0.07677195906624484,0.0
1690209711160253503,683493,0.41929091894585113,0.0768777309519744,0.0
1690209711160269865,683493,0.41929364948130166,0.0769000988698082,0.0
1690209711160275379,683493,0.4193259737238873,0.07688054050496959,0.0
1690209711160279248,683493,0.41929343935231356,0.07694324504921432,0.0
1690209711167443289,683494,0.41928237759861064,0.07700415355171004,0.0
1690209711168609642,683494,0.4192578231404397,0.0770100151662505,0.0
1690209711168850183,683494,0.41925540864853394,0.07704256110094071,0.0
1690209711169068187,683494,0.41927798721192827,0.07700832253175466,0.0
1690209711169380287,683494,0.4192428960023641,0.07710371888540359,0.0
1690209711169390150,683494,0.41920441292643834,0.07713457260616176,0.0
1690209711169418750,683494,0.41918264394428695,0.07714571794002249,0.0
1690209711169431288,683494,0.4192016611389704,0.07716806920171233,0.0
1690209711169440950,683494,0.41917925377832704,0.077240885632656,0.0
1690209711169449258,683494,0.4191685416371001,0.07723953934068474,0.0
1690209711175714230,683495,0.41907808329852975,0.07734462156401929,0.0
1690209711177023408,683495,0.41903996867373167,0.07735483131115405,0.0
1690209711177234568,683495,0.41897951482171575,0.07739131767736021,0.0
1690209711177653479,683495,0.41890377982291693,0.0774462778176494,0.0
1690209711177674553,683495,0.41882345565034795,0.07739650285038467,0.0
1690209711177684952,683495,0.41884740444513446,0.07734133727341727,0.0
1690209711177704560,683495,0.41884413773037876,0.07732861200645694,0.0
1690209711177726862,683495,0.4189244853634399,0.07722015154598376,0.0
1690209711177770413,683495,0.41888791096500017,0.07723498755227932,0.0
1690209711177778517,683495,0.41893475668395047,0.07719528270605566,0.0
1690209711184204970,683496,0.4190241213113529,0.07704952843597415,0.0
1690209711185563363,683496,0.4189907416180464,0.0771249496475754,0.0
1690209711185830786,683496,0.4189382010332171,0.07707873800546805,0.0
1690209711186158884,683496,0.4189351696084627,0.07703639484072658,0.0
1690209711186174170,683496,0.418985099655875,0.07696820031496134,0.0
1690209711186189159,683496,0.41903884719635054,0.07687329720893875,0.0
1690209711186202651,683496,0.4191071999842149,0.07679782638534856,0.0
1690209711186239376,683496,0.41912652092777775,0.0768270209580583,0.0
1690209711186244986,683496,0.4193574283021886,0.07660209159722944,0.0
1690209711186272518,683496,0.41936862701395167,0.07664688335891615,0.0
1690209711191940923,683497,0.41940513231673676,0.0766316135579531,0.0
1690209711192140655,683497,0.4194230098672833,0.07657426159551545,0.0
1690209711192490386,683497,0.4194777150647435,0.07655227082380442,0.0
1690209711192628498,683497,0.41940119977169654,0.07658649307803293,0.0
1690209711192726057,683497,0.41947206825615696,0.07651299139829425,0.0
1690209711192879326,683497,0.4193581851450542,0.07660077652207628,0.0
1690209711193185952,683497,0.4195308287232596,0.07644581357985411,0.0
1690209711193305654,683497,0.4195473446147746,0.07642434331618217,0.0
1690209711193453523,683497,0.41955398404499145,0.07649878605184057,0.0
1690209711193462919,683497,0.41958365289307337,0.07642192460477228,0.0
1690209711201707032,683498,0.41959851074188464,0.07641486867942392,0.0
1690209711201934078,683498,0.41953074893007897,0.07650728027768502,0.0
1690209711202112064,683498,0.4195866076528881,0.07645981912439069,0.0
1690209711202119295,683498,0.41948303480357185,0.076540892473248,0.0
1690209711202308231,683498,0.41956357600051997,0.0764841472293983,0.0
1690209711202709688,683498,0.41962562842908846,0.0763943487085713,0.0
1690209711202726984,683498,0.4196169984600345,0.07645895612346207,0.0
1690209711202734956,683498,0.4196525987413687,0.07639984336990689,0.0
1690209711202743349,683498,0.4196847430848156,0.07637572284323925,0.0
1690209711202793746,683498,0.4196465542480095,0.07648256710399842,0.0
1690209711208798959,683499,0.4196171068631062,0.07650693379788956,0.0
1690209711209055541,683499,0.41950184792894435,0.07658281613043609,0.0
1690209711209731411,683499,0.4194250175256628,0.07667549386678046,0.0
1690209711209916548,683499,0.41946031153320634,0.07659175911501676,0.0
1690209711210153094,683499,0.41940865773851066,0.07667966376607951,0.0
1690209711210243967,683499,0.4194055460060969,0.07666288674637062,0.0
1690209711210534328,683499,0.4193970004907336,0.07663702769837044,0.0
1690209711210550260,683499,0.4193617469862812,0.07672891026405285,0.0
1690209711210578714,683499,0.4192949196941435,0.07679666385832494,0.0
1690209711210584833,683499,0.41920707282864184,0.0768415632657214,0.0
1690209711217508765,683500,0.4190835901511633,0.07697540195784736,0.0
1690209711218149249,683500,0.4191042962952387,0.07691211435061941,0.0
1690209711218934261,683500,0.41904619173078606,0.07699713460011515,0.0
1690209711219076808,683500,0.4189852690815633,0.07704426104599535,0.0
1690209711219488486,683500,0.41897351744220346,0.07701174938774774,0.0
1690209711219501780,683500,0.4189582687021154,0.07702306637271554,0.0
1690209711219507677,683500,0.41893868765132697,0.07705957644683847,0.0
1690209711219536667,683500,0.4188902287172408,0.07709301304487999,0.0
1690209711219551690,683500,0.4188248518463167,0.0771576893090729,0.0
1690209711219559666,683500,0.4188570964265821,0.07710970131663838,0.0
1690209711227261514,683501,0.4187950369449262,0.07718321411719667,0.0
1690209711227576179,683501,0.41873123499698855,0.07726953984518352,0.0
1690209711228212433,683501,0.4187411563304732,0.07721068620706553,0.0
1690209711228333037,683501,0.41870971886824077,0.07724534307616929,0.0
1690209711228522307,683501,0.4186594015114143,0.07732279086586112,0.0
1690209711228636962,683501,0.41861056887535286,0.07733929475909795,0.0
1690209711228999666,683501,0.4185590497870787,0.07739092315408398,0.0
1690209711229117257,683501,0.4185701206742022,0.0773478471988564,0.0
1690209711229260133,683501,0.41851013150066474,0.0774418962899731,0.0
1690209711229272717,683501,0.4185071389597371,0.07751525351781824,0.0
1690209711235863110,683502,0.4185016632631673,0.07747942236690214,0.0
1690209711236425028,683502,0.41851461478831475,0.07751335481484342,0.0
1690209711236704928,683502,0.41849335237174234,0.07758978478850351,0.0
1690209711236902774,683502,0.4184681947277964,0.07764419037088319,0.0
1690209711236916035,683502,0.41839754686566544,0.07771963112289113,0.0
1690209711236940313,683502,0.4183509237426665,0.0777708149652646,0.0
1690209711236953456,683502,0.41830004210355864,0.0778778776494822,0.0
1690209711236970706,683502,0.41830826317955944,0.07794739766338164,0.0
1690209711236979687,683502,0.41827637265185064,0.07794880477684307,0.0
1690209711237017923,683502,0.41825212869887557,0.07801298935332936,0.0
1690209711242053967,683503,0.41822701507398424,0.07810847895708463,0.0
1690209711243155835,683503,0.4181973813518988,0.07817443276455596,0.0
1690209711243414327,683503,0.4180919220598206,0.07828627832821462,0.0
1690209711243427095,683503,0.41794728220984245,0.07841494823034077,0.0
1690209711243435189,683503,0.4178714612074016,0.0785510069771822,0.0
1690209711243460335,683503,0.4178294510621017,0.0786054843150588,0.0
1690209711243474477,683503,0.4177324749797327,0.07866320369458364,0.0
1690209711243489375,683503,0.417672733744194,0.0787076943292027,0.0
1690209711243498979,683503,0.41766289942374546,0.07877583882593134,0.0
1690209711243516261,683503,0.4177135954508503,0.07872045447012543,0.0
1690209711251392088,683504,0.4176075687191013,0.07883661044989779,0.0
1690209711251566950,683504,0.417488999612931,0.07897337382137311,0.0
1690209711252018655,683504,0.41750443629416284,0.07903671113790696,0.0
1690209711252237462,683504,0.41748216877254984,0.07903644918571545,0.0
1690209711252418746,683504,0.41736121668365417,0.07915215518133142,0.0
1690209711252634112,683504,0.4173502929245311,0.07913089962855328,0.0
1690209711252929527,683504,0.4173297268929518,0.07916949663466223,0.0
1690209711252946299,683504,0.41736352194628557,0.07912960118890855,0.0
1690209711252957001,683504,0.4172779567327556,0.0791913344691706,0.0
1690209711252971147,683504,0.41728990225636126,0.07919324329353893,0.0
1690209711259647729,683505,0.4173603083172487,0.07912796806551839,0.0
1690209711260017424,683505,0.41744901571019144,0.0790275857367467,0.0
1690209711260992097,683505,0.41737449724413406,0.07911778320268555,0.0
1690209711261503044,683505,0.4174002292768244,0.07910358287847541,0.0
1690209711261513476,683505,0.41746560660838516,0.07900446759759736,0.0
1690209711261531941,683505,0.41744964650154415,0.07902509186851568,0.0
1690209711261811184,683505,0.41739667557319704,0.07908462601850945,0.0
1690209711261831646,683505,0.41748301357564904,0.07898559589201652,0.0
1690209711261845328,683505,0.4175189867783656,0.0788752746881393,0.0
1690209711261854010,683505,0.4175620085214241,0.07885065632436764,0.0
1690209711269243652,683506,0.4176052424312841,0.0787914082803871,0.0
1690209711270007606,683506,0.4176419941353253,0.07875760808338562,0.0
1690209711270096844,683506,0.41772266823314996,0.07861662782253769,0.0
1690209711270415018,683506,0.4177265693320866,0.07862460306508909,0.0
1690209711270781296,683506,0.4177473695098525,0.078639184537567,0.0
1690209711270796282,683506,0.41776597352215994,0.07857627864758478,0.0
1690209711270813780,683506,0.41776199227205,0.07848185548389525,0.0
1690209711270830645,683506,0.41770403131498135,0.07854566726195208,0.0
1690209711270854085,683506,0.417753312589892,0.07844733377803108,0.0
1690209711270867382,683506,0.41776667554247243,0.07839673333451352,0.0
1690209711275880001,683507,0.4177901513746997,0.0783001738626005,0.0
1690209711276817911,683507,0.41781044877926243,0.07826978850688797,0.0
1690209711276996982,683507,0.4179034696373495,0.0781610503731257,0.0
1690209711277161965,683507,0.41791315254722333,0.07810449227632123,0.0
1690209711277414855,683507,0.41794506022374206,0.07802258182633375,0.0
1690209711277421545,683507,0.4179737499600773,0.07798974374474754,0.0
1690209711277427855,683507,0.418050150115754,0.07792698376138861,0.0
1690209711277466050,683507,0.4180445302630141,0.0778676961672564,0.0
1690209711277474178,683507,0.41799600958487143,0.07790605486760446,0.0
1690209711277486206,683507,0.4180490520889655,0.07783803087635799,0.0
1690209711284219132,683508,0.4181918738175513,0.07766223852481087,0.0
1690209711284441047,683508,0.4181851995622291,0.07764819634188057,0.0
1690209711284531081,683508,0.4182169851163337,0.07764696747226431,0.0
1690209711285519737,683508,0.4183016370889184,0.0775363835273656,0.0
1690209711285773380,683508,0.4184155473593321,0.07750877783855387,0.0
1690209711286021398,683508,0.4184001135825711,0.077519941701031,0.0
1690209711286235814,683508,0.4183808945980785,0.07760637655013433,0.0
1690209711286273189,683508,0.41844893185109766,0.07756823491504727,0.0
1690209711286284498,683508,0.41855694715640035,0.07749248542870563,0.0
1690209711286298134,683508,0.41854508869345974,0.07752541772834637,0.0
1690209711292597888,683509,0.41853223016863383,0.07762063811895499,0.0
1690209711293708970,683509,0.4186225907028044,0.07752394081708545,0.0
1690209711293832151,683509,0.41860888383228395,0.07760778234504914,0.0
1690209711293966357,683509,0.41858883078245895,0.07766959817203704,0.0
1690209711294218136,683509,0.418549319516451,0.07774828420881583,0.0
1690209711294231607,683509,0.4185554550796863,0.0777838333436362,0.0
1690209711294245066,683509,0.41852653565994374,0.07777940768982904,0.0
1690209711294275015,683509,0.4185432583109211,0.07780944801131624,0.0
1690209711294287745,683509,0.41849529513967637,0.07793802531096694,0.0
1690209711294299520,683509,0.4185615918950595,0.07787029065463912,0.0
1690209711301726102,683510,0.41849812420272836,0.07800579249312553,0.0
1690209711302380164,683510,0.4185051728371944,0.07803238223904944,0.0
1690209711303498280,683510,0.4184854909172007,0.07803597976073541,0.0
1690209711303630853,683510,0.4184502385501851,0.0781034752497111,0.0
1690209711304030958,683510,0.4184700766085889,0.07801371167873582,0.0
1690209711304046439,683510,0.418473437347487,0.07802271673660095,0.0
1690209711304056509,683510,0.41845914053338445,0.07807322020070942,0.0
1690209711304063645,683510,0.41851372014597177,0.07799685552363997,0.0
1690209711304074662,683510,0.41852387889973935,0.07805843457584928,0.0
1690209711304082243,683510,0.41851631763059366,0.07809648969090925,0.0
1690209711309189325,683511,0.4185517904183778,0.07805268906873382,0.0
1690209711309724998,683511,0.4185163790452639,0.0781008060071449,0.0
1690209711309864561,683511,0.4184834672206186,0.07809751069924958,0.0
1690209711309975100,683511,0.41848694629183714,0.07806114417751632,0.0
1690209711310411788,683511,0.4184591710873349,0.07810878613924535,0.0
1690209711310533702,683511,0.4185037848581995,0.07806867311279429,0.0
1690209711310702065,683511,0.41857018280307806,0.07801449459820291,0.0
1690209711310717984,683511,0.41856733946428376,0.07803280801056348,0.0
1690209711310725564,683511,0.41869267485153083,0.07791459695880064,0.0
1690209711310739739,683511,0.418718760504311,0.0778954053094096,0.0
1690209711318184773,683512,0.418654727576437,0.07797280195983383,0.0
1690209711318271966,683512,0.41867393637624073,0.07792149318750655,0.0
1690209711318585817,683512,0.4185464067250658,0.07804210946739694,0.0
1690209711318596218,683512,0.4185644920237294,0.07803135153308967,0.0
1690209711318606172,683512,0.41860498876718305,0.07795031845145342,0.0
1690209711318621082,683512,0.41858709041842473,0.07798986275699066,0.0
1690209711318640941,683512,0.41862792071827254,0.07797066329034623,0.0
1690209711318714214,683512,0.41871372469195856,0.07787997198420409,0.0
1690209711318729583,683512,0.4186758153843339,0.07796634741439339,0.0
1690209711318816678,683512,0.41871660394563126,0.07792635476613095,0.0
1690209711326595507,683513,0.41869690978307583,0.07792783466963636,0.0
1690209711326607302,683513,0.41871028284594347,0.0779621926039477,0.0
1690209711326614180,683513,0.4186628837822625,0.07793964616247354,0.0
1690209711326621858,683513,0.4186091280291878,0.07800198857523113,0.0
1690209711326634220,683513,0.41856027230887133,0.07806951648128205,0.0
1690209711326824426,683513,0.4186025758369618,0.0779770797723547,0.0
1690209711326840688,683513,0.41855931350139985,0.07802342192514072,0.0
1690209711326869215,683513,0.41848965566362195,0.07809512825501949,0.0
1690209711326883187,683513,0.4184845154498276,0.07807315453808165,0.0
1690209711326904455,683513,0.418434685521744,0.07811931005935986,0.0
1690209711333559527,683514,0.41837580956283166,0.07814637216212483,0.0
1690209711333784868,683514,0.41832378216826627,0.07821257320081001,0.0
1690209711334653749,683514,0.418310578435531,0.07821973968519873,0.0
1690209711334787670,683514,0.4183124406717666,0.0781798915051534,0.0
1690209711335167912,683514,0.41832533250274334,0.07818826896169707,0.0
1690209711335200818,683514,0.41827997466455114,0.07829691055338456,0.0
1690209711335212098,683514,0.41836348805676027,0.0782087432387973,0.0
1690209711335220328,683514,0.41831451056515045,0.07826322799300593,0.0
1690209711335229771,683514,0.41828825585381213,0.07832028341046554,0.0
1690209711335256079,683514,0.41832213750386105,0.07835870401034166,0.0
1690209711342533165,683515,0.4183122759377782,0.07836437379264556,0.0
1690209711343973495,683515,0.41830276121269383,0.07838820925709998,0.0
1690209711344239816,683515,0.41829288415728333,0.0784298116158074,0.0
1690209711344576210,683515,0.4182813562117886,0.07852734921798052,0.0
1690209711344717107,683515,0.4183126562094217,0.07851365064771783,0.0
1690209711344882097,683515,0.41825782135222367,0.07860087085191826,0.0
1690209711344902484,683515,0.41827104005696697,0.07866260193353129,0.0
1690209711344912802,683515,0.4183262366410667,0.07865496384063835,0.0
1690209711344924964,683515,0.4182683103553038,0.07873090833841355,0.0
1690209711344937640,683515,0.418108573850994,0.07890686495456864,0.0
1690209711351076460,683516,0.4181243491859378,0.07893772095905914,0.0
1690209711352078607,683516,0.41805821014765054,0.07900446523439945,0.0
1690209711352259173,683516,0.4180032733720797,0.07906907656690751,0.0
1690209711352590018,683516,0.4179006948814691,0.07910280144767728,0.0
1690209711352607273,683516,0.4179008793208995,0.0791268857522272,0.0
1690209711352614705,683516,0.41792723043907565,0.07906476890836624,0.0
1690209711352624610,683516,0.417840938407639,0.07912386372601124,0.0
1690209711352637072,683516,0.4177915892367586,0.079176450045151,0.0
1690209711352657582,683516,0.41777267023515713,0.07917238343853994,0.0
1690209711352670352,683516,0.4178632703138537,0.07902253944011901,0.0
1690209711360794536,683517,0.41779513831878623,0.07910325413477567,0.0
1690209711361588641,683517,0.41774366979792865,0.07910857221394367,0.0
1690209711361763920,683517,0.4177984675943539,0.07901448858097933,0.0
1690209711362017776,683517,0.4178209169855428,0.07892239034013415,0.0
1690209711362438819,683517,0.4177620099936092,0.07893888201475988,0.0
1690209711362658859,683517,0.41782703193720017,0.07883692881759714,0.0
1690209711362946653,683517,0.4178539869866742,0.0787426596940478,0.0
1690209711363294988,683517,0.41799877999583646,0.0785614334346886,0.0
1690209711363313755,683517,0.41802564791927477,0.0785219823348985,0.0
1690209711363342468,683517,0.41809817039199115,0.07846518645614889,0.0
1690209711367583892,683518,0.418190659441837,0.07830596763656346,0.0
1690209711367840904,683518,0.41820683609534204,0.07823400742070388,0.0
1690209711368066181,683518,0.418275200048918,0.07819843468557318,0.0
1690209711368394648,683518,0.4182916878065085,0.07814854330657452,0.0
1690209711368907433,683518,0.41828426377728156,0.0780795481352692,0.0
1690209711369039917,683518,0.4182555757425596,0.07807388023291739,0.0
1690209711369259493,683518,0.41831461721179664,0.07800338737014678,0.0
1690209711369271715,683518,0.41844540417280196,0.07783878127995245,0.0
1690209711369282317,683518,0.41838202561878335,0.07784318484939003,0.0
1690209711369287552,683518,0.4184469298622785,0.07775916523664832,0.0
1690209711375998511,683519,0.4185234420821464,0.07764887336848335,0.0
1690209711376743084,683519,0.4185603611832091,0.07762355993215725,0.0
1690209711376909039,683519,0.41851335331225586,0.07760058417302425,0.0
1690209711376918446,683519,0.41850877182891605,0.07756459546618173,0.0
1690209711377234462,683519,0.41857990901489145,0.07747071362511099,0.0
1690209711377250695,683519,0.41867543998195106,0.07735888102323142,0.0
1690209711377384722,683519,0.41864739704618215,0.0773993653344524,0.0
1690209711377398774,683519,0.4187170091629625,0.0773739770245284,0.0
1690209711377410932,683519,0.4188134346288642,0.07728460690961574,0.0
1690209711377420755,683519,0.4188604539269991,0.07732468269887915,0.0
1690209711386689757,683520,0.41884077839599104,0.07738332250001104,0.0
1690209711387002613,683520,0.41884970813841754,0.0773832677691588,0.0
1690209711387113321,683520,0.4188578068511802,0.07740717690014438,0.0
1690209711387401057,683520,0.41889265401518727,0.0773990126706091,0.0
1690209711387410310,683520,0.4188971215795095,0.07744529055305086,0.0
1690209711387420419,683520,0.41886178473564917,0.07753404361974334,0.0
1690209711387429151,683520,0.41891023009961764,0.07747685072162863,0.0
1690209711387439030,683520,0.41894916601848486,0.07753188712235033,0.0
1690209711387453579,683520,0.41894896756336464,0.07759594346436506,0.0
1690209711387464172,683520,0.41891169901821296,0.07765786425300013,0.0
1690209711393081358,683521,0.41882774604631023,0.07777395757784832,0.0
1690209711394179151,683521,0.41881286929362965,0.07781562928381294,0.0
1690209711394194048,683521,0.4188072957096629,0.07778254208449696,0.0
1690209711394271576,683521,0.41861812705066037,0.077989708449383,0.0
1690209711394437701,683521,0.4186262199422463,0.07792866301954421,0.0
1690209711394634237,683521,0.41864006729215086,0.07791159254806827,0.0
1690209711394648813,683521,0.41862815103832773,0.07795143165769222,0.0
1690209711394660813,683521,0.4185559702291271,0.07799935109371639,0.0
1690209711394668135,683521,0.41865290138446054,0.07792186917097298,0.0
1690209711394680928,683521,0.41858714498937966,0.07797598865295992,0.0
1690209711401108456,683522,0.4186954577995206,0.07788209842172057,0.0
1690209711401687226,683522,0.41855418226661256,0.07802699286312671,0.0
1690209711402194277,683522,0.4185876591656209,0.07802760839276408,0.0
1690209711402378235,683522,0.41859249746255506,0.07795702807814882,0.0
1690209711402674875,683522,0.41856842718413767,0.07802519000134125,0.0
1690209711402692647,683522,0.41857511411259873,0.07805322447128127,0.0
1690209711402705663,683522,0.41863166249539596,0.07795569244477374,0.0
1690209711402711479,683522,0.41857333095393623,0.07801205113271005,0.0
1690209711402716281,683522,0.41856445684251364,0.07803543974315119,0.0
1690209711402750201,683522,0.41858747960266984,0.07798267349772363,0.0
1690209711410412200,683523,0.4185582355582511,0.07804795952424991,0.0
1690209711410643155,683523,0.41855760677562726,0.07798532617296447,0.0
1690209711410835644,683523,0.4184879615379852,0.07806241522366399,0.0
1690209711411076410,683523,0.41851289935076275,0.0780780598076486,0.0
1690209711411409578,683523,0.41849822014600546,0.07802991248007826,0.0
1690209711411419165,683523,0.4184613985138212,0.07804923091346887,0.0
1690209711411424788,683523,0.4183766898902227,0.07815608429611216,0.0
1690209711411471053,683523,0.4184036307366543,0.07811249874384957,0.0
1690209711411488506,683523,0.41833796780400684,0.07818464422463339,0.0
1690209711411500070,683523,0.4182456714580558,0.07824497453910295,0.0
1690209711416910565,683524,0.41821319452758,0.07829897018481148,0.0
1690209711417744436,683524,0.4182515717604398,0.07825235313195646,0.0
1690209711418322605,683524,0.41821272702742707,0.07823251219035306,0.0
1690209711418436622,683524,0.4182174435874413,0.07825007497760884,0.0
1690209711418576138,683524,0.41818981231292496,0.0782770773236695,0.0
1690209711418763187,683524,0.4182681660013976,0.0781928890881565,0.0
1690209711418775495,683524,0.418207264262471,0.07824206392706977,0.0
1690209711418781652,683524,0.41816022366203753,0.07832182158274362,0.0
1690209711418796652,683524,0.41821144300903973,0.0783026314568408,0.0
1690209711418804380,683524,0.4182167982964965,0.07830765354442526,0.0
1690209711426047587,683525,0.41815478477266504,0.07834446505493295,0.0
1690209711426838732,683525,0.41815670944292294,0.07840664868131055,0.0
1690209711427876253,683525,0.418144747268114,0.07843478648168085,0.0
1690209711427882702,683525,0.41816947520124614,0.07841695704596034,0.0
1690209711427909083,683525,0.41809354307777746,0.07850926608226363,0.0
1690209711428323352,683525,0.41806076845342777,0.0786112140203367,0.0
1690209711428345106,683525,0.4180909671994247,0.0786171098040408,0.0
1690209711428371599,683525,0.4180503375411695,0.07866525112676036,0.0
1690209711428384179,683525,0.4180266294839541,0.07873801307180107,0.0
1690209711428395575,683525,0.41804267111916954,0.07877600814545208,0.0
1690209711434006086,683526,0.41804012332242246,0.07883141846427855,0.0
1690209711435318252,683526,0.41795103884714685,0.07895772246530426,0.0
1690209711435328874,683526,0.4179222569898624,0.079029461856091,0.0
1690209711435336224,683526,0.41786802317319316,0.0790835903839291,0.0
1690209711435604641,683526,0.41787908645534755,0.07908635015771265,0.0
1690209711435622923,683526,0.4177775577342534,0.07914343969004364,0.0
1690209711435634661,683526,0.4177523675102324,0.0792129460425496,0.0
1690209711435647924,683526,0.41775239511048545,0.07920696440680143,0.0
1690209711435657549,683526,0.41769916679723607,0.07924937732974804,0.0
1690209711435688180,683526,0.4176922567589909,0.07927119479314415,0.0
1690209711442737139,683527,0.4176471052833768,0.07932991276963583,0.0
1690209711442916999,683527,0.417730022759231,0.07923241597814604,0.0
1690209711443743496,683527,0.41771455377191297,0.07922115021275976,0.0
1690209711443839842,683527,0.41766224656745465,0.07924727547021074,0.0
1690209711444153662,683527,0.41765196398008053,0.07922338119871743,0.0
1690209711444268907,683527,0.4176801860621664,0.07918831803061013,0.0
1690209711444287816,683527,0.4176882177147692,0.0791843196899876,0.0
1690209711444302653,683527,0.41775477618331336,0.07911809201513664,0.0
1690209711444311759,683527,0.41774965205416725,0.07907996910450381,0.0
1690209711444315966,683527,0.4178460190683925,0.07901215319883145,0.0
1690209711450227480,683528,0.41796184468995323,0.078839495766832,0.0
1690209711450843484,683528,0.41795496693966727,0.0788666093806082,0.0
1690209711451520492,683528,0.41798180824692366,0.07878148554119972,0.0
1690209711451723625,683528,0.4179816900208083,0.07874281160686572,0.0
1690209711452073982,683528,0.4180331503260526,0.07870433770712534,0.0
1690209711452086509,683528,0.41799020580103113,0.0787372921271408,0.0
1690209711452092989,683528,0.4179512592649034,0.07872843208713225,0.0
1690209711452142567,683528,0.4179007610284828,0.07876071203184437,0.0
1690209711452152344,683528,0.41793993704399834,0.07864167012750387,0.0
1690209711452166176,683528,0.4179119669988013,0.07863325207980534,0.0
1690209711460455388,683529,0.41783385493633585,0.07864760115141997,0.0
1690209711461016643,683529,0.4178660888011594,0.07857503203242514,0.0
1690209711461400139,683529,0.4179184271907621,0.07845934259457803,0.0
1690209711462152280,683529,0.41790027923787476,0.07848915846071869,0.0
1690209711462321262,683529,0.41792884263122365,0.07841851708782299,0.0
1690209711462669790,683529,0.41792833830493037,0.07837986188653409,0.0
1690209711462689449,683529,0.4179827840888631,0.0782743852170765,0.0
1690209711462715005,683529,0.4179901701650215,0.07825956311755108,0.0
1690209711462726261,683529,0.4179545837745845,0.07830328259866273,0.0
1690209711462745746,683529,0.41798303031089495,0.07823948697897401,0.0
1690209711467473672,683530,0.4179995084830008,0.07816876812838985,0.0
1690209711467651677,683530,0.4180026931941894,0.07819207581365001,0.0
1690209711467771176,683530,0.4180943435553312,0.07808662599014442,0.0
1690209711468023241,683530,0.4181246997622925,0.07801245777972371,0.0
1690209711468420399,683530,0.41821073409301823,0.07791893965521408,0.0
1690209711468521343,683530,0.41824290063104125,0.0778915460885546,0.0
1690209711468730186,683530,0.4183023397126985,0.07792605396004933,0.0
1690209711468739463,683530,0.4183068831677388,0.07788895845948482,0.0
1690209711468746737,683530,0.41830556166612587,0.07789049885867323,0.0
1690209711468756573,683530,0.41833018892150514,0.07789867413748416,0.0
1690209711475506289,683531,0.41843680813490425,0.07783588807248866,0.0
1690209711476436964,683531,0.4184333081281375,0.07781340189501215,0.0
1690209711476486439,683531,0.41835136676781903,0.0779520190109437,0.0
1690209711476625321,683531,0.418423370227851,0.07790458087368636,0.0
1690209711476846827,683531,0.418437493602717,0.07795398687680966,0.0
1690209711476866987,683531,0.41838612549092136,0.07801495664275919,0.0
1690209711476883322,683531,0.41833561034426026,0.07801669357415124,0.0
1690209711476894982,683531,0.4183842672269622,0.07799994685774334,0.0
1690209711476902552,683531,0.4184117176631525,0.07795771678290254,0.0
1690209711476945940,683531,0.41835982504109487,0.07799719612975237,0.0
1690209711483779443,683532,0.41823736051108035,0.0781579126681806,0.0
1690209711484231964,683532,0.41830891514589197,0.07810402312385185,0.0
1690209711485005413,683532,0.4183351578399857,0.0780652459131669,0.0
1690209711485616951,683532,0.4182551513435084,0.07817886167814904,0.0
1690209711485803005,683532,0.4182173686039708,0.07817629649472517,0.0
1690209711486087515,683532,0.4182515613358969,0.07812374256936204,0.0
1690209711486104432,683532,0.41822247686794667,0.07815215822032659,0.0
1690209711486134584,683532,0.4181691927907118,0.07819599640264492,0.0
1690209711486149115,683532,0.4181271649796445,0.07824869852983754,0.0
1690209711486157054,683532,0.41818602902180557,0.07816864652847692,0.0
1690209711492271381,683533,0.4183044900747037,0.07806101959157717,0.0
1690209711493517766,683533,0.4183107876623352,0.07808189401540133,0.0
1690209711493685608,683533,0.4183235910028974,0.07810869439605318,0.0
1690209711494032473,683533,0.4184236610947292,0.07798316747869427,0.0
1690209711494054852,683533,0.41835566656417233,0.07803023309958926,0.0
1690209711494067835,683533,0.41837292699865347,0.07807546238628336,0.0
1690209711494086009,683533,0.41825240898311533,0.07815493167789402,0.0
1690209711494101854,683533,0.41829200519123105,0.07808841899578098,0.0
1690209711494115678,683533,0.41823287510306195,0.07813526891686881,0.0
1690209711494124584,683533,0.41827299558599185,0.07812574964605389,0.0
1690209711500451958,683534,0.4182710079737554,0.0781274678874387,0.0
1690209711500689822,683534,0.4182108838797288,0.07813602503670392,0.0
1690209711501439493,683534,0.41815941243935495,0.07818792424331213,0.0
1690209711502348015,683534,0.4181631918335754,0.07818894884398983,0.0
1690209711502429812,683534,0.4180845331665759,0.07824814981921803,0.0
1690209711502768605,683534,0.418017768577393,0.07828289347745333,0.0
1690209711502786745,683534,0.4179450135617182,0.07831775490641113,0.0
1690209711502803596,683534,0.4179318661906618,0.07837185756012371,0.0
1690209711502814584,683534,0.4179424792615124,0.0783670366497485,0.0
1690209711502825194,683534,0.4178426656923954,0.07843019734994701,0.0
1690209711510491309,683535,0.41788172845040167,0.07842759698792576,0.0
1690209711510604107,683535,0.41788816977758164,0.07842482341288208,0.0
1690209711511261999,683535,0.4179099405358775,0.07842360016816888,0.0
1690209711511350111,683535,0.41782990591862856,0.07852693524481501,0.0
1690209711511509747,683535,0.41782421487302573,0.07851026364525245,0.0
1690209711511591320,683535,0.41784556086087143,0.07853518821927938,0.0
1690209711511670762,683535,0.4178279641166709,0.07859185528346721,0.0
1690209711511843521,683535,0.41777776465471617,0.07867910653013495,0.0
1690209711511852881,683535,0.41779662339811585,0.07869734515689226,0.0
1690209711511881414,683535,0.4177806001688989,0.078762942019725,0.0
1690209711518368029,683536,0.4178135268403621,0.07876223787923649,0.0
1690209711518738278,683536,0.4177645727563588,0.07885983031975184,0.0
1690209711518810500,683536,0.4177490588139447,0.07889579820729944,0.0
1690209711519063677,683536,0.4176931487406309,0.07899109406898004,0.0
1690209711519293719,683536,0.4176742696761383,0.07906145673328506,0.0
1690209711519373474,683536,0.4175906354378518,0.07914831364881071,0.0
1690209711519525385,683536,0.4175414356057353,0.07921654014437345,0.0
1690209711519538230,683536,0.4174844777634759,0.07925490023899355,0.0
1690209711519547401,683536,0.41751468528543384,0.07926715611078336,0.0
1690209711519552194,683536,0.41746939783457243,0.07931465382969356,0.0
1690209711525134137,683537,0.41743099525166033,0.07936924279270671,0.0
1690209711525347792,683537,0.4174239598601584,0.07939878810304823,0.0
1690209711526357312,683537,0.4173878264425795,0.0794471351802225,0.0
1690209711526437378,683537,0.4174031671837202,0.079411035164299,0.0
1690209711526558378,683537,0.4173158840494874,0.07948833686133808,0.0
1690209711526717442,683537,0.4172974988760117,0.07948000390025689,0.0
1690209711526729402,683537,0.41733582448650725,0.07942467075945082,0.0
1690209711526739365,683537,0.4172938354313226,0.07944946880249587,0.0
1690209711526746961,683537,0.4172765213148688,0.07946901795471135,0.0
1690209711526752465,683537,0.41740701435241984,0.07930071219336624,0.0
1690209711534155464,683538,0.41739836332361313,0.07929458452730873,0.0
1690209711534285050,683538,0.4174799488658496,0.07923560179021108,0.0
1690209711534524624,683538,0.41754437374121156,0.07914318794210332,0.0
1690209711534530525,683538,0.4175865432345242,0.07912969175294908,0.0
1690209711534535127,683538,0.41765577775726914,0.07905398841923111,0.0
1690209711534550797,683538,0.41760340457102985,0.07907695305337198,0.0
1690209711534555504,683538,0.4176726770262129,0.07906484984105548,0.0
1690209711534565005,683538,0.41770064801074636,0.07896226416967393,0.0
1690209711534579457,683538,0.4177079020870736,0.07892804217701954,0.0
1690209711534587709,683538,0.4176511956305527,0.07898041921578743,0.0
1690209711542221254,683539,0.4177266862719767,0.07886936734938926,0.0
1690209711542740284,683539,0.41774659912276135,0.07881209476876005,0.0
1690209711542889510,683539,0.41769669244015917,0.07884377499890842,0.0
1690209711542938180,683539,0.4177179903431213,0.07879656414917252,0.0
1690209711543074517,683539,0.41776197731506104,0.07873524967562132,0.0
1690209711543081164,683539,0.41774867795750126,0.07865707663651993,0.0
1690209711543088502,683539,0.4177792210128475,0.07859562038674414,0.0
1690209711543095289,683539,0.417755309335285,0.07860941037178348,0.0
1690209711543103425,683539,0.4177760839321486,0.07852596520581681,0.0
1690209711543107665,683539,0.41779371722933345,0.07843901005349276,0.0
1690209711550600761,683540,0.41772661391789934,0.07848271223510885,0.0
1690209711551268053,683540,0.41786992160429764,0.07832147412523675,0.0
1690209711551351383,683540,0.41790894852886207,0.07822753480998718,0.0
1690209711551559857,683540,0.4179504387897856,0.07819178447652458,0.0
1690209711551569053,683540,0.41797592703260694,0.07814997624172267,0.0
1690209711551575605,683540,0.4180450023296297,0.07810327299632937,0.0
1690209711551578564,683540,0.4180896286911666,0.07804437835748924,0.0
1690209711551590458,683540,0.4180847487248778,0.07804556805847043,0.0
1690209711551598336,683540,0.41812138437797597,0.07808249183848104,0.0
1690209711551608608,683540,0.4182548833154745,0.077959183407294,0.0
1690209711559766586,683541,0.41829909588057634,0.0779297986132932,0.0
1690209711560142225,683541,0.4182766930447106,0.07802629768982405,0.0
1690209711560233039,683541,0.4183456407676358,0.0780116512323449,0.0
1690209711560237812,683541,0.4183976058661938,0.0780132274069602,0.0
1690209711560422833,683541,0.41831687837338466,0.0781226325067237,0.0
1690209711560434139,683541,0.4182781651318832,0.07820505412634671,0.0
1690209711560442129,683541,0.4182844492005613,0.07825313976204161,0.0
1690209711560448671,683541,0.41822862981205644,0.07831354998540463,0.0
1690209711560461601,683541,0.41817687641395296,0.07834880759211948,0.0
1690209711560470034,683541,0.41810867661866413,0.07848833545021333,0.0
1690209711567456032,683542,0.41816522796395844,0.0784563127428059,0.0
1690209711567836544,683542,0.41813754195603425,0.07848936673173858,0.0
1690209711568677268,683542,0.4180172368649591,0.07865933083647762,0.0
1690209711568993348,683542,0.41799670587428206,0.07871141647020446,0.0
1690209711569362963,683542,0.41804135325526803,0.0786511292869412,0.0
1690209711569380426,683542,0.4178838196885716,0.07881783525275105,0.0
1690209711569401400,683542,0.417825603867767,0.07884459746945714,0.0
1690209711569417409,683542,0.41767716289432655,0.07895413150842265,0.0
1690209711569426789,683542,0.41769696426971165,0.07893746209311579,0.0
1690209711569453871,683542,0.4176188585786633,0.07895862309617141,0.0
1690209711575687563,683543,0.4176309791286206,0.07897942844266821,0.0
1690209711576332895,683543,0.4176254696925091,0.07896482815061438,0.0
1690209711576543049,683543,0.41775916375892896,0.07881271709772762,0.0
1690209711576725467,683543,0.41768768019393243,0.07888169023744503,0.0
1690209711576920425,683543,0.4177063390148516,0.0789247451187877,0.0
1690209711577180375,683543,0.41768754118691165,0.07888554565294459,0.0
1690209711577438286,683543,0.417627554195937,0.07894915019171107,0.0
1690209711577549787,683543,0.4175981410411036,0.07897884873123025,0.0
1690209711577693610,683543,0.4175844836701349,0.07897223657106893,0.0
1690209711577710489,683543,0.4176104792003399,0.07892458426040805,0.0
1690209711584263281,683544,0.4176140900056598,0.07889439935517596,0.0
1690209711585353126,683544,0.41768340173562984,0.07883971407333684,0.0
1690209711585765753,683544,0.4176968046718008,0.07886612297623709,0.0
1690209711585780464,683544,0.4177495772376221,0.07877847119948267,0.0
1690209711585805660,683544,0.4176844324615041,0.07883453492878127,0.0
1690209711585819182,683544,0.4176986709025868,0.07885297167221259,0.0
1690209711585832635,683544,0.417674248742395,0.07887250733736317,0.0
1690209711585839734,683544,0.417681615766244,0.07885236574634633,0.0
1690209711585848705,683544,0.4175754440634386,0.07893414230983714,0.0
1690209711585876184,683544,0.4176630084000046,0.07885623752966299,0.0
1690209711593153551,683545,0.4176388732789713,0.07889513861747458,0.0
1690209711593539258,683545,0.41760577885067907,0.07891157707979753,0.0
1690209711593826223,683545,0.4175918806174014,0.07891093889993075,0.0
1690209711593836219,683545,0.4176111044136738,0.07887580826663214,0.0
1690209711593913165,683545,0.4176799840111927,0.07881749349523555,0.0
1690209711594026232,683545,0.41765857222356295,0.0788160852150614,0.0
1690209711594411969,683545,0.4176296699099352,0.0788606047262928,0.0
1690209711594426087,683545,0.41769790484948677,0.07878178279499996,0.0
1690209711594432063,683545,0.41770601980791827,0.07875750426498461,0.0
1690209711594451225,683545,0.41763845854627024,0.07885129479486468,0.0
1690209711600934703,683546,0.4176184187358697,0.07886315574658166,0.0
1690209711601197556,683546,0.4176382612846185,0.07885512679140255,0.0
1690209711601827747,683546,0.4176578495061309,0.07882333438049578,0.0
1690209711602337319,683546,0.4176048236154052,0.07891689992945976,0.0
1690209711603517000,683546,0.4175830918819967,0.07892897507509505,0.0
1690209711603530554,683546,0.4175646947006422,0.07894408874381506,0.0
1690209711603538078,683546,0.4175853186703171,0.07892004191930911,0.0
1690209711603564918,683546,0.417550327363506,0.07900204204348982,0.0
1690209711603579379,683546,0.41749612236445344,0.0790463850503078,0.0
1690209711603588310,683546,0.4174742561074509,0.07902962183142738,0.0
1690209711611931296,683547,0.4174824481836618,0.07899540424591342,0.0
1690209711612123597,683547,0.41747378619394215,0.07901068837677966,0.0
1690209711612442423,683547,0.4174477943256692,0.07901629245725277,0.0
1690209711612455346,683547,0.41731436371344366,0.07909839360843854,0.0
1690209711612475342,683547,0.41735046855374347,0.07905102190156318,0.0
1690209711612491364,683547,0.4173690904220735,0.07900083705680358,0.0
1690209711612555576,683547,0.4173169817087492,0.07902995111174649,0.0
1690209711612571641,683547,0.41730902897253386,0.07896000290521607,0.0
1690209711612586781,683547,0.4173241111599826,0.0788661880182442,0.0
1690209711612627806,683547,0.41735695499361747,0.07881364125215334,0.0
1690209711618359787,683548,0.4173361821325966,0.07879471931313473,0.0
1690209711618733988,683548,0.4173617933028156,0.07871274676619502,0.0
1690209711618806405,683548,0.41739720938803754,0.0786191340217021,0.0
1690209711619066593,683548,0.4175287060651767,0.07847166313964479,0.0
1690209711619175741,683548,0.41763216978754825,0.07834667795923998,0.0
1690209711619308354,683548,0.4176584203415626,0.07830168589027378,0.0
1690209711619319181,683548,0.4177587932640522,0.07816867503908521,0.0
1690209711619326842,683548,0.41781583653008536,0.0781067864058018,0.0
1690209711619332460,683548,0.41786921122460946,0.07809808020522932,0.0
1690209711619342015,683548,0.41789995707580596,0.07799167045356506,0.0
1690209711625294028,683549,0.4179483970985688,0.07789922441387127,0.0
1690209711625628233,683549,0.4180540116734858,0.0778044154264754,0.0
1690209711626001504,683549,0.4182561849453516,0.0775919166400772,0.0
1690209711626107027,683549,0.41831066522508725,0.07752816487378879,0.0
1690209711626112583,683549,0.4183808533719869,0.07744875540406566,0.0
1690209711626321723,683549,0.41845436581335,0.07735587829842949,0.0
1690209711626338934,683549,0.4185439152337838,0.07734907526034371,0.0
1690209711626353004,683549,0.418518486128602,0.07730451997447552,0.0
1690209711626357958,683549,0.41855876899054023,0.07724086407126689,0.0
1690209711626387198,683549,0.4185196397648418,0.07727550563735908,0.0
1690209711634676777,683550,0.41872383119619294,0.07706023498770315,0.0
1690209711635195034,683550,0.41872622712542934,0.07701434540195862,0.0
1690209711636537498,683550,0.41869434898981334,0.07705820443729558,0.0
1690209711636559021,683550,0.4188059999489498,0.07692777898901111,0.0
1690209711636880650,683550,0.4188712249327646,0.07690484128851525,0.0
1690209711636974738,683550,0.4188725592816686,0.07689763361412075,0.0
1690209711636996786,683550,0.4188574564348783,0.07690011086107085,0.0
1690209711637014360,683550,0.41890482562367415,0.07687360870706494,0.0
1690209711637025750,683550,0.4189930415260769,0.07678433221539453,0.0
1690209711637036361,683550,0.41898541101694,0.07677613750909,0.0
1690209711642146332,683551,0.4188924540166086,0.07692447665537008,0.0
1690209711643032674,683551,0.4190166574965751,0.07681063061644498,0.0
1690209711643349098,683551,0.41907616838134576,0.07680014440581195,0.0
1690209711643576810,683551,0.4190624164979826,0.07687582079059879,0.0
1690209711643699227,683551,0.41903212317873445,0.07694256406218991,0.0
1690209711643708888,683551,0.41907762796957737,0.07690232826561598,0.0
1690209711643724393,683551,0.41904780016495574,0.07694258193884092,0.0
1690209711643737105,683551,0.41902193938375587,0.07699464563192526,0.0
1690209711643743152,683551,0.41890070884051345,0.07718456101455136,0.0
1690209711643768808,683551,0.41890121514319584,0.07721165203916201,0.0
1690209711653045511,683552,0.41886784903325475,0.07726416494805664,0.0
1690209711654653737,683552,0.41883297597911223,0.07737494414535045,0.0
1690209711654732941,683552,0.41880036413390265,0.0774449232280353,0.0
1690209711655334727,683552,0.41877754959636804,0.07745062518487048,0.0
1690209711655355645,683552,0.41861203767031663,0.0776320209750317,0.0
1690209711655367920,683552,0.41858141825354,0.07773132404912354,0.0
1690209711655398872,683552,0.41849284875339676,0.07784839017848139,0.0
1690209711655410255,683552,0.4183942071799014,0.07797649560110699,0.0
1690209711655436616,683552,0.41830913601633435,0.07802111825959487,0.0
1690209711655461200,683552,0.41824507822853196,0.0781401439302998,0.0
1690209711659456701,683553,0.4182307046873505,0.0781816475166829,0.0
1690209711660249395,683553,0.41818558452536864,0.07818406568208323,0.0
1690209711660543570,683553,0.41806056857988827,0.0783492084671323,0.0
1690209711660686862,683553,0.41804579167732175,0.07842933935515944,0.0
1690209711660956538,683553,0.41807178675562384,0.07834195210740282,0.0
1690209711660962909,683553,0.4179109955465712,0.07851648578571374,0.0
1690209711660970208,683553,0.4178498175528158,0.07852652229166307,0.0
1690209711660977586,683553,0.41789744826923747,0.07848491977630523,0.0
1690209711660982810,683553,0.4178717391154304,0.07850397177044721,0.0
1690209711660990169,683553,0.41778825384962687,0.0785439770217817,0.0
1690209711667781562,683554,0.4178675891616931,0.07847864893927774,0.0
1690209711668413499,683554,0.41786130416630196,0.07848053190876096,0.0
1690209711668558818,683554,0.41801418675087043,0.07832243319399945,0.0
1690209711668844417,683554,0.4179709815089869,0.07836470691601476,0.0
1690209711669040355,683554,0.41799193836398574,0.07837711289041116,0.0
1690209711669286455,683554,0.4181256389117588,0.07821149895556195,0.0
1690209711669303321,683554,0.418091450827789,0.07823684538039045,0.0
1690209711669315312,683554,0.4180938967486009,0.07828349924778372,0.0
1690209711669324480,683554,0.4181915706013553,0.07817005652656173,0.0
1690209711669355118,683554,0.41823263361060387,0.07810722253038285,0.0
1690209711675515512,683555,0.4182761970115943,0.07809657549004556,0.0
1690209711676498559,683555,0.4182940773293574,0.0780546166627985,0.0
1690209711676915129,683555,0.41832456592146083,0.07802825142260193,0.0
1690209711677105525,683555,0.4183813926414609,0.07788734643615007,0.0
1690209711677404276,683555,0.418356071718302,0.07788858627653053,0.0
1690209711677412630,683555,0.4183696950445556,0.07787630606646954,0.0
1690209711677417609,683555,0.41835236412031945,0.0778386085439143,0.0
1690209711677423082,683555,0.41837943958108387,0.07774343810523517,0.0
1690209711677430131,683555,0.4183251601488711,0.07779198170201057,0.0
1690209711677491753,683555,0.4183710058070002,0.07772223958437008,0.0
1690209711684452423,683556,0.41839540448847123,0.07765445320384975,0.0
1690209711685076556,683556,0.4182825870657355,0.07766962404067845,0.0
1690209711685196063,683556,0.4183164844818253,0.07761371388750474,0.0
1690209711685311315,683556,0.41834147143966804,0.07753115089553857,0.0
1690209711686084007,683556,0.4183240798651813,0.07750905328929318,0.0
1690209711686207614,683556,0.4183391462071396,0.07745067692570527,0.0
1690209711686594291,683556,0.4183410223536453,0.07743494988778644,0.0
1690209711686607471,683556,0.41848226674592387,0.07730325053024467,0.0
1690209711686633379,683556,0.4184878472293749,0.07727243962163392,0.0
1690209711686646675,683556,0.41852263938440837,0.07727266495618833,0.0
1690209711693320314,683557,0.41857056246463015,0.0772188342952861,0.0
1690209711693482813,683557,0.418646456181684,0.07719095053818638,0.0
1690209711693685330,683557,0.4186327292877555,0.07720091866072429,0.0
1690209711693949689,683557,0.41862669317808576,0.07722909573984842,0.0
1690209711694094985,683557,0.4186568067477945,0.07718357149348587,0.0
1690209711694750358,683557,0.418711504347388,0.07713377649943039,0.0
1690209711694944826,683557,0.4187035564518144,0.07715330583353917,0.0
1690209711695212652,683557,0.41870401805566726,0.07720573201854339,0.0
1690209711695227762,683557,0.41874322560784183,0.0771679223042095,0.0
1690209711695233947,683557,0.4187624630996577,0.07721495109844319,0.0
1690209711701803259,683558,0.4187650457241075,0.07724546550673743,0.0
1690209711701902750,683558,0.4187504308025433,0.0772910167774977,0.0
1690209711702029374,683558,0.4187399024407215,0.07730673636475642,0.0
1690209711702502598,683558,0.41866133895829166,0.07738616852705593,0.0
1690209711702683693,683558,0.4186481127040342,0.07741688721433142,0.0
1690209711702871880,683558,0.41863129860078613,0.07744230400683395,0.0
1690209711703073532,683558,0.41863412628930685,0.07743899290735709,0.0
1690209711703081095,683558,0.41863861905041255,0.07743104111777104,0.0
1690209711703085104,683558,0.41866903725353266,0.07739052833713875,0.0
1690209711703098681,683558,0.41869744597883674,0.07737616979289731,0.0
1690209711708746556,683559,0.4186960547720899,0.07737712789226306,0.0
1690209711708921507,683559,0.41871305149580823,0.07734720708589812,0.0
1690209711709452120,683559,0.41869489961956363,0.07735004578318157,0.0
1690209711709550909,683559,0.418698558778157,0.07734417032725871,0.0
1690209711709990889,683559,0.4187273660194212,0.0773150470503883,0.0
1690209711710133377,683559,0.41876397283379285,0.0773193825397058,0.0
1690209711710398052,683559,0.41879621946359,0.07728395274253627,0.0
1690209711710406358,683559,0.41877171117526313,0.07730655620203124,0.0
1690209711710418672,683559,0.4188000928862459,0.07729796308385732,0.0
1690209711710429897,683559,0.4187398220076746,0.07733829628627932,0.0
1690209711717369985,683560,0.41874854304910186,0.0773252352578828,0.0
1690209711717863158,683560,0.41861373732129664,0.07745702145709893,0.0
1690209711718361191,683560,0.4186722082607946,0.07739955744380977,0.0
1690209711718464027,683560,0.4186420242508876,0.07740289776192014,0.0
1690209711718754610,683560,0.41856810058400107,0.07748085342613079,0.0
1690209711718765092,683560,0.41857644097610847,0.07745263098823464,0.0
1690209711718769239,683560,0.4185913816304236,0.07741595277385477,0.0
1690209711718773186,683560,0.41854411273515096,0.0774676828309653,0.0
1690209711718778934,683560,0.41851695683506734,0.07749075428992791,0.0
1690209711718829491,683560,0.41846134094027315,0.07753011183869934,0.0
1690209711725968227,683561,0.4184081104344464,0.07759414694707464,0.0
1690209711727530695,683561,0.4183829045855476,0.07757869706959558,0.0
1690209711727592417,683561,0.41824335830095,0.07775166323896635,0.0
1690209711728056455,683561,0.4182743881611468,0.07772065471724887,0.0
1690209711728074506,683561,0.4182384771165483,0.07768525999049548,0.0
1690209711728089609,683561,0.41823274076276956,0.0777216423919467,0.0
1690209711728144818,683561,0.41820240805529446,0.0777835046924913,0.0
1690209711728211720,683561,0.4182668887424075,0.07771180606839893,0.0
1690209711728228907,683561,0.4182620481690748,0.07774176058195523,0.0
1690209711728241685,683561,0.41823139769098094,0.07779846672683431,0.0
1690209711733852095,683562,0.4182781080700738,0.07785352405115213,0.0
1690209711734726072,683562,0.41826150314272476,0.07789179724656327,0.0
1690209711735376814,683562,0.4182156829240098,0.07795361569718304,0.0
1690209711735486892,683562,0.41823143470584734,0.07799458493892823,0.0
1690209711735801133,683562,0.4182082653690037,0.07809632164999818,0.0
1690209711735819498,683562,0.41822287927214014,0.07809202889307115,0.0
1690209711735837036,683562,0.41806328789125213,0.07825563892775748,0.0
1690209711735845706,683562,0.41805303213111983,0.07832089722088272,0.0
1690209711735862315,683562,0.418071236148296,0.07829123898701942,0.0
1690209711735869850,683562,0.4179759919175571,0.07838582568029231,0.0
1690209711742496773,683563,0.41791433901208164,0.0784247688899412,0.0
1690209711742611239,683563,0.4179290367553923,0.07843352279059211,0.0
1690209711742994162,683563,0.4179368581403307,0.07842708381463741,0.0
1690209711743640447,683563,0.41790034974151374,0.0784703197221941,0.0
1690209711743852881,683563,0.41782629649171893,0.07853570605379948,0.0
1690209711744134645,683563,0.4178340923444882,0.07853649951299702,0.0
1690209711744144027,683563,0.4179439702015423,0.07834686924845813,0.0
1690209711744159485,683563,0.417848523172999,0.07843106657947703,0.0
1690209711744167254,683563,0.41782589473688414,0.07841036905904356,0.0
1690209711744191868,683563,0.41786880415999944,0.07830126672039336,0.0
1690209711751071406,683564,0.41790506752148665,0.07822306056189392,0.0
1690209711751415198,683564,0.41786146581387223,0.07826941766680927,0.0
1690209711751596361,683564,0.4179702108690426,0.07812513721484979,0.0
1690209711752098611,683564,0.418012210930388,0.07802663557650621,0.0
1690209711752686760,683564,0.41808046182169234,0.07793137946776904,0.0
1690209711752793833,683564,0.4181519689423835,0.07782678341015489,0.0
1690209711753004812,683564,0.41821109568750225,0.07778703505178018,0.0
1690209711753024934,683564,0.41822099853120015,0.07770296473892238,0.0
1690209711753036812,683564,0.4182225844852226,0.07763634532080543,0.0
1690209711753048865,683564,0.41826203060504724,0.07760697774661844,0.0
1690209711758426611,683565,0.41835944867874664,0.07746005707073074,0.0
1690209711759545538,683565,0.41834583117282037,0.07740548986069047,0.0
1690209711759767789,683565,0.4183515049422955,0.0774208315967556,0.0
1690209711759984762,683565,0.41848416189070614,0.07728015090250534,0.0
1690209711759998988,683565,0.4185300311552601,0.07727966767051794,0.0
1690209711760013965,683565,0.41846310458712777,0.07735250457320106,0.0
1690209711760030215,683565,0.41846545686887426,0.07735638069142911,0.0
1690209711760079863,683565,0.41851701613173087,0.07730093124190784,0.0
1690209711760090407,683565,0.41846630828202425,0.07736171978824762,0.0
1690209711760098799,683565,0.41843873814464294,0.07740825418801414,0.0
1690209711768502430,683566,0.4183411466837196,0.07750088107075429,0.0
1690209711769340454,683566,0.41839391765735395,0.07747346118205126,0.0
1690209711769890309,683566,0.4183545949427323,0.07749183965842997,0.0
1690209711770072013,683566,0.4183205826207613,0.07763216932028337,0.0
1690209711770420906,683566,0.4183196880720771,0.07765450935458418,0.0
1690209711770636106,683566,0.4182866922606732,0.07767375101991507,0.0
1690209711770658679,683566,0.4182706391683325,0.07776301463536621,0.0
1690209711770726208,683566,0.4182006833987084,0.07787402187067083,0.0
1690209711770749232,683566,0.41817367390034127,0.07789179482109626,0.0
1690209711770764421,683566,0.41795991610215233,0.07812357560740994,0.0
1690209711775660765,683567,0.41791905609942775,0.07816719636761384,0.0
1690209711776477360,683567,0.41782759213237447,0.07830131033126424,0.0
1690209711776810911,683567,0.41776745450766617,0.07839321203904216,0.0
1690209711776889186,683567,0.41766793669861724,0.07839592300931568,0.0
1690209711777160866,683567,0.41771316262533553,0.07841352253596341,0.0
1690209711777172772,683567,0.417666868865909,0.07848650301101631,0.0
1690209711777201077,683567,0.4176796265113237,0.07845407560097825,0.0
1690209711777207773,683567,0.4176002311416155,0.07854774653310699,0.0
1690209711777214134,683567,0.4175980009527893,0.07855363496173494,0.0
1690209711777247116,683567,0.41774522990619634,0.07841117376645672,0.0
1690209711783810623,683568,0.4176419940573218,0.07851991448689662,0.0
1690209711784211710,683568,0.41762727000498046,0.07854687301107154,0.0
1690209711784365571,683568,0.4176515236442222,0.078489978938287,0.0
1690209711784954997,683568,0.4176787863597051,0.07849047434883961,0.0
1690209711785050604,683568,0.41768171429625645,0.07848907095975396,0.0
1690209711785399111,683568,0.4177071432101507,0.0784471719571533,0.0
1690209711785419006,683568,0.4177436689072887,0.07841169744027841,0.0
1690209711785434073,683568,0.41791851185000484,0.07823455147175036,0.0
1690209711785443838,683568,0.4179344369729747,0.07819713022935383,0.0
1690209711785455392,683568,0.4179137283398421,0.0782302270529014,0.0
1690209711792473970,683569,0.4179564896181399,0.07813045459112636,0.0
1690209711793442095,683569,0.4179763857629074,0.07808631218290232,0.0
1690209711793583944,683569,0.4179985278272536,0.07811635632467079,0.0
1690209711793702466,683569,0.4179440433305779,0.0781183969703914,0.0
1690209711794060034,683569,0.41796667682433786,0.07805342666173487,0.0
1690209711794189290,683569,0.41792512341530874,0.07802473719393271,0.0
1690209711794619276,683569,0.41796610101847476,0.07795671865439836,0.0
1690209711794625469,683569,0.417981077869715,0.07790867031217703,0.0
1690209711794633710,683569,0.4179095875858173,0.07792265893212948,0.0
1690209711794637853,683569,0.4179535657013544,0.07782588439640414,0.0
1690209711799936711,683570,0.41798372758668834,0.07775476644224069,0.0
1690209711800609071,683570,0.4180934275226641,0.07763791968173121,0.0
1690209711800703545,683570,0.41808166919485135,0.07758648481568889,0.0
1690209711801030227,683570,0.4181530161753405,0.07749986626414465,0.0
1690209711801155267,683570,0.4182519028960281,0.0774041744335862,0.0
1690209711801258898,683570,0.418322601961022,0.07738526272111694,0.0
1690209711801445165,683570,0.41830365796404717,0.0774147905363098,0.0
1690209711801463562,683570,0.418327151186217,0.07737513593184944,0.0
1690209711801471255,683570,0.4183617809275182,0.0773647266050485,0.0
1690209711801476501,683570,0.41846770954028245,0.0772795485593967,0.0
1690209711809240768,683571,0.4184398531444171,0.0773246715668593,0.0
1690209711810333746,683571,0.41846356947415536,0.07733421768754548,0.0
1690209711810488142,683571,0.41845335240468795,0.07734080489345144,0.0
1690209711810741779,683571,0.4185040488265215,0.07737580579485927,0.0
1690209711810750470,683571,0.4184535373132154,0.07743730353300213,0.0
1690209711811146854,683571,0.41843500317525534,0.07748484095725759,0.0
1690209711811161531,683571,0.4184135076722183,0.0774802330236836,0.0
1690209711811200357,683571,0.41849577538024424,0.07742514311764395,0.0
1690209711811236100,683571,0.4184762732298735,0.0774389583431195,0.0
1690209711811274249,683571,0.41842786496463147,0.07752030628745164,0.0
1690209711817088423,683572,0.4184510241074574,0.0775026955356539,0.0
1690209711817424663,683572,0.4184860980830254,0.0775227292160238,0.0
1690209711818177491,683572,0.4185240387986129,0.07747197055683058,0.0
1690209711818320257,683572,0.4184415531447895,0.07756404784912266,0.0
1690209711818587777,683572,0.4184739453543366,0.07752008272125797,0.0
1690209711818687138,683572,0.418442362633057,0.07749653962066613,0.0
1690209711818709179,683572,0.4184518637366065,0.07749499514545183,0.0
1690209711818723272,683572,0.41830200389884165,0.07764128946439933,0.0
1690209711818733182,683572,0.4184386823028702,0.07748988258559453,0.0
1690209711818788886,683572,0.41847808989808666,0.07744584437272047,0.0
1690209711825758482,683573,0.41855656380378325,0.07740678136924627,0.0
1690209711826317646,683573,0.41860395850001175,0.0773389022556221,0.0
1690209711827103020,683573,0.4186426596998149,0.077335714236736,0.0
1690209711827628368,683573,0.4186141584322624,0.07735073205519843,0.0
1690209711827650397,683573,0.41858809154171017,0.0773841764658456,0.0
1690209711827686150,683573,0.41861915829282403,0.07739190774049173,0.0
1690209711827699270,683573,0.41855181851175555,0.07744972074826738,0.0
1690209711827713248,683573,0.4185338659123154,0.07741372836621668,0.0
1690209711827724652,683573,0.4184061212148365,0.07758088128509096,0.0
1690209711827776707,683573,0.4184676013835367,0.07752382188852569,0.0
1690209711833529977,683574,0.4184421122078781,0.07748699174138227,0.0
1690209711833966663,683574,0.41835207649843564,0.0775723544165035,0.0
1690209711834103573,683574,0.4183590673918313,0.07757545952347362,0.0
1690209711834785048,683574,0.4184023920723529,0.07749948904245345,0.0
1690209711834909539,683574,0.41829327464991045,0.07759159309315278,0.0
1690209711835250786,683574,0.41825978264469943,0.07760035365454461,0.0
1690209711835261267,683574,0.41827416851153965,0.0776075821108918,0.0
1690209711835267767,683574,0.4183262024831137,0.07757813738350955,0.0
1690209711835273195,683574,0.418260265442439,0.07759539589361705,0.0
1690209711835305826,683574,0.4182691187605669,0.07766333231662916,0.0
1690209711842434947,683575,0.4182596604603698,0.07770701627844961,0.0
1690209711842952270,683575,0.4183364688024574,0.0776589731542961,0.0
1690209711843162995,683575,0.4182709554227455,0.07777509410112246,0.0
1690209711843241196,683575,0.4182318946444673,0.07787382199797384,0.0
1690209711843386820,683575,0.4182975297125588,0.07784458566105819,0.0
1690209711844008485,683575,0.4181964336009138,0.07797880140436023,0.0
1690209711844228646,683575,0.41814662986636275,0.0780633710153997,0.0
1690209711844448179,683575,0.4181171458865676,0.07811382275309228,0.0
1690209711844458966,683575,0.418065483172955,0.07820593021480435,0.0
1690209711844506660,683575,0.41802468052892283,0.07819537341372426,0.0
1690209711850292461,683576,0.4180039045602124,0.07823947170137036,0.0
1690209711853916107,683576,0.4180041449727856,0.07825289774023467,0.0
1690209711853921633,683576,0.41803993388702826,0.07819483271184462,0.0
1690209711853932615,683576,0.41796162747898424,0.07827851975700836,0.0
1690209711853940128,683576,0.4179183022302774,0.07832533571124356,0.0
1690209711853953000,683576,0.41800118049578544,0.07822550715435296,0.0
1690209711853976442,683576,0.4179673999173277,0.0782734902663027,0.0
1690209711853986150,683576,0.41799691267698563,0.07828109021135474,0.0
1690209711854006073,683576,0.4179862976966476,0.07824611594953063,0.0
1690209711854015646,683576,0.417996665394539,0.07824561433864399,0.0
1690209711859603482,683577,0.418044104302927,0.0781773218945313,0.0
1690209711859967231,683577,0.41808870897188416,0.07811415549256472,0.0
1690209711860197842,683577,0.4180875866686743,0.07810590844037593,0.0
1690209711860289190,683577,0.41810719742917835,0.07808664531421147,0.0
1690209711860426447,683577,0.41819875809370555,0.0779590793490653,0.0
1690209711860851694,683577,0.41823344408234686,0.07796393782752685,0.0
1690209711860939187,683577,0.4182071509044807,0.07796778041816875,0.0
1690209711861095071,683577,0.41823503018488994,0.07792293975078822,0.0
1690209711861106892,683577,0.41826709162151454,0.07784311794238406,0.0
1690209711861114351,683577,0.4182184350634138,0.07785583379569826,0.0
1690209711866404050,683578,0.4181950983787846,0.07780357407510893,0.0
1690209711866749099,683578,0.41814097177570725,0.0778115001965947,0.0
1690209711867008097,683578,0.41819615869900645,0.07769669479529615,0.0
1690209711867128083,683578,0.4181959803338052,0.07768653931107933,0.0
1690209711867521572,683578,0.41819198872072466,0.07767749540357252,0.0
1690209711867647174,683578,0.41824666811501554,0.07759812771645387,0.0
1690209711867915724,683578,0.4183001538253861,0.07749280616502946,0.0
1690209711867995311,683578,0.4183191693839339,0.07747067795187834,0.0
1690209711868122148,683578,0.4183672227433784,0.07743540814817121,0.0
1690209711868129227,683578,0.4183693780714466,0.07735663074664405,0.0
1690209711876233519,683579,0.4184473652284656,0.07724451967937195,0.0
1690209711877418653,683579,0.4184423595283154,0.07725981471120606,0.0
1690209711878022715,683579,0.418533337080753,0.0772179553980961,0.0
1690209711878046851,683579,0.4185694585831941,0.07714749995560893,0.0
1690209711878058867,683579,0.41860113145028527,0.07710020704781004,0.0
1690209711878069739,683579,0.4186271545298852,0.0770802057010329,0.0
1690209711878090384,683579,0.4186757187979103,0.07709714781612964,0.0
1690209711878102328,683579,0.4186806498879964,0.07703829730681759,0.0
1690209711878110252,683579,0.418647664434386,0.07703930342351933,0.0
1690209711878119543,683579,0.4186333889808003,0.07707909985613158,0.0
1690209711884862502,683580,0.4187315909757393,0.07701005536933535,0.0
1690209711885908711,683580,0.41870571937378875,0.07700504086055406,0.0
1690209711886097511,683580,0.418699975849835,0.07705266834512846,0.0
1690209711886445390,683580,0.4187792585003469,0.07701654879763355,0.0
1690209711886459831,683580,0.4188173742461419,0.07706589340513932,0.0
1690209711886471621,683580,0.4187861656186713,0.07711575441442892,0.0
1690209711886486616,683580,0.4186411607121661,0.07728130227019918,0.0
1690209711886524286,683580,0.4186863551416949,0.07728910354618639,0.0
1690209711886551942,683580,0.4186404379879049,0.07728478713957121,0.0
1690209711886563033,683580,0.41855292529419436,0.07738393210197143,0.0
1690209711892487702,683581,0.4184534069214605,0.07744554578916159,0.0
1690209711893109841,683581,0.4185328712609623,0.07735866742590664,0.0
1690209711893829763,683581,0.41853655605212753,0.07736500140161569,0.0
1690209711893972804,683581,0.41849542476910084,0.0774273905062317,0.0
1690209711894280698,683581,0.41850463618258893,0.0774199668403594,0.0
1690209711894297535,683581,0.41855065166153216,0.07739153834743691,0.0
1690209711894325114,683581,0.41858659430838085,0.07732887942161087,0.0
1690209711894332576,683581,0.4185041194864879,0.07740859446478547,0.0
1690209711894337851,683581,0.41837936830050515,0.07754772752850335,0.0
1690209711894352538,683581,0.4184331155873895,0.07745873612689255,0.0
1690209711900205168,683582,0.4184287835875927,0.0774590511142371,0.0
1690209711901198737,683582,0.41840497317734604,0.07754793743109875,0.0
1690209711901326180,683582,0.4184724970575575,0.07745796271149552,0.0
1690209711901439453,683582,0.4185094260436838,0.07739565744702635,0.0
1690209711901742531,683582,0.4184780718019937,0.07746472636132841,0.0
1690209711901885986,683582,0.4185236347695462,0.07743658893711054,0.0
1690209711902074686,683582,0.41843173447788956,0.07753837456500617,0.0
1690209711902086397,683582,0.4184682891109216,0.07749688052914226,0.0
1690209711902093425,683582,0.4184329344100834,0.07748426601964008,0.0
1690209711902127769,683582,0.4184167212455364,0.07757219046627646,0.0
1690209711911392668,683583,0.4184080977878359,0.07755861313167256,0.0
1690209711911450732,683583,0.4183852696677252,0.07751230099459769,0.0
1690209711911950846,683583,0.4183143232701495,0.07761328736889381,0.0
1690209711911969014,683583,0.4183384868182085,0.07758942379865534,0.0
1690209711911980929,683583,0.4183600162446014,0.077538038838284,0.0
1690209711911999415,683583,0.41820425168850894,0.0776853091817694,0.0
1690209711912037490,683583,0.41820841683963844,0.07765137858291522,0.0
1690209711912070794,683583,0.4182053036006191,0.07764658232489753,0.0
1690209711912077987,683583,0.41818022151640377,0.07766276730385017,0.0
1690209711912101538,683583,0.41813506713676235,0.07764482524516769,0.0
1690209711918175999,683584,0.41814240599176017,0.07766546497763603,0.0
1690209711918698085,683584,0.41819380785971316,0.07765586850414315,0.0
1690209711919355717,683584,0.4182351491758868,0.07761113283607418,0.0
1690209711919513914,683584,0.41819168603210616,0.07772358835117252,0.0
1690209711919761711,683584,0.4182174729792216,0.07772000797529928,0.0
1690209711919776774,683584,0.41830779726330325,0.07768840501372383,0.0
1690209711919785266,683584,0.4182744447467355,0.07777490859454875,0.0
1690209711919794377,683584,0.4182445915840815,0.07788855384294956,0.0
1690209711919801982,683584,0.41826399533435926,0.07788290920404864,0.0
1690209711919832967,683584,0.4181871600798331,0.07799585009123935,0.0
1690209711926350940,683585,0.41819395963726536,0.07805373081059612,0.0
1690209711926853551,683585,0.41808854180598387,0.07816736416057507,0.0
1690209711927019581,683585,0.41806423778918866,0.07820939850432745,0.0
1690209711927315690,683585,0.4180447635013148,0.07814641073804081,0.0
1690209711927330148,683585,0.4180227435685516,0.07821384388030596,0.0
1690209711927340094,683585,0.4180065512102862,0.07823316358015107,0.0
1690209711927347571,683585,0.4179615005378882,0.0782460816997375,0.0
1690209711927367447,683585,0.4179371985754316,0.07824142913474953,0.0
1690209711927380966,683585,0.41793207739384397,0.0782522393911364,0.0
1690209711927389752,683585,0.4180248051985488,0.07812647900074547,0.0
1690209711934737143,683586,0.41800836871281133,0.07812229308315644,0.0
1690209711935243966,683586,0.4180278031934063,0.07804772095054914,0.0
1690209711935368886,683586,0.41805514727349025,0.07796379521050643,0.0
1690209711935773314,683586,0.41808116829753444,0.07791300771021578,0.0
1690209711935790621,683586,0.41808949542910995,0.07788718505695205,0.0
1690209711935819423,683586,0.41820142484234235,0.07771878091182026,0.0
1690209711935829434,683586,0.4182310960551091,0.07767164539483684,0.0
1690209711935838961,683586,0.4183522295845269,0.07754892923618666,0.0
1690209711935857070,683586,0.41847162551923023,0.07738670896552248,0.0
1690209711935872015,683586,0.4185622550058988,0.07730417345713428,0.0
1690209711943379355,683587,0.4186047848668235,0.07720851853990657,0.0
1690209711943511161,683587,0.41863290530374264,0.07717403704018025,0.0
1690209711943835610,683587,0.41867904299733766,0.07710272384075606,0.0
1690209711943845188,683587,0.4186640643617794,0.07707104030198712,0.0
1690209711943849382,683587,0.4186958022055544,0.07700633271537645,0.0
1690209711944015921,683587,0.41878251248702436,0.07689319603263124,0.0
1690209711944048068,683587,0.4188428306118639,0.07679749234863546,0.0
1690209711944294813,683587,0.41887186876453714,0.07678758081236438,0.0
1690209711944416072,683587,0.41889677351789645,0.07677139842485195,0.0
1690209711944434542,683587,0.4189901035009883,0.07673607124740174,0.0
1690209711950682289,683588,0.41899901265872885,0.07671657154183306,0.0
1690209711950799510,683588,0.41898936625341954,0.07675208599149508,0.0
1690209711951882289,683588,0.41899082815776123,0.07679561830358321,0.0
1690209711951925665,683588,0.41898653734542973,0.07678586532708985,0.0
1690209711952287236,683588,0.4189615347209852,0.07683445480514313,0.0
1690209711952299416,683588,0.41884476243782787,0.07699189486391675,0.0
1690209711952310936,683588,0.4189111572228823,0.07699942699802446,0.0
1690209711952327221,683588,0.41891678604226423,0.07702610067990746,0.0
1690209711952334653,683588,0.4188719172116045,0.07709469707733785,0.0
1690209711952370363,683588,0.4188923270833814,0.07713762450062175,0.0
1690209711962513588,683589,0.4189117674853172,0.07718824503920775,0.0
1690209711962536010,683589,0.4188071732217053,0.07731042588771311,0.0
1690209711962962793,683589,0.41865323299314694,0.07750034568573816,0.0
1690209711962977324,683589,0.41852220593345935,0.07765709519150822,0.0
1690209711962985924,683589,0.4184872887755762,0.07767563098467081,0.0
1690209711963004837,683589,0.41838131015395935,0.07776338111048944,0.0
1690209711963025719,683589,0.4182674634696258,0.07784803502672974,0.0
1690209711963048826,683589,0.41826492763876755,0.07782003116445865,0.0
1690209711963082210,683589,0.4182296780533865,0.07779135836265379,0.0
1690209711963090783,683589,0.41813729024416324,0.07787952130401196,0.0
1690209711969072958,683590,0.4181654386376169,0.07789396715130263,0.0
1690209711970207567,683590,0.4181380223649314,0.07788078132696832,0.0
1690209711970311358,683590,0.41819207345094783,0.0778495318551435,0.0
1690209711970656664,683590,0.41814097320681476,0.07785801243408981,0.0
1690209711970670415,683590,0.418131212223416,0.07794117929969298,0.0
1690209711970685829,683590,0.41818466247222724,0.07785533668951704,0.0
1690209711970697538,683590,0.41816622856128377,0.07781896688328631,0.0
1690209711970705336,683590,0.418192104389693,0.07784956176590016,0.0
1690209711970718462,683590,0.41821791316465334,0.07782466533135085,0.0
1690209711970739531,683590,0.4182819637656875,0.07772918379854972,0.0
1690209711975515572,683591,0.41818685427286484,0.07783589391672284,0.0
1690209711975952728,683591,0.4182312294004707,0.07777831200774009,0.0
1690209711976634908,683591,0.41825280816705723,0.07778876011529798,0.0
1690209711976784923,683591,0.41825833131932344,0.07776467246017371,0.0
1690209711977019241,683591,0.41821503847126895,0.07776117095552666,0.0
1690209711977027037,683591,0.4182498616514592,0.07775299606747972,0.0
1690209711977030363,683591,0.4182408686998615,0.07778364796615672,0.0
1690209711977087485,683591,0.41829784806008175,0.07770571717959614,0.0
1690209711977106374,683591,0.4182315457338573,0.07777701348200536,0.0
1690209711977115957,683591,0.41828077267918834,0.07775710726366826,0.0
1690209711985131645,683592,0.41836856257500715,0.07767776441077391,0.0
1690209711985297904,683592,0.41827727259504666,0.07779070643503204,0.0
1690209711985873185,683592,0.41827408227381857,0.0777813347190422,0.0
1690209711985900738,683592,0.4183259129387599,0.07774151482601531,0.0
1690209711985918112,683592,0.4183246896793528,0.07779187680122705,0.0
1690209711985933003,683592,0.41837564872282373,0.07776829182777921,0.0
1690209711985939662,683592,0.4183421891598941,0.07778988553330755,0.0
1690209711985955338,683592,0.4183619030446366,0.07779850153331808,0.0
1690209711985976067,683592,0.4184152611401277,0.07777672016072783,0.0
1690209711986030078,683592,0.41838962237960214,0.07788285570792013,0.0
1690209711994863551,683593,0.41836497460373934,0.07794562913166249,0.0
1690209711995986936,683593,0.4183667714861994,0.07797865926748523,0.0
1690209711996214497,683593,0.41840007558178466,0.07801539690756087,0.0
1690209711996820569,683593,0.41838682206527666,0.07808992365891651,0.0
1690209711996843035,683593,0.4183112790323579,0.07815293498345108,0.0
1690209711996854886,683593,0.4181968054701949,0.0782827855272489,0.0
1690209711996878016,683593,0.4182057177428802,0.07825899486227221,0.0
1690209711996894474,683593,0.4181371894358745,0.07830607319124605,0.0
1690209711996906676,683593,0.4180526557326265,0.07839087368781536,0.0
1690209711996996701,683593,0.4180372599451591,0.07833877538615086,0.0
1690209712002794512,683594,0.4180718209534101,0.07829967680709618,0.0
1690209712004039632,683594,0.41803226559782874,0.07834974658881436,0.0
1690209712004203853,683594,0.41799913971519215,0.07835604014158264,0.0
1690209712004502064,683594,0.41799979612538063,0.078336206569802,0.0
1690209712004518557,683594,0.41802082202643814,0.07824455481351784,0.0
1690209712004532603,683594,0.4181238961808951,0.07812579465736608,0.0
1690209712004548169,683594,0.41810289155316893,0.07813036382762273,0.0
1690209712004555298,683594,0.41810910222815856,0.0780780009178206,0.0
1690209712004563396,683594,0.4181467997726088,0.07795243869283178,0.0
1690209712004595288,683594,0.4181518704363991,0.07792977688152988,0.0
1690209712008549212,683595,0.41826078287212015,0.07779917722210762,0.0
1690209712009377203,683595,0.4183754764349443,0.07763693295955114,0.0
1690209712009386940,683595,0.4184420860301217,0.07755181395320389,0.0
1690209712009893685,683595,0.4186009157199052,0.07739975918536637,0.0
1690209712010104068,683595,0.4187384390047065,0.07732561119685342,0.0
1690209712010392716,683595,0.41877297647552325,0.0773076325420638,0.0
1690209712010407335,683595,0.41882462088885997,0.07723508021674917,0.0
1690209712010413377,683595,0.4188652050420587,0.07719616403836814,0.0
1690209712010418910,683595,0.4189663892920923,0.07713464108714271,0.0
1690209712010428781,683595,0.4189666460621594,0.0771060624315277,0.0
1690209712017315861,683596,0.41894620996601806,0.0771387922938179,0.0
1690209712018492886,683596,0.4189921264434311,0.0771079991333731,0.0
1690209712018601025,683596,0.4190828170057694,0.07707288632669786,0.0
1690209712018778040,683596,0.4190992826077211,0.07707171344396682,0.0
1690209712018782649,683596,0.4190043477564359,0.07715487468521404,0.0
1690209712018807656,683596,0.41907279116588614,0.07710948638094746,0.0
1690209712018812119,683596,0.4190385792465421,0.07711339700037839,0.0
1690209712018814899,683596,0.4190090638386948,0.07715320462610743,0.0
1690209712018833377,683596,0.41887788717772206,0.0772756403130529,0.0
1690209712018846342,683596,0.41890410579905446,0.07722987328616676,0.0
1690209712025194674,683597,0.4189375492607861,0.07720317013938745,0.0
1690209712025331229,683597,0.4188934948150667,0.07729818154190124,0.0
1690209712025817679,683597,0.4188595522093222,0.07738660880439617,0.0
1690209712026016557,683597,0.4189252016763283,0.07735768181002971,0.0
1690209712026033396,683597,0.4188493961509896,0.07747907617419057,0.0
1690209712026314659,683597,0.4188342601134056,0.07756358580601079,0.0
1690209712026324449,683597,0.41868786871367897,0.07775639950017194,0.0
1690209712026339625,683597,0.41866944477944723,0.07780086932103762,0.0
1690209712026347187,683597,0.4185229939786569,0.07793008171203467,0.0
1690209712026354243,683597,0.4184543212958481,0.07808024500523722,0.0
1690209712033868316,683598,0.41840129591766817,0.07813486387260268,0.0
1690209712034145332,683598,0.4183046862544969,0.07820512789156926,0.0
1690209712034298002,683598,0.41818995950986004,0.07828518529699795,0.0
1690209712034522162,683598,0.4181784006095962,0.07834144932719467,0.0
1690209712034726620,683598,0.4180975469923818,0.07838447284810147,0.0
1690209712034947834,683598,0.41796846496830403,0.07851602246137429,0.0
1690209712035012433,683598,0.4179470468335265,0.07853628453339774,0.0
1690209712035138817,683598,0.41790930524404185,0.07861493806802652,0.0
1690209712035268423,683598,0.41788262087034506,0.07863442500151929,0.0
1690209712035277823,683598,0.4177992496828648,0.0786535532863452,0.0
1690209712043182197,683599,0.41782108588403155,0.07865515831226134,0.0
1690209712043523756,683599,0.4178654539899408,0.07860330058706906,0.0
1690209712043661013,683599,0.41792114214080817,0.07854137407489567,0.0
1690209712044000156,683599,0.41782398596506654,0.07864767063433331,0.0
1690209712044116885,683599,0.4178871645407211,0.07858540621801388,0.0
1690209712044393618,683599,0.4179211795829127,0.07855405638510833,0.0
1690209712044403861,683599,0.41800114835099395,0.07850652438415744,0.0
1690209712044411961,683599,0.4180386771456789,0.07842251920388621,0.0
1690209712044425623,683599,0.41810311918578974,0.07840478506139635,0.0
1690209712044433613,683599,0.41814786128153747,0.07834925445864409,0.0
1690209712050593594,683600,0.41820881395567794,0.07828179041278593,0.0
1690209712050923442,683600,0.41819001834956904,0.07834470063358663,0.0
1690209712051289216,683600,0.41815809090221456,0.07835928083252601,0.0
1690209712051324251,683600,0.4182144016171198,0.07829003930802987,0.0
1690209712051470463,683600,0.41813447740039655,0.07838460256393001,0.0
1690209712051523475,683600,0.4181482546976981,0.07838701891735848,0.0
1690209712051530672,683600,0.41813864402871026,0.07838543637323984,0.0
1690209712051535972,683600,0.4180552540169128,0.0784712208440191,0.0
1690209712051541149,683600,0.41808645165021724,0.07843884618852301,0.0
1690209712051551942,683600,0.4180611563816866,0.07844588596930661,0.0
1690209712057919945,683601,0.41804740914632704,0.07848988996672589,0.0
1690209712058109115,683601,0.41809847491247343,0.0784449304950318,0.0
1690209712058354731,683601,0.4180740224006882,0.07845062291377085,0.0
1690209712058581416,683601,0.4180887790697404,0.07848829403741668,0.0
1690209712058599943,683601,0.4180721318946796,0.07850667203715192,0.0
1690209712058689144,683601,0.41808243691727515,0.07858019223242645,0.0
1690209712058782012,683601,0.41807969972581194,0.07862114519545071,0.0
1690209712058790431,683601,0.41801900454152635,0.07869914673103429,0.0
1690209712058796211,683601,0.418048284836231,0.07872255780872815,0.0
1690209712058805685,683601,0.41803278280567235,0.07872330091156406,0.0
1690209712069322411,683602,0.41799691429046026,0.07876455552534019,0.0
1690209712069936264,683602,0.4178557437021861,0.078898437945507,0.0
1690209712070230082,683602,0.41785580506538655,0.07890375707255591,0.0
1690209712070639159,683602,0.41783789885209743,0.07884591091767236,0.0
1690209712070658364,683602,0.4177307113568294,0.07896138593997047,0.0
1690209712070681107,683602,0.41769855557684143,0.07890165754807571,0.0
1690209712070690646,683602,0.417691883597323,0.07885561755621948,0.0
1690209712070703774,683602,0.4177216761951873,0.07874856661667748,0.0
1690209712070712880,683602,0.4176806853740478,0.0787535701678043,0.0
1690209712070765818,683602,0.4177593289137155,0.07866504920630386,0.0
1690209712076287967,683603,0.41777867696862225,0.07858191592845581,0.0
1690209712077071752,683603,0.4179418817703585,0.07836908640572578,0.0
1690209712077186478,683603,0.41798039448667446,0.078313771720271,0.0
1690209712077316254,683603,0.4181420336758906,0.07818369159351872,0.0
1690209712077642343,683603,0.41823064799710347,0.07802299395923502,0.0
1690209712077732835,683603,0.41826717788459683,0.0779752711422538,0.0
1690209712077976844,683603,0.4183578066872251,0.07792361519644049,0.0
1690209712078000827,683603,0.4184073948921881,0.07788124241581441,0.0
1690209712078008863,683603,0.418419163520213,0.07781289333537156,0.0
1690209712078024038,683603,0.41837693449927954,0.07785628661330857,0.0
1690209712085717144,683604,0.4184700427459045,0.07773768495719202,0.0
1690209712089951171,683604,0.4186255907141889,0.07757074382935639,0.0
1690209712089964832,683604,0.4185634639547169,0.07756137017385153,0.0
1690209712089969917,683604,0.41861499321538675,0.07754354341343318,0.0
1690209712089987778,683604,0.41874195409247195,0.07738692185567253,0.0
1690209712090009095,683604,0.41876458921216253,0.07740757254574268,0.0
1690209712090026573,683604,0.41876734345550626,0.07739855203607962,0.0
1690209712090081864,683604,0.4187700576770832,0.07739455376598951,0.0
1690209712090109047,683604,0.418874715539304,0.07732493512574924,0.0
1690209712090120160,683604,0.41885590467852685,0.07733808071879403,0.0
1690209712093061794,683605,0.4188404466072726,0.07739653559292044,0.0
1690209712093204124,683605,0.4187637126696592,0.07749006863186064,0.0
1690209712093289173,683605,0.4188449443801902,0.0774332879845585,0.0
1690209712093399217,683605,0.41882089206594075,0.07746930800922033,0.0
1690209712093473694,683605,0.4187441033923624,0.07762553318010519,0.0
1690209712093481955,683605,0.4187443222946199,0.07761516314463288,0.0
1690209712093818776,683605,0.41867720539238534,0.07767241479245822,0.0
1690209712093854748,683605,0.4185759743308427,0.07781514858690095,0.0
1690209712093951367,683605,0.41851439443942506,0.07792711834032157,0.0
1690209712093958480,683605,0.4183854881435778,0.07805079809161197,0.0
1690209712101935413,683606,0.4182632518123908,0.07815921701332054,0.0
1690209712101995690,683606,0.4182458389430527,0.07819100001157782,0.0
1690209712102210940,683606,0.41815409008690535,0.07831761927534195,0.0
1690209712102585596,683606,0.4181236323298468,0.07835167627475381,0.0
1690209712102599975,683606,0.4180497625469103,0.07837768239398943,0.0
1690209712102629346,683606,0.4180409325383735,0.07841941996254044,0.0
1690209712102645638,683606,0.41814592792144256,0.07833290559406997,0.0
1690209712102656627,683606,0.4181563299758939,0.07830000479262744,0.0
1690209712102709409,683606,0.41811215638815796,0.07837129367400998,0.0
1690209712102714667,683606,0.4181414576199034,0.07829836389829828,0.0
1690209712108924950,683607,0.41816676249706797,0.07829139434087976,0.0
1690209712109575143,683607,0.4181401623100339,0.0783316173649013,0.0
1690209712110343286,683607,0.4181822146822074,0.07826787041508142,0.0
1690209712110457077,683607,0.4182300725187817,0.07820579053743149,0.0
1690209712110786663,683607,0.41829394519084473,0.07817343243566106,0.0
1690209712110795397,683607,0.41838091237171104,0.07807195243705017,0.0
1690209712110812032,683607,0.41835420675227597,0.07810489197397343,0.0
1690209712110818250,683607,0.4183655115977593,0.07808101822889095,0.0
1690209712110827105,683607,0.4184369622722826,0.07797291254551889,0.0
1690209712110883783,683607,0.4184472717728379,0.07801439967942735,0.0
1690209712117225993,683608,0.41839751271616543,0.07805307016593929,0.0
1690209712118166381,683608,0.41840521833198197,0.07800758416168607,0.0
1690209712118280255,683608,0.41836852242436284,0.07803331548274041,0.0
1690209712118627609,683608,0.4184110806976093,0.07799832406964377,0.0
1690209712118649103,683608,0.41836519169973463,0.07799846576716833,0.0
1690209712118670849,683608,0.4182888056638385,0.07804344930101466,0.0
1690209712118691812,683608,0.41833361706252614,0.07791832225239982,0.0
1690209712118705256,683608,0.41832981989311835,0.07788599494069338,0.0
1690209712118718073,683608,0.4183085190947905,0.0778670807281707,0.0
1690209712118730074,683608,0.4183091785775473,0.07782845064404627,0.0
1690209712125494088,683609,0.4183264869903477,0.07775367804784243,0.0
1690209712125755526,683609,0.4183805169874966,0.07772013018115002,0.0
1690209712126934150,683609,0.41842369931853407,0.07766366413658435,0.0
1690209712127339402,683609,0.41842998503216305,0.0776667261407398,0.0
1690209712127362851,683609,0.41848930574165677,0.07758693674148692,0.0
1690209712127373481,683609,0.4185235248013588,0.0775569615865032,0.0
1690209712127381362,683609,0.41857805256696684,0.07755921710428386,0.0
1690209712127394410,683609,0.4185289473988309,0.0775878819606967,0.0
1690209712127401902,683609,0.4185425143365028,0.07753513578097952,0.0
1690209712127459601,683609,0.41848377560096334,0.07759795336816677,0.0
1690209712134193177,683610,0.41858393161058166,0.07751434235961802,0.0
1690209712134553404,683610,0.41854684475347004,0.07754329707555971,0.0
1690209712135689226,683610,0.41851639419097086,0.0775993962152272,0.0
1690209712135698442,683610,0.4185465212041636,0.07752535556893614,0.0
1690209712136193432,683610,0.4185959350119517,0.07758161341109403,0.0
1690209712136213190,683610,0.4185863480350783,0.07757294872095426,0.0
1690209712136226051,683610,0.4185609064477659,0.0775907692497462,0.0
1690209712136232546,683610,0.41852562476950433,0.07766159172551275,0.0
1690209712136248995,683610,0.418560322327293,0.07762426480937831,0.0
1690209712136269243,683610,0.418582913316496,0.07755788754671371,0.0
1690209712142286267,683611,0.4184467613735601,0.07771564681873655,0.0
1690209712143633334,683611,0.41849951608476854,0.07763514728856706,0.0
1690209712144038870,683611,0.418546429556513,0.07757128282803646,0.0
1690209712144051835,683611,0.4185550080593621,0.0775880695912144,0.0
1690209712144059139,683611,0.41850143051692645,0.07762406341480742,0.0
1690209712144372313,683611,0.4186168551100704,0.07750386231142223,0.0
1690209712144386381,683611,0.41856867022503297,0.07751975637483444,0.0
1690209712144397925,683611,0.41866175195938027,0.07746727322348576,0.0
1690209712144408477,683611,0.4186029387699032,0.0775133525261659,0.0
1690209712144433144,683611,0.4186493442872927,0.07751034595816567,0.0
1690209712150645033,683612,0.4187099634440488,0.07741108140556732,0.0
1690209712151758111,683612,0.4186677691357287,0.07748644523009209,0.0
1690209712151912973,683612,0.41870571975972437,0.07750436775955603,0.0
1690209712152275504,683612,0.4187063138889408,0.0774613214194572,0.0
1690209712152288364,683612,0.4186539151327187,0.0775059682013208,0.0
1690209712152301123,683612,0.41858023450122916,0.0776149531720021,0.0
1690209712152314424,683612,0.41857815828726974,0.07759835973694694,0.0
1690209712152435505,683612,0.41852702836703737,0.07765147825043317,0.0
1690209712152519951,683612,0.4184194254148648,0.07770443430668575,0.0
1690209712152538276,683612,0.41839035329200364,0.07774273720234139,0.0
1690209712158793497,683613,0.41842735747864257,0.07771432865320324,0.0
1690209712159485715,683613,0.4183566531741866,0.07772341762014744,0.0
1690209712160684110,683613,0.41837888771080545,0.0777104074433925,0.0
1690209712160705477,683613,0.4183289615868256,0.07776580285370774,0.0
1690209712160725252,683613,0.4184090495990751,0.07766932431427037,0.0
1690209712160747165,683613,0.4183379836198687,0.07773034733248928,0.0
1690209712160757489,683613,0.4182478930124294,0.07784567984780257,0.0
1690209712160776761,683613,0.4183178736275075,0.07778682485885656,0.0
1690209712160850918,683613,0.41830811237312826,0.07779610501149493,0.0
1690209712160899113,683613,0.4182780560821899,0.0778668415251801,0.0
1690209712168172653,683614,0.41827281386407694,0.07787546636581878,0.0
1690209712169605980,683614,0.4182930380553743,0.0778661022109705,0.0
1690209712169626291,683614,0.4183349206028947,0.07785952890899199,0.0
1690209712169745458,683614,0.4182840615707746,0.07792360896872702,0.0
1690209712170080516,683614,0.41830297215135126,0.07799045418296491,0.0
1690209712170254277,683614,0.4183542392424369,0.07791039198657868,0.0
1690209712170292378,683614,0.41835376939945035,0.07795070219780463,0.0
1690209712170299635,683614,0.41835236607537496,0.07800018597593256,0.0
1690209712170304627,683614,0.41833540874479186,0.07802914244088269,0.0
1690209712170330551,683614,0.418331333170453,0.07798372457043314,0.0
1690209712175749656,683615,0.4182164533478974,0.0781212156721938,0.0
1690209712176225341,683615,0.4181935291925812,0.07816258411969945,0.0
1690209712176963132,683615,0.4181626923836723,0.07819554288625938,0.0
1690209712177056009,683615,0.418107086316448,0.07820053321849889,0.0
1690209712177286783,683615,0.4180466065342956,0.07819365984653132,0.0
1690209712177296840,683615,0.41807110485696797,0.07817868257774967,0.0
1690209712177303546,683615,0.41805131258206696,0.07814592788943855,0.0
1690209712177323173,683615,0.41803566537924197,0.07811223416638859,0.0
1690209712177339104,683615,0.4179902661065977,0.07814767945411258,0.0
1690209712177348359,683615,0.4181191661747099,0.07803101478443653,0.0
1690209712184633046,683616,0.4181485327057154,0.07792045719565237,0.0
1690209712184767874,683616,0.4181429361048454,0.07794606686222647,0.0
1690209712185326712,683616,0.41815795002093403,0.07788257504000101,0.0
1690209712185344388,683616,0.4182354551894732,0.07783859789447901,0.0
1690209712185353401,683616,0.4182632197770354,0.07778832244279994,0.0
1690209712185371428,683616,0.4182246768011068,0.07780091857020101,0.0
1690209712185387470,683616,0.4183523049607348,0.07769264008988226,0.0
1690209712185399368,683616,0.4183999615333076,0.07761645939343569,0.0
1690209712185409938,683616,0.4185426922108739,0.07748187620461156,0.0
1690209712185419550,683616,0.41849956158671553,0.07755045775341192,0.0
1690209712193009264,683617,0.4186157736697338,0.07747466146735583,0.0
1690209712193821291,683617,0.4186763774782356,0.0774040257344883,0.0
1690209712193964065,683617,0.4186476867564713,0.07746690035607484,0.0
1690209712194581330,683617,0.41868183624215527,0.0774881148261202,0.0
1690209712194737088,683617,0.41870462864890745,0.07746705896840309,0.0
1690209712195091543,683617,0.4186192949646652,0.07753177301586585,0.0
1690209712195110601,683617,0.418540679662871,0.07764092930225715,0.0
1690209712195122696,683617,0.41847152690845535,0.07769359840139868,0.0
1690209712195134847,683617,0.4184557052490718,0.07771538066235956,0.0
1690209712195142909,683617,0.41834935325339184,0.07776703915357491,0.0
1690209712200662121,683618,0.4183128920692692,0.07782995003123412,0.0
1690209712201501155,683618,0.4183477795582589,0.07778995888705945,0.0
1690209712201746609,683618,0.41829596451616113,0.07780416092364795,0.0
1690209712201868947,683618,0.41830770712931453,0.07783347324958094,0.0
1690209712202240429,683618,0.41831149630933306,0.07784487768188357,0.0
1690209712202270570,683618,0.41840413667108733,0.0777552301799552,0.0
1690209712202292265,683618,0.4183307535430648,0.07784546243131513,0.0
1690209712202300508,683618,0.41833222117755103,0.077935776428682,0.0
1690209712202306857,683618,0.41841840783110373,0.0778962562695689,0.0
1690209712202323651,683618,0.4183950827137004,0.0779651101343864,0.0
1690209712208863626,683619,0.4183743471162047,0.07804326200804884,0.0
1690209712209136903,683619,0.4183636671328322,0.07809163213780361,0.0
1690209712209844842,683619,0.4183923057515284,0.07808612581658625,0.0
1690209712209928195,683619,0.4182890104350523,0.07822731989651314,0.0
1690209712210201466,683619,0.41822962899644534,0.07832492516583521,0.0
1690209712210218041,683619,0.41818503173883737,0.07835100718898529,0.0
1690209712210234732,683619,0.41814617566842593,0.07834227402422099,0.0
1690209712210241797,683619,0.4180470162823273,0.07836848036217178,0.0
1690209712210249925,683619,0.4180361506629132,0.07838735300816334,0.0
1690209712210276407,683619,0.41804584127678934,0.07834349213025742,0.0
1690209712217078427,683620,0.4180212885129066,0.07829627231718911,0.0
1690209712217469276,683620,0.4179812238875966,0.07834577798061956,0.0
1690209712217630377,683620,0.41802434081086665,0.07829561351573897,0.0
1690209712218201610,683620,0.4180937251690251,0.07816211100260752,0.0
1690209712218354419,683620,0.4180333266360723,0.07816585704937472,0.0
1690209712218617429,683620,0.4180454066758402,0.07810174078306613,0.0
1690209712218627006,683620,0.4180884583799215,0.07803988301903138,0.0
1690209712218631772,683620,0.418090995989156,0.07796953073018584,0.0
1690209712218686168,683620,0.4180722940794627,0.07793039873418803,0.0
1690209712218693149,683620,0.41818325869462114,0.07780350303600259,0.0
1690209712226023231,683621,0.4183248434928161,0.07763258507074884,0.0
1690209712227351983,683621,0.41846609241911376,0.07746167794070845,0.0
1690209712227502797,683621,0.41848868446188026,0.07746219271626352,0.0
1690209712227920852,683621,0.41861402861624897,0.07738105345832964,0.0
1690209712227942417,683621,0.4187421380409605,0.07728227040893944,0.0
1690209712227952533,683621,0.41875183904039154,0.07730399920647679,0.0
1690209712227961757,683621,0.41878658943479724,0.0773369053722173,0.0
1690209712227975584,683621,0.4188297470803497,0.07729192844200387,0.0
1690209712227992230,683621,0.4187943480523775,0.07730264981725368,0.0
1690209712228001747,683621,0.4187391569650798,0.07737994401961953,0.0
1690209712233687763,683622,0.41865643556148857,0.07746273115596215,0.0
1690209712234177274,683622,0.418718866351692,0.0774055270404382,0.0
1690209712234322142,683622,0.4186262896595251,0.07744233999336644,0.0
1690209712235024802,683622,0.41861631537565813,0.07748810127855862,0.0
1690209712235099129,683622,0.4186269735315785,0.07747279814158943,0.0
1690209712235370646,683622,0.4185844443944172,0.07747242492816776,0.0
1690209712235379083,683622,0.4185239978672435,0.07752925336912606,0.0
1690209712235390106,683622,0.41849399632928064,0.07756783702859277,0.0
1690209712235401851,683622,0.4185231487358773,0.07754809201085493,0.0
1690209712235417355,683622,0.4184412550287848,0.0776217794265393,0.0
1690209712243575996,683623,0.41836497856466703,0.07771116968504446,0.0
1690209712244607208,683623,0.41837175203964705,0.07774578053568926,0.0
1690209712244735248,683623,0.4183861962733607,0.07775533239447384,0.0
1690209712245092099,683623,0.41834884328443644,0.07777305258858373,0.0
1690209712245110087,683623,0.4183412870757134,0.07786002058698253,0.0
1690209712245128109,683623,0.4183498371016532,0.07787049286331839,0.0
1690209712245137006,683623,0.41838877908952554,0.07784562249346638,0.0
1690209712245152973,683623,0.418308876411996,0.07795117779304699,0.0
1690209712245172135,683623,0.41829501758214227,0.07804191765997419,0.0
1690209712245206113,683623,0.4183364757378358,0.0780190042511216,0.0
1690209712250186273,683624,0.4182978168960207,0.07809298348880438,0.0
1690209712250697637,683624,0.41827553653058785,0.07817690232142609,0.0
1690209712251042019,683624,0.4182632023878526,0.07822334254619312,0.0
1690209712251458413,683624,0.41825269188391856,0.07825871726962015,0.0
1690209712251601082,683624,0.4181357305816542,0.07840810503578308,0.0
1690209712251745479,683624,0.41808718937112427,0.07848686893859708,0.0
1690209712251957014,683624,0.4180609772268463,0.07849648809055534,0.0
1690209712251962787,683624,0.418027503068885,0.07850728486909318,0.0
1690209712251967211,683624,0.4179613681078169,0.07851967687306462,0.0
1690209712251997907,683624,0.41794396742032636,0.07851430481732467,0.0
1690209712261571829,683625,0.4179753256466467,0.07846499821133494,0.0
1690209712261650373,683625,0.41795234289893624,0.07842641965791276,0.0
1690209712262048717,683625,0.4180021045731319,0.07839141115118807,0.0
1690209712262065519,683625,0.4180492869809404,0.07830358430859286,0.0
1690209712262079764,683625,0.4181929325864724,0.0781392553487979,0.0
1690209712262088103,683625,0.41823382069702975,0.07804453619972342,0.0
1690209712262095546,683625,0.4183013893616396,0.07799925134493664,0.0
1690209712262107744,683625,0.4183818958350202,0.0778747233622376,0.0
1690209712262124839,683625,0.41835893774786337,0.07784332121841579,0.0
1690209712262143925,683625,0.41839608659968575,0.07781882728450931,0.0
1690209712268670221,683626,0.4184184293725483,0.07774685600505095,0.0
1690209712269216735,683626,0.4185829975663272,0.07753942696754784,0.0
1690209712269689346,683626,0.4185381327610905,0.07755526214581533,0.0
1690209712269780129,683626,0.41865343284009227,0.07744933490005061,0.0
1690209712270161519,683626,0.41873061196585865,0.07735796202940813,0.0
1690209712270281522,683626,0.418755627270252,0.07736736783020329,0.0
1690209712270296567,683626,0.4187930431609138,0.07730476764411022,0.0
1690209712270308610,683626,0.4188296251425605,0.07725729986262843,0.0
1690209712270342283,683626,0.41887504589062285,0.07722680917342546,0.0
1690209712270348914,683626,0.4188974677130897,0.07717246843474512,0.0
1690209712277295092,683627,0.4188733172148491,0.0771755782723019,0.0
1690209712278551339,683627,0.4188368365025023,0.07724150159446722,0.0
1690209712278699174,683627,0.4188879023340042,0.07718500230973124,0.0
1690209712279262922,683627,0.4188594253798289,0.07726275659730221,0.0
1690209712279272017,683627,0.41887242929622165,0.07730235942582475,0.0
1690209712279283909,683627,0.418868259578616,0.07732016423474555,0.0
1690209712279306246,683627,0.418868115606994,0.07734230998470369,0.0
1690209712279312454,683627,0.4187712906933717,0.07749462343509635,0.0
1690209712279366796,683627,0.41874024461338777,0.07755195130439374,0.0
1690209712279381740,683627,0.4186044810705112,0.07769318789256816,0.0
1690209712284138310,683628,0.4184955875563402,0.07784641171268222,0.0
1690209712285303977,683628,0.4184329809926655,0.077923020629142,0.0
1690209712285488695,683628,0.418363482871743,0.07804787323024814,0.0
1690209712285772561,683628,0.4183163909365966,0.07809192763714898,0.0
1690209712285779353,683628,0.41828479472359015,0.07812066152597617,0.0
1690209712285783841,683628,0.4182788448107209,0.07817894023296519,0.0
1690209712285790472,683628,0.41823885384596443,0.07824803967759604,0.0
1690209712285796878,683628,0.4181930543346373,0.07830117913251985,0.0
1690209712285821942,683628,0.4181373952606333,0.07837561412718325,0.0
1690209712285838430,683628,0.418119320654029,0.07836884667857047,0.0
1690209712293355809,683629,0.41808754216466437,0.07843321296703683,0.0
1690209712293708537,683629,0.4180157502425562,0.07846132824852538,0.0
1690209712295259502,683629,0.4179892220474935,0.07847850471475508,0.0
1690209712295277547,683629,0.4180113135507515,0.07844864588792563,0.0
1690209712295531499,683629,0.4179785991184205,0.07848154541975429,0.0
1690209712295560877,683629,0.4180559329604945,0.07841614101674674,0.0
1690209712295572361,683629,0.4180290796464077,0.07841116079456006,0.0
1690209712295579905,683629,0.41817556849572973,0.0782869461480825,0.0
1690209712295600957,683629,0.41821849753180107,0.07819791392062925,0.0
1690209712295636944,683629,0.4182241277116698,0.07822689884298085,0.0
1690209712301263758,683630,0.4182945929585008,0.07813163584895964,0.0
1690209712301612762,683630,0.41829488053918273,0.07809965772194978,0.0
1690209712301874256,683630,0.4183298325435181,0.07809930900066595,0.0
1690209712302104132,683630,0.4183507073019591,0.078068322562916,0.0
1690209712302343317,683630,0.418324848416715,0.07806330753225482,0.0
1690209712302952991,683630,0.4183359833366291,0.07804385987331024,0.0
1690209712303013999,683630,0.4184150281660222,0.07788639250197908,0.0
1690209712303187424,683630,0.41841480311499574,0.07788257816466299,0.0
1690209712303204211,683630,0.4184286170997856,0.07780554163261957,0.0
1690209712303219198,683630,0.41843923946587513,0.07773481658856381,0.0
1690209712311625308,683631,0.41849901642499665,0.07765389469098155,0.0
1690209712311644355,683631,0.4184913518801724,0.07763568138558223,0.0
1690209712311667832,683631,0.4186184442067118,0.0774570543963087,0.0
1690209712312429212,683631,0.41859186171703144,0.07743691389117273,0.0
1690209712312522039,683631,0.4186756905669805,0.07737143991671701,0.0
1690209712312863880,683631,0.41874115244969634,0.07726951820026975,0.0
1690209712312872620,683631,0.4187105964183957,0.0773392302253998,0.0
1690209712312879382,683631,0.4187486629210023,0.07727466024443462,0.0
1690209712312887601,683631,0.4187858510418788,0.07722134390212125,0.0
1690209712312907445,683631,0.4188268637000576,0.07719972047845666,0.0
1690209712318434168,683632,0.4189146801076055,0.07711520266087912,0.0
1690209712318953079,683632,0.41893738584864715,0.07705708871246701,0.0
1690209712319053469,683632,0.4189723358206084,0.07707820261688647,0.0
1690209712319433647,683632,0.41903695468018143,0.07701869820711031,0.0
1690209712319452084,683632,0.419068650959612,0.07710710066438221,0.0
1690209712319458700,683632,0.4190721925635216,0.0771355405295519,0.0
1690209712319470511,683632,0.41906501674413155,0.0771790820409879,0.0
1690209712319479107,683632,0.41911085844443574,0.07720100730471578,0.0
1690209712319484254,683632,0.41899704785987824,0.07736852664414617,0.0
1690209712319517786,683632,0.41897528084449237,0.07741849867422981,0.0
1690209712326657147,683633,0.418742380783883,0.07767495941931356,0.0
1690209712328186519,683633,0.41870546804447717,0.07774971791096004,0.0
1690209712328208222,683633,0.4186445122352851,0.07779031853639853,0.0
1690209712328216138,683633,0.41852194269101006,0.0779499533626707,0.0
1690209712328222773,683633,0.41844639691526686,0.07798717132507127,0.0
1690209712328238374,683633,0.4184158166756756,0.07801841742228949,0.0
1690209712328259751,683633,0.4184065033372887,0.07806798455223746,0.0
1690209712328271027,683633,0.4183361161207759,0.07815263245137885,0.0
1690209712328279081,683633,0.4183079249227762,0.07818499423123777,0.0
1690209712328324509,683633,0.41822757530625954,0.07828512393576421,0.0
1690209712335074165,683634,0.418270857475183,0.07820692149144554,0.0
1690209712335909693,683634,0.41824871141940484,0.07825023016649513,0.0
1690209712335974272,683634,0.41821823296654304,0.0782841790376814,0.0
1690209712336272598,683634,0.4182215903592699,0.0782502406234333,0.0
1690209712336284066,683634,0.41824232369012293,0.07824159258971164,0.0
1690209712336288829,683634,0.41827768174102015,0.0782577038868473,0.0
1690209712336294609,683634,0.4183809174485314,0.07813837192449025,0.0
1690209712336302756,683634,0.41837535801333836,0.07812406849366661,0.0
1690209712336324395,683634,0.41842009384131973,0.07810712751724898,0.0
1690209712336333325,683634,0.41857043937323113,0.07792894949556663,0.0
1690209712343073756,683635,0.41856522322994894,0.07795788136864305,0.0
1690209712344282635,683635,0.41856457228907,0.07793982751230667,0.0
1690209712344410103,683635,0.4185683735106116,0.0778960517703242,0.0
1690209712344432452,683635,0.418625314701636,0.07785846625430899,0.0
1690209712344467639,683635,0.41856261960507274,0.07790582210819834,0.0
1690209712344705972,683635,0.41853165093998573,0.07788965592923983,0.0
1690209712344720861,683635,0.4185106494246985,0.07789215309793122,0.0
1690209712344737229,683635,0.41853997759204026,0.07778590746723127,0.0
1690209712344748187,683635,0.4185381685010647,0.07775523318360625,0.0
1690209712344768867,683635,0.4184555362661518,0.07780932074180101,0.0
1690209712351182049,683636,0.41850662512012315,0.07771665685486762,0.0
1690209712351413431,683636,0.41853378731171637,0.07764940952676795,0.0
1690209712351798365,683636,0.4185225427701138,0.07767116356596615,0.0
1690209712352054547,683636,0.418636647367967,0.07757942420704429,0.0
1690209712352876081,683636,0.41866156436528645,0.07750666740754307,0.0
1690209712352978532,683636,0.41872525024580853,0.07746417469656813,0.0
1690209712353218417,683636,0.41878253486920736,0.07741566776990029,0.0
1690209712353235531,683636,0.4188535013843712,0.07746766511255954,0.0
1690209712353246923,683636,0.41883162518704864,0.07747367691773102,0.0
1690209712353259011,683636,0.4188133047777932,0.07750468815257343,0.0
1690209712359290778,683637,0.4188378475975744,0.07751871942772434,0.0
1690209712360731589,683637,0.41890373762608224,0.07747180483582182,0.0
1690209712360994787,683637,0.4188970742409642,0.07748483502223025,0.0
1690209712361005229,683637,0.41874055219959955,0.07768998863314838,0.0
1690209712361012631,683637,0.41883648284994485,0.07763710558689785,0.0
1690209712361068801,683637,0.4188022449219315,0.07766624369512404,0.0
1690209712361087309,683637,0.41867729888523514,0.07781546803847281,0.0
1690209712361092235,683637,0.418636974670183,0.07781470816955263,0.0
1690209712361109077,683637,0.41865392183282696,0.07779198449513265,0.0
1690209712361133674,683637,0.4185843917983113,0.07786091139019376,0.0
1690209712367622580,683638,0.4185189028447414,0.07792065706615983,0.0
1690209712368389606,683638,0.4184789975493865,0.07795007960021859,0.0
1690209712368449114,683638,0.41844479938128043,0.07798019963921773,0.0
1690209712368869875,683638,0.41854295350308957,0.07786238925256318,0.0
1690209712368880199,683638,0.4184773395335282,0.07795674066873412,0.0
1690209712368886912,683638,0.4185139289441937,0.07794965734282686,0.0
1690209712368901396,683638,0.41851958954636725,0.07785663312698629,0.0
1690209712368914168,683638,0.4185241285912453,0.07788280153374592,0.0
1690209712368923021,683638,0.41853044135966994,0.07794884914975284,0.0
1690209712368946164,683638,0.4185874610918731,0.07784954403791919,0.0
1690209712375359024,683639,0.41852872826582943,0.07789016482407539,0.0
1690209712376304993,683639,0.4184650762261895,0.07796384805097346,0.0
1690209712376763822,683639,0.4185567302496762,0.07789066329116906,0.0
1690209712376956992,683639,0.4185545275323674,0.07790327044549882,0.0
1690209712377233045,683639,0.4184829144802444,0.07794090792620086,0.0
1690209712377251696,683639,0.41851433144708683,0.07791673033410015,0.0
1690209712377261792,683639,0.4185302884553568,0.07791411961383879,0.0
1690209712377270249,683639,0.41856099946429454,0.07786909774107192,0.0
1690209712377289030,683639,0.4185214753681898,0.07788765153104696,0.0
1690209712377317175,683639,0.4184866433009761,0.07793854728566436,0.0
1690209712385028734,683640,0.4186126513837348,0.07782989533172784,0.0
1690209712385135106,683640,0.4185824212441316,0.07785297324187475,0.0
1690209712385476588,683640,0.41851112404899304,0.07798228480479927,0.0
1690209712385496183,683640,0.418555062413271,0.07793637167788232,0.0
1690209712385507702,683640,0.418584312609368,0.07790489675655751,0.0
1690209712385527072,683640,0.41856749023374035,0.07795952182306833,0.0
1690209712385539757,683640,0.4185203044033341,0.078024140114046,0.0
1690209712385570621,683640,0.41854134580003133,0.07797633065404098,0.0
1690209712385578567,683640,0.41853675498645754,0.07793977223892182,0.0
1690209712385585655,683640,0.4185003054828489,0.07798847198766964,0.0
1690209712393962175,683641,0.41846379867559913,0.07804516391304231,0.0
1690209712395192652,683641,0.41846139953591704,0.07802872246616983,0.0
1690209712395390664,683641,0.41847061566965266,0.07797763389240256,0.0
1690209712395735237,683641,0.41847769797610446,0.07802611439041703,0.0
1690209712395750021,683641,0.41853336526587265,0.07797565247312967,0.0
1690209712395758795,683641,0.41854512962114904,0.07794586367091914,0.0
1690209712395805891,683641,0.4184459306448103,0.07802370502233094,0.0
1690209712395820364,683641,0.41849677077384956,0.0780091131669935,0.0
1690209712395840678,683641,0.41850199978092184,0.07800512498022963,0.0
1690209712395853451,683641,0.4184144167451112,0.07804709925783287,0.0
1690209712402018480,683642,0.4183780852019843,0.07799662215921271,0.0
1690209712402353059,683642,0.41840805442846374,0.07794544512365718,0.0
1690209712402518355,683642,0.41852145961595333,0.07781515783741995,0.0
1690209712402767061,683642,0.4184947950093199,0.07779778423731039,0.0
1690209712402784143,683642,0.41857931917893354,0.07776243763109109,0.0
1690209712402793948,683642,0.418659488107724,0.07764651990272553,0.0
1690209712402800469,683642,0.41882620463633724,0.07753341622576188,0.0
1690209712402815363,683642,0.41884353520995293,0.07754481427372176,0.0
1690209712402837274,683642,0.4188620041260696,0.07756729714066633,0.0
1690209712402866023,683642,0.4189853216851094,0.07745010821910103,0.0
1690209712408612577,683643,0.41892838503211016,0.07750272911137704,0.0
1690209712409080170,683643,0.41896001638308944,0.07753584883284878,0.0
1690209712409199475,683643,0.418865141519869,0.07760680830102264,0.0
1690209712409826831,683643,0.4188723771959244,0.07759405186053328,0.0
1690209712409935774,683643,0.418821662165563,0.07763444857360427,0.0
1690209712410140072,683643,0.41883186446906734,0.07764668415206277,0.0
1690209712410154816,683643,0.4188455101923076,0.07764437586175828,0.0
1690209712410161958,683643,0.41881410386388457,0.07761388708161918,0.0
1690209712410176062,683643,0.41878190622690514,0.07766366951674739,0.0
1690209712410182308,683643,0.41878348655941017,0.07769148589661612,0.0
1690209712418001413,683644,0.41872640815990875,0.07771378978605113,0.0
1690209712419307954,683644,0.4186543731616326,0.07776248656459571,0.0
1690209712419328509,683644,0.41860668352845687,0.07778255232273396,0.0
1690209712419948607,683644,0.41861409847157116,0.07778972737645606,0.0
1690209712419974988,683644,0.41861735507348774,0.0777884533745689,0.0
1690209712419989468,683644,0.41851571730701276,0.07786030199810935,0.0
1690209712420001369,683644,0.41856799022019575,0.07784008368515519,0.0
1690209712420013524,683644,0.41857868013944316,0.07785307324457123,0.0
1690209712420076637,683644,0.41862381648853386,0.07782559596865016,0.0
1690209712420095988,683644,0.41853905445499234,0.07796174114658318,0.0
1690209712427920832,683645,0.4185495532017892,0.0779583552515777,0.0
1690209712428266090,683645,0.41861173961493375,0.07793587269506416,0.0
1690209712428648830,683645,0.41855512991979976,0.07803653848632924,0.0
1690209712428832203,683645,0.418512104346165,0.07815113674777284,0.0
1690209712428847641,683645,0.4184835054414284,0.07819373109937448,0.0
1690209712428859799,683645,0.41844478648516636,0.07825766418572387,0.0
1690209712428877663,683645,0.4184558173404298,0.07829883035879265,0.0
1690209712428881838,683645,0.41839049942422263,0.07838659823497765,0.0
1690209712428932255,683645,0.41836481110134405,0.07843297987910361,0.0
1690209712428938201,683645,0.4183191691575401,0.07846185136035977,0.0
1690209712435443081,683646,0.4182765571265481,0.0785172853155487,0.0
1690209712435913174,683646,0.41828285461980547,0.07846461413533945,0.0
1690209712435997467,683646,0.4182062104182872,0.07851677355124817,0.0
1690209712436145267,683646,0.4182298620357491,0.0784320429135983,0.0
1690209712436499063,683646,0.4182481983331201,0.07838473449682203,0.0
1690209712436509397,683646,0.4182895589163023,0.07831585646824361,0.0
1690209712436536304,683646,0.4182986919734494,0.07828886464325535,0.0
1690209712436659392,683646,0.4184136045857289,0.07813327908721328,0.0
1690209712436669383,683646,0.41848598924778097,0.07802836841903817,0.0
1690209712436679293,683646,0.4185794248167845,0.0779794317482372,0.0
1690209712442568476,683647,0.4186446786882768,0.07785089401706781,0.0
1690209712443139661,683647,0.41867700438519034,0.0778142265943145,0.0
1690209712443206030,683647,0.41873472249151156,0.07771781510034381,0.0
1690209712443412917,683647,0.4188488583111545,0.07757197858056931,0.0
1690209712444030659,683647,0.41888686605831993,0.07754487179710835,0.0
1690209712444216112,683647,0.41883969818352784,0.07760302661084995,0.0
1690209712444328648,683647,0.4189230197011207,0.07748960350381326,0.0
1690209712444508949,683647,0.4189104323194766,0.07755368862728468,0.0
1690209712444647174,683647,0.4189503140704498,0.07752717290829611,0.0
1690209712444661683,683647,0.41891181931737537,0.07754522012617082,0.0
1690209712453323928,683648,0.41887506967777277,0.07761564764487262,0.0
1690209712453799648,683648,0.4188628288014679,0.07762502366709834,0.0
1690209712454814144,683648,0.41886426246886155,0.07763455335722906,0.0
1690209712455233787,683648,0.41873076345229865,0.07778721206863108,0.0
1690209712455478762,683648,0.4187221064431807,0.07782055240498979,0.0
1690209712455494465,683648,0.41871206733515015,0.07780495437464172,0.0
1690209712455503881,683648,0.41869061943740404,0.07787788772932056,0.0
1690209712455511819,683648,0.4186595220916712,0.07792062994474092,0.0
1690209712455519901,683648,0.4186410098358202,0.07797845095669599,0.0
1690209712455534400,683648,0.41859364637089735,0.07806069376344918,0.0
1690209712460048749,683649,0.4185273476417346,0.07816135963397068,0.0
1690209712460152189,683649,0.41846735606735624,0.07825809645506407,0.0
1690209712460284867,683649,0.4183549413730387,0.07839935767932524,0.0
1690209712460577926,683649,0.41828320727674534,0.07845609985332991,0.0
1690209712460740920,683649,0.4181428006179374,0.0786363876404402,0.0
1690209712460941708,683649,0.4181176063944979,0.07869903797886642,0.0
1690209712460954548,683649,0.4180386249066742,0.07870796596335003,0.0
1690209712460967590,683649,0.4179866476051963,0.0787867175478049,0.0
1690209712460975198,683649,0.4178981067168327,0.07882848107316824,0.0
1690209712460981019,683649,0.41794955629017205,0.07876698164929459,0.0
1690209712468314394,683650,0.4178874886729132,0.07883339226407612,0.0
1690209712468535524,683650,0.41783253976754825,0.0788855666529531,0.0
1690209712469575248,683650,0.4179387039303048,0.07881385337534051,0.0
1690209712469583003,683650,0.41793594084437774,0.07881383597890215,0.0
1690209712469955674,683650,0.4180610642149943,0.07872553860989324,0.0
1690209712469975938,683650,0.4180850099004401,0.0787086723690972,0.0
1690209712469992389,683650,0.4181398477585367,0.0787206300986491,0.0
1690209712470008169,683650,0.4182051369417325,0.07862889651549472,0.0
1690209712470031927,683650,0.41815207746386124,0.07867108132782541,0.0
1690209712470048566,683650,0.41819928195839395,0.0786799177444043,0.0
1690209712476951037,683651,0.41825659657533315,0.07857322222630579,0.0
1690209712477227247,683651,0.41824810630746745,0.07856562377361286,0.0
1690209712477355329,683651,0.4181732320132095,0.0786433083142488,0.0
1690209712477796878,683651,0.41824271327603824,0.0785403012710362,0.0
1690209712477812936,683651,0.4182670819772333,0.07848634051685793,0.0
1690209712477819839,683651,0.418213896886445,0.07852863469720957,0.0
1690209712477835353,683651,0.4182199757268465,0.07850031357057637,0.0
1690209712477858328,683651,0.4182389005860722,0.07844195373921145,0.0
1690209712477871020,683651,0.4182049823162161,0.07840376281586231,0.0
1690209712477894951,683651,0.4181896157023568,0.07837990858497401,0.0
1690209712484951882,683652,0.41819335256791257,0.0783430903856695,0.0
1690209712485023543,683652,0.4182431006330889,0.07826378612315402,0.0
1690209712486072702,683652,0.4182582973116613,0.07820245544612218,0.0
1690209712486244390,683652,0.41826011582947875,0.07826830626530698,0.0
1690209712486646319,683652,0.41838246782355265,0.07815889233179522,0.0
1690209712486658118,683652,0.41841283804796775,0.07812008719803855,0.0
1690209712486666409,683652,0.41842473743000336,0.0781067740924105,0.0
1690209712486681103,683652,0.418450215087457,0.07812568522121237,0.0
1690209712486697735,683652,0.41850710486310894,0.07808843764913219,0.0
1690209712486707069,683652,0.4184056789044202,0.078162356046826,0.0
1690209712492014787,683653,0.41841291259777214,0.07817848465652141,0.0
1690209712492668971,683653,0.4183873338836255,0.07821121381458808,0.0
1690209712493307875,683653,0.4184634792971758,0.07814013958050821,0.0
1690209712493469203,683653,0.4184091755286697,0.07813196094034132,0.0
1690209712493627116,683653,0.41844139625843235,0.07818879114777563,0.0
1690209712493837154,683653,0.418520548568447,0.07812358160502829,0.0
1690209712493852134,683653,0.41853784468741023,0.07815867348556119,0.0
1690209712493859121,683653,0.4184411740834262,0.07827593989668376,0.0
1690209712493871807,683653,0.41844668408401675,0.07830263114362249,0.0
1690209712493880889,683653,0.4185179917147443,0.0782289436404444,0.0
1690209712501259548,683654,0.41839845784319135,0.0783534308642663,0.0
1690209712501783992,683654,0.418405725541524,0.07835817235268373,0.0
1690209712501938452,683654,0.4183017908183722,0.0784336367004302,0.0
1690209712502069374,683654,0.41831829501542683,0.07840772412237086,0.0
1690209712502890401,683654,0.4182809867062187,0.07843089689524409,0.0
1690209712502969563,683654,0.41831781137040464,0.07842649386713349,0.0
1690209712503227976,683654,0.41833058771537796,0.078388271024842,0.0
1690209712503239487,683654,0.4184307357303939,0.07827978945719953,0.0
1690209712503246468,683654,0.4184085080521247,0.07830597530815717,0.0
1690209712503258889,683654,0.41841053502420955,0.078356189262885,0.0
1690209712510153324,683655,0.4184303425790289,0.07829421673144289,0.0
1690209712510293058,683655,0.4183531734346756,0.07836902009598148,0.0
1690209712511444946,683655,0.41838766308450853,0.07837405908325053,0.0
1690209712511497462,683655,0.41838304646463753,0.0783903429443781,0.0
1690209712511741628,683655,0.4184002801973091,0.07835996426905993,0.0
1690209712511752892,683655,0.4183388307453826,0.07841896907884184,0.0
1690209712511761085,683655,0.41845355576299437,0.07833294068199086,0.0
1690209712511768400,683655,0.4184534780003961,0.07833560750552168,0.0
1690209712511774442,683655,0.41845571279948823,0.0783017074718957,0.0
1690209712511785697,683655,0.41843333471869476,0.07831463820088945,0.0
1690209712517370569,683656,0.41845570330382365,0.07829095183552442,0.0
1690209712518175699,683656,0.41853767906055594,0.07821494278987556,0.0
1690209712518311719,683656,0.41850814008429377,0.07822703413911677,0.0
1690209712518591198,683656,0.4184848967903546,0.07825273360629005,0.0
1690209712518603146,683656,0.4185443420766715,0.07818913150507746,0.0
1690209712518633758,683656,0.4185384551511544,0.07818366165849057,0.0
1690209712518645684,683656,0.41850371790780355,0.07827469516895254,0.0
1690209712518653457,683656,0.4184813624377809,0.07829223316590107,0.0
1690209712518660540,683656,0.418532198033618,0.07826830916261907,0.0
1690209712518670393,683656,0.4185530313079711,0.07823969170690157,0.0
1690209712525638601,683657,0.4185330874616863,0.07830810608521349,0.0
1690209712525815552,683657,0.4185176751711457,0.07829910538664824,0.0
1690209712526079589,683657,0.4184251649294764,0.07836135539228384,0.0
1690209712526338596,683657,0.41844189719259106,0.07832861341469713,0.0
1690209712526589385,683657,0.41837178600140934,0.07839715354072777,0.0
1690209712526598035,683657,0.41838481308119685,0.07837758262398382,0.0
1690209712526603380,683657,0.41833895203108223,0.07833243584163375,0.0
1690209712526616050,683657,0.41837945998411546,0.07828261747017749,0.0
1690209712526630505,683657,0.41842409186385254,0.07821289826075,0.0
1690209712526654923,683657,0.41843864134555075,0.0781894348364254,0.0
1690209712533029689,683658,0.4184320058684123,0.0781628307425269,0.0
1690209712533319547,683658,0.4184484144541951,0.07811335689078262,0.0
1690209712533646193,683658,0.4185955801141728,0.07795905477477617,0.0
1690209712533703885,683658,0.4186814137933093,0.07785693690559661,0.0
1690209712533900702,683658,0.41873709273513293,0.07782033946536389,0.0
1690209712533905186,683658,0.41876972107831023,0.07778070085642733,0.0
1690209712533918522,683658,0.41884793479948434,0.07769298078970677,0.0
1690209712533926522,683658,0.4189055218242051,0.07772447919907084,0.0
1690209712533933224,683658,0.41891225424995715,0.07771867545161504,0.0
1690209712533937577,683658,0.41889232817481903,0.07771405825852992,0.0
1690209712542195617,683659,0.41890716457347277,0.07773748233021209,0.0
1690209712542738459,683659,0.4189286096251339,0.07770934170246471,0.0
1690209712542991216,683659,0.41894915587354736,0.07772311281298767,0.0
1690209712543000831,683659,0.4188042192271189,0.0778446087000755,0.0
1690209712543007237,683659,0.4188005161494995,0.07782577998247737,0.0
1690209712543018582,683659,0.4188109501332854,0.07780000831052977,0.0
1690209712543023127,683659,0.41872633732950304,0.07790953140094395,0.0
1690209712543026988,683659,0.41872650113414206,0.07788099076057273,0.0
1690209712543031339,683659,0.418676755481686,0.07788712262653286,0.0
1690209712543034974,683659,0.4186695610876072,0.07791655617283202,0.0
1690209712550703002,683660,0.41862472611111706,0.07797022874697754,0.0
1690209712550876151,683660,0.4185666465227108,0.07803368146631634,0.0
1690209712551374925,683660,0.41849346910275664,0.07810958965653288,0.0
1690209712551449580,683660,0.41848668958374224,0.07808738644757719,0.0
1690209712551675367,683660,0.4184613886152919,0.07814517549291722,0.0
1690209712551680410,683660,0.4184361830023455,0.0782192926646142,0.0
1690209712551683766,683660,0.41840903098129445,0.07821205713414953,0.0
1690209712551686457,683660,0.4184535836638634,0.07821848933379076,0.0
1690209712551699291,683660,0.41843410950855175,0.07828545921552774,0.0
1690209712551712149,683660,0.4184660300312292,0.07832119509018762,0.0
1690209712558916697,683661,0.418429969429734,0.07837175833864661,0.0
1690209712560396395,683661,0.4184117041683183,0.0784429273095202,0.0
1690209712560755611,683661,0.4185137245748499,0.07838568146484548,0.0
1690209712560774830,683661,0.41845464279033456,0.07848618743967015,0.0
1690209712560789647,683661,0.4184215702582518,0.07853938176392598,0.0
1690209712560806363,683661,0.4182874002194562,0.07867957672621056,0.0
1690209712560817280,683661,0.4182983262603523,0.07869477958230829,0.0
1690209712560826217,683661,0.4182387244557023,0.07872579495325432,0.0
1690209712560843704,683661,0.4181060412605036,0.07884612572461151,0.0
1690209712560869107,683661,0.4180846311640695,0.07880000610080577,0.0
1690209712567283102,683662,0.4180701652729114,0.07872559521950258,0.0
1690209712568046300,683662,0.4180651714508749,0.07870954183487297,0.0
1690209712568160685,683662,0.4180576788026591,0.07868836586132033,0.0
1690209712568424529,683662,0.4181369247798366,0.07856669894825329,0.0
1690209712568654786,683662,0.4181963463960544,0.07844502130927931,0.0
1690209712568950885,683662,0.41829933019549825,0.07834187261069306,0.0
1690209712568965577,683662,0.4184765178468074,0.07815220656850443,0.0
1690209712568978832,683662,0.41853598616965726,0.07810050015393931,0.0
1690209712569032244,683662,0.41865597567982504,0.07796940029072506,0.0
1690209712569037822,683662,0.41870879442267406,0.07790124166548416,0.0
1690209712576178733,683663,0.41881034720109983,0.07787880983740324,0.0
1690209712576290878,683663,0.4187584978188855,0.07786721530690434,0.0
1690209712576357523,683663,0.418768731966717,0.07783971267169223,0.0
1690209712576622079,683663,0.418757925869379,0.07786995949233293,0.0
1690209712576639361,683663,0.41882462233774576,0.07779728071714428,0.0
1690209712576647536,683663,0.41880654210186957,0.07777795694232567,0.0
1690209712576654027,683663,0.4186347541649602,0.07795588059683935,0.0
1690209712576662680,683663,0.41873066646697993,0.077864815826118,0.0
1690209712576677688,683663,0.41875666449860643,0.0778323225626262,0.0
1690209712576684161,683663,0.4187019498254984,0.07793059549280498,0.0
1690209712583920067,683664,0.4186857694176509,0.07796482074847584,0.0
1690209712585056632,683664,0.4187174241438632,0.0779187957922697,0.0
1690209712585475159,683664,0.4186695419601536,0.07800941132309791,0.0
1690209712585719648,683664,0.41861961465424785,0.07810805387959303,0.0
1690209712585743570,683664,0.41856085113882474,0.0781983442345933,0.0
1690209712585773747,683664,0.41848104967979183,0.07831437674730417,0.0
1690209712585787497,683664,0.4184053696663407,0.07834227961826673,0.0
1690209712585804704,683664,0.4184076975690353,0.07841817584093111,0.0
1690209712585822948,683664,0.4184029797970109,0.07845832817563735,0.0
1690209712585836733,683664,0.41834723820433917,0.0784997678726608,0.0
1690209712593240949,683665,0.4182911900252109,0.07859128094945442,0.0
1690209712594491657,683665,0.4183127350301419,0.07862491284074971,0.0
1690209712594643722,683665,0.4183945766357485,0.07851398794620462,0.0
1690209712595028582,683665,0.4182759879566962,0.07862425174260082,0.0
1690209712595044393,683665,0.4182919601020801,0.0786217141216943,0.0
1690209712595054542,683665,0.41838785254121,0.07848417350922225,0.0
1690209712595062621,683665,0.4183681816400466,0.07850095176429157,0.0
1690209712595092457,683665,0.41834753994451346,0.07856005047353289,0.0
1690209712595111106,683665,0.41840656234374274,0.0784633096972248,0.0
1690209712595126957,683665,0.41844439216088375,0.07841448888837103,0.0
1690209712600925846,683666,0.41847025239879054,0.07842227709374429,0.0
1690209712601464089,683666,0.4185080881670461,0.07836797126298842,0.0
1690209712601586869,683666,0.41854679989860377,0.07832242309650848,0.0
1690209712602375961,683666,0.41853968811594844,0.07824466243294176,0.0
1690209712602463892,683666,0.4185394315605762,0.07820907017718619,0.0
1690209712602588589,683666,0.41857952859050024,0.07815359432985963,0.0
1690209712602859347,683666,0.4185604473827244,0.07811441292270396,0.0
1690209712602868786,683666,0.41858690842567886,0.07803549132627523,0.0
1690209712602872738,683666,0.41858050873936764,0.07802015815643047,0.0
1690209712603001058,683666,0.4187550554455985,0.07784561683519263,0.0
1690209712609230387,683667,0.41876086389158107,0.07778671579503893,0.0
1690209712609864964,683667,0.4187629780203189,0.07779584828344306,0.0
1690209712610251119,683667,0.4188612688763178,0.07767141850752327,0.0
1690209712610609069,683667,0.41891220077385427,0.07766844686365194,0.0
1690209712610727281,683667,0.41887768634493394,0.07768925746452805,0.0
1690209712611018474,683667,0.41887226865713967,0.07773492354942615,0.0
1690209712611041172,683667,0.41890957968845177,0.07769835476600451,0.0
1690209712611047604,683667,0.4188838794915416,0.07773905885473731,0.0
1690209712611063363,683667,0.41886303053723273,0.07780716072440975,0.0
1690209712611079205,683667,0.41872495313223557,0.07799278213263246,0.0
1690209712618067034,683668,0.4187746024898871,0.07797380196793072,0.0
1690209712618940159,683668,0.4187041820775206,0.07800939470667295,0.0
1690209712619102465,683668,0.418700063524687,0.07808486286451506,0.0
1690209712619306729,683668,0.41868139404729665,0.07811956126164814,0.0
1690209712619800626,683668,0.4186681312607261,0.07813185148587587,0.0
1690209712619878473,683668,0.4185553370386295,0.07825037026494501,0.0
1690209712620166955,683668,0.41853249810411663,0.078293828931581,0.0
1690209712620188574,683668,0.4185424204770626,0.0782472573290763,0.0
1690209712620198580,683668,0.4184506741470064,0.0783477986300413,0.0
1690209712620209608,683668,0.4184310166024064,0.07835578975141083,0.0
1690209712627002430,683669,0.41843559756565085,0.07834339804682372,0.0
1690209712627573019,683669,0.4184460558196452,0.07834200932364994,0.0
1690209712628615378,683669,0.41843764505274245,0.07834949527112488,0.0
1690209712628857845,683669,0.4184757522390677,0.07831043909257901,0.0
1690209712629122626,683669,0.4184777468381979,0.07830726671503029,0.0
1690209712629132993,683669,0.41849367233834894,0.07830241723671735,0.0
1690209712629140334,683669,0.4185157292382211,0.0782692735987898,0.0
1690209712629146199,683669,0.4185334247883359,0.07826508078661565,0.0
1690209712629163356,683669,0.4185779145798855,0.07821150878099441,0.0
1690209712629201674,683669,0.418565655971063,0.07821121298371467,0.0
1690209712634133732,683670,0.4185720052218739,0.07822511505580836,0.0
1690209712634442503,683670,0.41856001234225626,0.078222333169093,0.0
1690209712635468969,683670,0.4185681101205494,0.07820574027662522,0.0
1690209712635532420,683670,0.4185548502351805,0.07822344802814417,0.0
1690209712635785513,683670,0.418570441131759,0.0782088398086941,0.0
1690209712635795011,683670,0.41856468835685706,0.07821358425746391,0.0
1690209712635809079,683670,0.41853045328898564,0.07824056275153826,0.0
1690209712635819142,683670,0.4185385407387977,0.07823528310299906,0.0
1690209712635826320,683670,0.4185482826348281,0.07819196770817517,0.0
1690209712635843888,683670,0.4185394071100823,0.07817846948092204,0.0
1690209712642202671,683671,0.41856716666567206,0.07812287289506978,0.0
1690209712643536097,683671,0.4185745871821226,0.07809675496799358,0.0
1690209712643743839,683671,0.41865336783690593,0.07801742221641669,0.0
1690209712643758927,683671,0.4186477715589086,0.0780218472779397,0.0
1690209712644099499,683671,0.41867039317624705,0.07802631222532044,0.0
1690209712644110998,683671,0.4186832385749129,0.07800682729316716,0.0
1690209712644120467,683671,0.4187268050259151,0.07800158333161487,0.0
1690209712644139386,683671,0.41873923670444513,0.07801303042615057,0.0
1690209712644149753,683671,0.4187247077106896,0.07806286454809946,0.0
1690209712644163402,683671,0.4187608599850169,0.07806193978141855,0.0
1690209712650384304,683672,0.4186858528473698,0.0781471847019935,0.0
1690209712651431938,683672,0.4187025825965668,0.07816242705185905,0.0
1690209712651681106,683672,0.418605780240163,0.07827563910800743,0.0
1690209712651835923,683672,0.41860317983262774,0.07828373827412341,0.0
1690209712652257042,683672,0.41855338703186795,0.07830215771930793,0.0
1690209712652268002,683672,0.4185517633839246,0.07835708497874094,0.0
1690209712652305788,683672,0.4185351066196249,0.07836862342153916,0.0
1690209712652318444,683672,0.4185181814941704,0.0783672002519528,0.0
1690209712652328753,683672,0.4184441873118019,0.07845180148053729,0.0
1690209712652339167,683672,0.4184228635438414,0.07848527371099746,0.0
1690209712660940478,683673,0.41840387839740073,0.07848106920696939,0.0
1690209712661205706,683673,0.41829429637106763,0.07858956041646036,0.0
1690209712661488653,683673,0.41829915966206666,0.07857376768719802,0.0
1690209712661695552,683673,0.41827512698429625,0.07858263159372944,0.0
1690209712662087702,683673,0.41829881597799395,0.07857836688570907,0.0
1690209712662102964,683673,0.4182506169815787,0.07859009323285607,0.0
1690209712662109312,683673,0.41834953384189477,0.07849634234835119,0.0
1690209712662130220,683673,0.418358945643367,0.07847822925529728,0.0
1690209712662146512,683673,0.4184288342308285,0.0784136460698936,0.0
1690209712662161416,683673,0.4184430500861507,0.07839181325865958,0.0
1690209712667011920,683674,0.4184668135270489,0.07841164205886499,0.0
1690209712667715111,683674,0.4185864257655484,0.07830205350950793,0.0
1690209712667844240,683674,0.4185576771786591,0.07832866828381783,0.0
1690209712668158755,683674,0.4185779440591496,0.07837938091666034,0.0
1690209712668285699,683674,0.4186044024333813,0.07835005483572148,0.0
1690209712668368438,683674,0.41861600223614737,0.0783256035294748,0.0
1690209712668598998,683674,0.41856024925228985,0.07841180037597957,0.0
1690209712668612519,683674,0.4185452174559806,0.07840151446652176,0.0
1690209712668623545,683674,0.418569712943401,0.07836755319512591,0.0
1690209712668657231,683674,0.4185101227432235,0.07834587973560518,0.0
1690209712675930766,683675,0.41852684403861035,0.078310600609311,0.0
1690209712676561241,683675,0.41853025744350775,0.0782452240105595,0.0
1690209712676858573,683675,0.4185284534718942,0.07820509378322492,0.0
1690209712677039808,683675,0.41854228709005464,0.07812286483652425,0.0
1690209712677222269,683675,0.4185549141764488,0.07809709371352397,0.0
1690209712677550242,683675,0.41869482798035945,0.07795200194690677,0.0
1690209712677568126,683675,0.41871527174497886,0.07789815093041727,0.0
1690209712677585466,683675,0.41874558826349473,0.07793035782439205,0.0
1690209712677595725,683675,0.41881889515496523,0.07785759847324707,0.0
1690209712677603373,683675,0.41889783794082647,0.0778580062657278,0.0
1690209712684656792,683676,0.41889403251182034,0.07788611756695268,0.0
1690209712684688389,683676,0.4188731662624343,0.07797032114905028,0.0
1690209712685816159,683676,0.4189185673493254,0.0779577783590305,0.0
1690209712685939941,683676,0.41883351708543937,0.07805740185172803,0.0
1690209712686245955,683676,0.4188209676020578,0.07811574309285535,0.0
1690209712686306185,683676,0.41869179772743903,0.07824826986454356,0.0
1690209712686320421,683676,0.4186687282011766,0.0782871680885009,0.0
1690209712686342868,683676,0.41858094263835666,0.0782734212143912,0.0
1690209712686352528,683676,0.4185629704905592,0.07834293559168523,0.0
1690209712686362170,683676,0.41855456185020656,0.0783412989953087,0.0
1690209712694592728,683677,0.418527450636941,0.07834155388119927,0.0
1690209712694999096,683677,0.4184818033914957,0.07840918444198068,0.0
1690209712696040114,683677,0.41847391524290656,0.07840840849947353,0.0
1690209712696193429,683677,0.4185838640107784,0.07828875627623667,0.0
1690209712696558706,683677,0.41852380852116455,0.07835155216984321,0.0
1690209712696574282,683677,0.4185274506159207,0.07836073737292476,0.0
1690209712696586138,683677,0.41857459754034587,0.07831727508513903,0.0
1690209712696625116,683677,0.4185681427103298,0.07833407223328244,0.0
1690209712696643994,683677,0.4185815558260721,0.07834399035631333,0.0
1690209712696651726,683677,0.4186064042096721,0.07831711097406,0.0
1690209712702369323,683678,0.4186251578764564,0.07830604508057931,0.0
1690209712702552837,683678,0.4186237162760914,0.07830325031761533,0.0
1690209712702565580,683678,0.4186227883899721,0.0783043000815615,0.0
1690209712702573232,683678,0.41861171476264075,0.07831447022568638,0.0
1690209712702868252,683678,0.41859084296914084,0.07833178380724969,0.0
1690209712702879859,683678,0.41858893664952146,0.07833169956941581,0.0
1690209712702885979,683678,0.41856955839930166,0.07835187102455332,0.0
1690209712702897769,683678,0.41857786245792294,0.0783510536264287,0.0
1690209712702903101,683678,0.41856301291447734,0.07837644580455363,0.0
1690209712702914887,683678,0.4185680172757331,0.07838951937234027,0.0
1690209712709340989,683679,0.418546373811459,0.078413811524281,0.0
1690209712709518920,683679,0.4185549356211744,0.07841584862213112,0.0
1690209712710474518,683679,0.4185760502211868,0.07841201281393213,0.0
1690209712710699189,683679,0.4185569487688283,0.07844205690285098,0.0
1690209712710709112,683679,0.4185634192253518,0.07844730492389516,0.0
1690209712710718456,683679,0.4185807239374604,0.07845430651697965,0.0
1690209712710970361,683679,0.418571494598314,0.07847380235815489,0.0
1690209712710988743,683679,0.4185689020045938,0.07848333789914311,0.0
1690209712710998646,683679,0.41852733832696803,0.07852684344992086,0.0
1690209712711003385,683679,0.41853813960669245,0.07851146908497278,0.0
1690209712716736495,683680,0.41853410558021453,0.07850437825775464,0.0
1690209712717669359,683680,0.4185042399810587,0.07854011427992384,0.0
1690209712717946446,683680,0.4184769117940113,0.07852168267276839,0.0
1690209712718117566,683680,0.41848925229040174,0.07849449971065195,0.0
1690209712718560167,683680,0.4184888004615379,0.07846575021633001,0.0
1690209712718633327,683680,0.4184814371118922,0.0784561176728348,0.0
1690209712718641604,683680,0.4185634629338717,0.07837723323527666,0.0
1690209712718648622,683680,0.4185746348273348,0.07833732825206864,0.0
1690209712718671453,683680,0.4186800297817266,0.07824308049881362,0.0
1690209712718681371,683680,0.4186859953505815,0.0782066008207528,0.0
1690209712726317462,683681,0.41873780349454715,0.07820364778757995,0.0
1690209712726505786,683681,0.4187436963449467,0.07817020433498066,0.0
1690209712726518421,683681,0.4187475866065125,0.0781676515355967,0.0
1690209712726714423,683681,0.418766381489042,0.07815481305320286,0.0
1690209712727057345,683681,0.4188472336240866,0.07807488903342698,0.0
1690209712727075946,683681,0.4188636184550932,0.07803395303182199,0.0
1690209712727086330,683681,0.4188467923491224,0.07809213292513847,0.0
1690209712727102355,683681,0.4189594018379605,0.077978498644737,0.0
1690209712727110411,683681,0.418972947641275,0.07797249235933243,0.0
1690209712727125050,683681,0.41898606480022865,0.07798125284927805,0.0
1690209712734044058,683682,0.4189617793302013,0.07799394469063682,0.0
1690209712734376173,683682,0.4189975719833273,0.07797704019556825,0.0
1690209712735328422,683682,0.41889464941075705,0.07806312929550226,0.0
1690209712735492643,683682,0.4188666740167485,0.078085353204176,0.0
1690209712735748717,683682,0.4187578872721512,0.07816977274410426,0.0
1690209712735767019,683682,0.41873274558007056,0.07820103563393117,0.0
1690209712735780207,683682,0.4186968214345614,0.0781807773991954,0.0
1690209712735793478,683682,0.418555953247725,0.07832807581761295,0.0
1690209712735811452,683682,0.4185888148601183,0.07829926044836458,0.0
1690209712735874240,683682,0.4185561410707611,0.07827075113109953,0.0
1690209712742477617,683683,0.4185497101297695,0.07830303834080371,0.0
1690209712742857164,683683,0.4185423032139908,0.0783476210768209,0.0
1690209712743900091,683683,0.4186193455568004,0.07825663293692824,0.0
1690209712743917766,683683,0.4186104860013853,0.0782987352585586,0.0
1690209712744288065,683683,0.4185892317867629,0.07833822440604016,0.0
1690209712744300459,683683,0.4186759597113971,0.07835296122083334,0.0
1690209712744308475,683683,0.418648695780613,0.0784090346803357,0.0
1690209712744357192,683683,0.41862571302513557,0.07848681816178028,0.0
1690209712744369615,683683,0.4186522475730441,0.07852292895018186,0.0
1690209712744383787,683683,0.41863693696677473,0.07860709027559125,0.0
1690209712750089095,683684,0.41864209067236235,0.07862116512251292,0.0
1690209712750248267,683684,0.4184627634946833,0.07878369042465112,0.0
1690209712750664050,683684,0.41847299082948064,0.07881093111847774,0.0
1690209712750770759,683684,0.41843881265340577,0.07874286325173446,0.0
1690209712751050927,683684,0.41832242480974907,0.07885856109078543,0.0
1690209712751138519,683684,0.418255632824998,0.07882760365495362,0.0
1690209712751314751,683684,0.4182512041351759,0.07877652992302167,0.0
1690209712751321962,683684,0.41829439707322646,0.07867815302948018,0.0
1690209712751327250,683684,0.41825532002087107,0.0786870346362227,0.0
1690209712751335048,683684,0.418410890579791,0.07851883975551138,0.0
1690209712758563421,683685,0.4184266528286926,0.07842689507115118,0.0
1690209712759447007,683685,0.41858130499821156,0.07827667850114962,0.0
1690209712760148702,683685,0.4186881436411514,0.0781538551431977,0.0
1690209712760270061,683685,0.4187954515070158,0.07813757058011478,0.0
1690209712760699590,683685,0.41884159645737445,0.07803912900658881,0.0
1690209712760712588,683685,0.41884259146543246,0.07802932685783859,0.0
1690209712760727056,683685,0.41892227766857904,0.0779968820834516,0.0
1690209712760738230,683685,0.4189272532395061,0.0779608126742651,0.0
1690209712760760045,683685,0.4189470746939149,0.07792734710206602,0.0
1690209712760770720,683685,0.41880103589732764,0.07808161681120256,0.0
1690209712767504824,683686,0.41888078410330576,0.07801919247066005,0.0
1690209712768640616,683686,0.4188751894237638,0.07799734812252528,0.0
1690209712768891021,683686,0.4187290245374192,0.07818077322052032,0.0
1690209712769072272,683686,0.4187434795200949,0.07816268563104126,0.0
1690209712769424488,683686,0.41875027300050716,0.07812145631669834,0.0
1690209712769449394,683686,0.41866948440812635,0.07823672352281312,0.0
1690209712769462684,683686,0.4186302463967647,0.07833059055783907,0.0
1690209712769480709,683686,0.4186124087434123,0.07832210576103607,0.0
1690209712769529354,683686,0.4185006477837032,0.07845430867060849,0.0
1690209712769543607,683686,0.4184365771276017,0.07851588558100576,0.0
1690209712776217602,683687,0.4184103787979683,0.07862050896841637,0.0
1690209712777075211,683687,0.41837403965961695,0.07866332360003704,0.0
1690209712777462424,683687,0.41828786630657167,0.07870977038793432,0.0
1690209712777574278,683687,0.41833976052399513,0.07873456047998913,0.0
1690209712777896511,683687,0.41832222688083043,0.07878592768131099,0.0
1690209712777908914,683687,0.41834461732380473,0.07877978021727339,0.0
1690209712777920419,683687,0.41820774465076704,0.07892457517040463,0.0
1690209712777928856,683687,0.41820614179696286,0.07894681521971345,0.0
1690209712777970755,683687,0.4182916940367051,0.07879825080988524,0.0
1690209712777989196,683687,0.41817951393568614,0.07891313352280854,0.0
1690209712783943740,683688,0.4181493823716432,0.07892197257879811,0.0
1690209712784668254,683688,0.41818330402188864,0.07883194972769628,0.0
1690209712784773039,683688,0.4182237179000197,0.07876047985668883,0.0
1690209712785098614,683688,0.4182015116682616,0.07878802715026448,0.0
1690209712785311031,683688,0.41829661279046937,0.0786722300454425,0.0
1690209712785583182,683688,0.41834133981212596,0.07858972440921376,0.0
1690209712785596390,683688,0.41839401492238626,0.07847420867988694,0.0
1690209712785605261,683688,0.4184587695293148,0.07837382076761279,0.0
1690209712785619666,683688,0.41852788433283084,0.07833485289769976,0.0
1690209712785664069,683688,0.4185331523120156,0.07826823431947698,0.0
1690209712791935628,683689,0.418569983260615,0.07817928423970599,0.0
1690209712793024649,683689,0.4186231673245894,0.07813014402647839,0.0
1690209712793256036,683689,0.41873619168515164,0.0779962390110922,0.0
1690209712793538158,683689,0.418752530594711,0.07791066565923288,0.0
1690209712793545477,683689,0.41875563167025565,0.07791380069187537,0.0
1690209712793549634,683689,0.4188796648107079,0.0777885234549524,0.0
1690209712793577529,683689,0.41892986840423563,0.07780134087624568,0.0
1690209712793589176,683689,0.4188950292032607,0.07790350294296895,0.0
1690209712793611811,683689,0.41892353595593507,0.07789569155103858,0.0
1690209712793633384,683689,0.4189766578743507,0.07788753204100604,0.0
1690209712801061405,683690,0.41893526979727713,0.07796161489669613,0.0
1690209712802044888,683690,0.4188995916554484,0.0780538631152541,0.0
1690209712802169946,683690,0.41876300618877405,0.07818295130011584,0.0
1690209712802430357,683690,0.4187044973392936,0.07827557646556403,0.0
1690209712802441120,683690,0.4186447427974448,0.07832806143868791,0.0
1690209712802447488,683690,0.4185403137106898,0.07848544193011796,0.0
1690209712802453103,683690,0.4184712641332191,0.07856828690263402,0.0
1690209712802468616,683690,0.41840041359627234,0.0785553244504554,0.0
1690209712802480465,683690,0.418370332312533,0.07863846521809234,0.0
1690209712802489148,683690,0.41834131959089843,0.07868055964982194,0.0
1690209712809144245,683691,0.4183282552073334,0.07867005822690117,0.0
1690209712809926456,683691,0.4182150819365722,0.07879611192445238,0.0
1690209712810115209,683691,0.4181984354988245,0.07880730803490527,0.0
1690209712810486242,683691,0.41825056609945677,0.07875650191033191,0.0
1690209712810698617,683691,0.41819765689740196,0.07882775921972826,0.0
1690209712810712880,683691,0.4181585661598668,0.0788485134407776,0.0
1690209712810878299,683691,0.41820586151045436,0.07877140009242745,0.0
1690209712810886681,683691,0.41822185700466985,0.07878824971111129,0.0
1690209712810901633,683691,0.4182391935178903,0.07878169093195941,0.0
1690209712810913300,683691,0.4182545103229292,0.07874300533407984,0.0
1690209712816988819,683692,0.4182695356593079,0.0787268000772713,0.0
1690209712817743517,683692,0.4184165852316457,0.07858793451902514,0.0
1690209712818384426,683692,0.41846882957448145,0.07853396463821796,0.0
1690209712818651701,683692,0.41846783195596704,0.0785611149113746,0.0
1690209712818669958,683692,0.4184798741772306,0.07850523133080298,0.0
1690209712818678784,683692,0.4184714230598661,0.07847518250609602,0.0
1690209712818690957,683692,0.4184940436604023,0.07848229614791284,0.0
1690209712818703441,683692,0.41844582378341233,0.07848359961511348,0.0
1690209712818724249,683692,0.41845890410402764,0.07842361463441987,0.0
1690209712818732255,683692,0.41841184438483325,0.07839189648524035,0.0
1690209712825091094,683693,0.4184609089129231,0.0783373746562228,0.0
1690209712825407005,683693,0.4184729731718977,0.07828227066839809,0.0
1690209712825970075,683693,0.41839791110396557,0.0783265104197444,0.0
1690209712826560728,683693,0.418442208034578,0.07824308434408767,0.0
1690209712826766162,683693,0.4184727330857786,0.07822169806531439,0.0
1690209712826993621,683693,0.4185875559040881,0.07812421601852687,0.0
1690209712827011658,683693,0.41857624793592163,0.07814681393512528,0.0
1690209712827037381,683693,0.41862175057733464,0.07812362280873322,0.0
1690209712827053703,683693,0.41861171344640313,0.0781385752772008,0.0
1690209712827107803,683693,0.4186566002406445,0.07819614692848798,0.0
1690209712835108729,683694,0.4185969147445405,0.0782459606090712,0.0
1690209712835521078,683694,0.41857308950854144,0.07828186532842299,0.0
1690209712836091691,683694,0.4185409026117218,0.07827765194245005,0.0
1690209712836290768,683694,0.41856826994736607,0.0782877086984836,0.0
1690209712836388863,683694,0.41855270847287435,0.07831851849987179,0.0
1690209712836744179,683694,0.4184388077996272,0.07844585715461201,0.0
1690209712836883565,683694,0.4184316002820261,0.07847500212130161,0.0
1690209712837189592,683694,0.41843314039073976,0.07849348296688236,0.0
1690209712837203792,683694,0.41846931542366594,0.07847310696272777,0.0
1690209712837228141,683694,0.4183840646439518,0.07856207090214751,0.0
1690209712841977824,683695,0.418374707343942,0.07854799594249681,0.0
1690209712843076511,683695,0.41832461339112326,0.07856144622973547,0.0
1690209712843231632,683695,0.4183289375890047,0.0785839862707516,0.0
1690209712843279102,683695,0.41824006467558844,0.07866459082049353,0.0
1690209712843433647,683695,0.4182574923646931,0.07865105682253312,0.0
1690209712843561068,683695,0.4182569583168704,0.07859822432045316,0.0
1690209712843566664,683695,0.4182491772210609,0.07865245330932356,0.0
1690209712843631379,683695,0.4183331087781164,0.07857226659263468,0.0
1690209712843643202,683695,0.4183242141946552,0.07855145602927317,0.0
1690209712843648828,683695,0.418355100075042,0.07852617683553252,0.0
1690209712853722159,683696,0.4183572750916765,0.0785407179218427,0.0
1690209712853936579,683696,0.4184470137253508,0.07845931281080838,0.0
1690209712854552207,683696,0.41836870461807585,0.07852559240264284,0.0
1690209712854629302,683696,0.41836660267816184,0.07851048757124111,0.0
1690209712854651280,683696,0.4183995226529066,0.0784871073956897,0.0
1690209712854663054,683696,0.41841912615749555,0.07848176782211562,0.0
1690209712854694834,683696,0.41838635935714696,0.07852058267178137,0.0
1690209712854702626,683696,0.4183432655409268,0.07858497341494883,0.0
1690209712854708890,683696,0.4183764129093915,0.0785622000112202,0.0
1690209712854768786,683696,0.4183854144280558,0.07856745664079705,0.0
1690209712858693003,683697,0.41833821887701195,0.0786230052904101,0.0
1690209712859554336,683697,0.41833464216931837,0.0786607253686665,0.0
1690209712859715541,683697,0.41836282573650607,0.07856883438577811,0.0
1690209712859892953,683697,0.41832179726230223,0.07860753204482941,0.0
1690209712860091162,683697,0.4183096005471928,0.07861601631348861,0.0
1690209712860106353,683697,0.4183062878536309,0.0786281865304898,0.0
1690209712860114291,683697,0.4183023959780341,0.07859234887664879,0.0
1690209712860125195,683697,0.41827097240703026,0.07860749682188133,0.0
1690209712860131907,683697,0.4183940726591774,0.07852381923515583,0.0
1690209712860143701,683697,0.4183927850300698,0.07850114517709048,0.0
1690209712867327669,683698,0.4184219468528725,0.0784845042171565,0.0
1690209712868282930,683698,0.4184118638955344,0.07850862458327036,0.0
1690209712868447532,683698,0.41846406729747165,0.07851172245701807,0.0
1690209712868841913,683698,0.41849321997080646,0.07843037484511861,0.0
1690209712868857105,683698,0.4184411991758751,0.07850415469564097,0.0
1690209712868872390,683698,0.4184899041558664,0.07844217854144182,0.0
1690209712868885257,683698,0.41850396566318804,0.07837433572554886,0.0
1690209712868895718,683698,0.41851280007697556,0.0783517273244753,0.0
1690209712868912553,683698,0.4185096622725692,0.07836219296220233,0.0
1690209712868923850,683698,0.4186349233466831,0.07823353612784695,0.0
1690209712875812184,683699,0.41865802140935804,0.07819304226060123,0.0
1690209712876983627,683699,0.41865860232171737,0.07825773654865517,0.0
1690209712877238690,683699,0.41872535192590976,0.07817767819970996,0.0
1690209712877460705,683699,0.4187705675591743,0.07814044442860042,0.0
1690209712877762184,683699,0.41867399358133817,0.07820725553867348,0.0
1690209712877769579,683699,0.41867754030699755,0.07822207506473411,0.0
1690209712877775071,683699,0.4186332564254172,0.07823746660366693,0.0
1690209712877792229,683699,0.4185527760688148,0.07832671012276007,0.0
1690209712877818434,683699,0.41853077374992265,0.07830762431081556,0.0
1690209712877841236,683699,0.41846011157918045,0.07839525855815904,0.0
1690209712884641703,683700,0.41851655506002644,0.07835693171245156,0.0
1690209712885119810,683700,0.418461948623025,0.07836165819743468,0.0
1690209712885786189,683700,0.41846543537407854,0.07843939019713113,0.0
1690209712886018781,683700,0.4184960769764876,0.07844177907879689,0.0
1690209712886290210,683700,0.41858640736895414,0.0783770654839321,0.0
1690209712886299452,683700,0.4185492405671015,0.07845553533109965,0.0
1690209712886310465,683700,0.4185380184331048,0.07853108201728516,0.0
1690209712886385973,683700,0.41859982402523344,0.07847797949110592,0.0
1690209712886399223,683700,0.418496873777328,0.0786040984806153,0.0
1690209712886417238,683700,0.4184298667536005,0.07870925512143997,0.0
1690209712892056681,683701,0.4183894445822192,0.07876224970565238,0.0
1690209712893135272,683701,0.4183373446689405,0.07880207540408266,0.0
1690209712893801826,683701,0.4182465271507861,0.07886517253400008,0.0
1690209712893955424,683701,0.4182259304576049,0.07887953541788842,0.0
1690209712894344664,683701,0.4182492046179981,0.07884817822193477,0.0
1690209712894369733,683701,0.41822504000461225,0.07879374716307308,0.0
1690209712894381174,683701,0.41825392963480446,0.07874349155820609,0.0
1690209712894389203,683701,0.4183057366231635,0.07865878376115946,0.0
1690209712894401707,683701,0.41843755513707326,0.07847693009755558,0.0
1690209712894414459,683701,0.4184398460092807,0.07842109361130714,0.0
1690209712900636862,683702,0.4184827995751648,0.07839311967521713,0.0
1690209712901336101,683702,0.418664239398625,0.07815563509528552,0.0
1690209712901583660,683702,0.41867738955522826,0.07810703367851246,0.0
1690209712901592350,683702,0.41874634027522545,0.0780945507900119,0.0
1690209712901981620,683702,0.41884879537344144,0.07796911464406084,0.0
1690209712902125840,683702,0.41891898227411034,0.0779407584428801,0.0
1690209712902349651,683702,0.4189054996828209,0.07798018295635763,0.0
1690209712902511885,683702,0.4189528395083486,0.07793299972542835,0.0
1690209712902520906,683702,0.418992457903727,0.07789838460626108,0.0
1690209712902525103,683702,0.41888569240629636,0.07797049088354856,0.0
1690209712909592977,683703,0.41887965959445056,0.07798352387439311,0.0
1690209712909759250,683703,0.4187797316174955,0.07807741152148687,0.0
1690209712910040605,683703,0.4187444867287752,0.07811333534358934,0.0
1690209712910055042,683703,0.418692592969209,0.07809851822423071,0.0
1690209712910064254,683703,0.41861865515840674,0.07819747026231429,0.0
1690209712910080409,683703,0.41868590006777334,0.07815138468422975,0.0
1690209712910097098,683703,0.4186417290923185,0.07813684260752436,0.0
1690209712910106588,683703,0.41861707493139977,0.07822785259828963,0.0
1690209712910114985,683703,0.41863522963737787,0.07823806436636992,0.0
1690209712910158274,683703,0.418691650748816,0.07818131837995965,0.0
1690209712917855047,683704,0.41862779990652377,0.07829030319991648,0.0
1690209712918664136,683704,0.41858794649658526,0.07837324932465867,0.0
1690209712918985744,683704,0.41865288428265424,0.07833005854195563,0.0
1690209712919074678,683704,0.4185839766969647,0.07841423095161787,0.0
1690209712919341504,683704,0.41853202931232425,0.07851476014531582,0.0
1690209712919441927,683704,0.4185352658210424,0.07856452885345364,0.0
1690209712919659184,683704,0.41850154749396107,0.0786186411089873,0.0
1690209712919678982,683704,0.4184480122323549,0.07864696970336665,0.0
1690209712919685883,683704,0.4183975441345681,0.0787284106806124,0.0
1690209712919692844,683704,0.41839056735984187,0.07875769844549936,0.0
1690209712926104658,683705,0.4183834998123219,0.07872152658494644,0.0
1690209712926111810,683705,0.4182794531604294,0.07884466718897487,0.0
1690209712926855304,683705,0.41826105696494154,0.07885603998244722,0.0
1690209712926950725,683705,0.41835916424202985,0.07870873900059391,0.0
1690209712927235210,683705,0.41831697904225185,0.07870936801826373,0.0
1690209712927250661,683705,0.41832528922945883,0.07870276271252775,0.0
1690209712927264157,683705,0.41842661729240666,0.07854720137373189,0.0
1690209712927273319,683705,0.4184682587648141,0.07848161060104492,0.0
1690209712927282978,683705,0.4184956672608669,0.07842757324743477,0.0
1690209712927335839,683705,0.41860334949492345,0.07828633014353739,0.0
1690209712935491763,683706,0.41868895535949685,0.07820026451442781,0.0
1690209712935968251,683706,0.4187161850127843,0.0781550434938365,0.0
1690209712937047090,683706,0.41881529735644496,0.07803309257831573,0.0
1690209712937439543,683706,0.4188619631978608,0.07801582820473954,0.0
1690209712937759058,683706,0.41893122971149627,0.07791561261036564,0.0
1690209712937780621,683706,0.4189244543520708,0.07789977311384932,0.0
1690209712937789375,683706,0.4188656622803911,0.07800350662289507,0.0
1690209712937813016,683706,0.4188805525034388,0.07797455764636238,0.0
1690209712937830022,683706,0.4188680243466003,0.07794978748134129,0.0
1690209712937842368,683706,0.4188018446834556,0.07805452371414831,0.0
1690209712943732294,683707,0.41884582482305366,0.07800822539343667,0.0
1690209712944790222,683707,0.4188487698062583,0.07798700444763833,0.0
1690209712945141324,683707,0.4187063309107039,0.07816718851596126,0.0
1690209712945396713,683707,0.4187118529526805,0.07819247730485744,0.0
1690209712945411114,683707,0.41870210698469695,0.07819937804281167,0.0
1690209712945420990,683707,0.41861084675380045,0.07832612007882922,0.0
1690209712945445118,683707,0.4185711621654198,0.0784019776071438,0.0
1690209712945451603,683707,0.41857832315681814,0.07841530276792576,0.0
1690209712945482946,683707,0.418542010212519,0.0784737893459166,0.0
1690209712945500261,683707,0.4184804298353168,0.07851798499328068,0.0
1690209712950363747,683708,0.4184984183033551,0.0785925596938913,0.0
1690209712951318923,683708,0.41847567710728983,0.0786575196704858,0.0
1690209712951490626,683708,0.41845914522736605,0.0786440919608947,0.0
1690209712951501738,683708,0.41840481811491775,0.07874472210859068,0.0
1690209712951753508,683708,0.4183962281819724,0.0787945775691737,0.0
1690209712951773140,683708,0.41842430702973477,0.07877286591178499,0.0
1690209712951783251,683708,0.41831636172062336,0.07889628272905234,0.0
1690209712951799272,683708,0.41828555059519795,0.07895483213790494,0.0
1690209712951815272,683708,0.4183443826267985,0.07887241999419442,0.0
1690209712951823882,683708,0.4183016148177533,0.07891875535554176,0.0
1690209712958863708,683709,0.4183158643503848,0.07891771079211177,0.0
1690209712959194976,683709,0.41829065592413917,0.07889718292079614,0.0
1690209712959764584,683709,0.418329433509832,0.07886184916063564,0.0
1690209712959938031,683709,0.4183569431647369,0.07879739241895403,0.0
1690209712960094233,683709,0.4183771214405677,0.07874164744505095,0.0
1690209712960115776,683709,0.41839061010193845,0.07868878087714423,0.0
1690209712960388487,683709,0.41843119642267357,0.07863501898534377,0.0
1690209712960517797,683709,0.4185436315862372,0.07847609443089358,0.0
1690209712960695967,683709,0.4185674711041382,0.07846212376344015,0.0
1690209712960703782,683709,0.4186333403570599,0.07835736316188374,0.0
1690209712967537841,683710,0.41864949555259257,0.07829925215601446,0.0
1690209712968748490,683710,0.41872789063260585,0.07821175731983179,0.0
1690209712968871422,683710,0.41873972541332677,0.07817583068030443,0.0
1690209712969131042,683710,0.41877668390541667,0.07813646403445924,0.0
1690209712969137379,683710,0.4187672006900045,0.07809527392495132,0.0
1690209712969145213,683710,0.41880625355637346,0.07804356757000176,0.0
1690209712969151734,683710,0.41882716042735746,0.07802150361465622,0.0
1690209712969160173,683710,0.41884211109756697,0.07802223655856606,0.0
1690209712969164471,683710,0.4188859562797176,0.07797349344101166,0.0
1690209712969182310,683710,0.41888744636598607,0.07800282231941302,0.0
1690209712976689825,683711,0.41896459808871833,0.077946627225647,0.0
1690209712977146594,683711,0.4189609776981472,0.07801276491639686,0.0
1690209712977355795,683711,0.4189714488425971,0.07803694786174087,0.0
1690209712977404888,683711,0.4189416912303088,0.07808546751534097,0.0
1690209712977580411,683711,0.41894703198023464,0.0781374513714924,0.0
1690209712977595669,683711,0.4188486969651828,0.07828878952625462,0.0
1690209712977603275,683711,0.4188191165239109,0.07836958581067564,0.0
1690209712977607285,683711,0.41866981621491695,0.07846388329697372,0.0
1690209712977612249,683711,0.4185886282077521,0.07859285248464491,0.0
1690209712977630059,683711,0.41854127274633296,0.07861450926428737,0.0
1690209712985442493,683712,0.4184344728745364,0.07873352350430605,0.0
1690209712986577215,683712,0.4183711518726895,0.07882867556281038,0.0
1690209712986733247,683712,0.41831515254662466,0.07883582653504506,0.0
1690209712986982966,683712,0.4183967064193307,0.07875984863545096,0.0
1690209712987318745,683712,0.41830938879732027,0.0788601936085127,0.0
1690209712987333499,683712,0.4183631930868616,0.0787799101491351,0.0
1690209712987341835,683712,0.4183439747060197,0.0787634599347109,0.0
1690209712987353532,683712,0.4183318286883603,0.07878061038554612,0.0
1690209712987364604,683712,0.41840687062421245,0.07875770305269697,0.0
1690209712987422525,683712,0.4184366862894814,0.07872805134475945,0.0
1690209712992585718,683713,0.4184409196991034,0.07870912267823109,0.0
1690209712993480643,683713,0.4185116479638496,0.07867875929607265,0.0
1690209712993698330,683713,0.41859203501802006,0.07860706408355117,0.0
1690209712993895363,683713,0.4186476502909391,0.07856171628815785,0.0
1690209712993905218,683713,0.4186119487499126,0.07857368744144817,0.0
1690209712993914237,683713,0.4186282024452698,0.07856038953919074,0.0
1690209712993921636,683713,0.4187462439752623,0.07843610345219436,0.0
1690209712993928805,683713,0.418694675008608,0.07848327514363428,0.0
1690209712993936982,683713,0.4186863084733053,0.07848101518200531,0.0
1690209712993957385,683713,0.4186717046751447,0.07848066447837412,0.0
1690209713001260471,683714,0.4187380450616579,0.07840960106395381,0.0
1690209713001602469,683714,0.41873747352582213,0.07841138278464939,0.0
1690209713002163809,683714,0.4186415124747996,0.07851627644414592,0.0
1690209713002342831,683714,0.41869193660116444,0.07844682638568917,0.0
1690209713002667975,683714,0.4187008896923266,0.07836224024021705,0.0
1690209713002681118,683714,0.41867781772106877,0.07839908849270111,0.0
1690209713002685639,683714,0.41863604917256897,0.07842961924524242,0.0
1690209713002689753,683714,0.4186227612736726,0.0783790109778469,0.0
1690209713002756821,683714,0.41862839333497254,0.07834947919857164,0.0
1690209713002776988,683714,0.4186289585107653,0.07838090891273043,0.0
1690209713009731609,683715,0.41871375567358265,0.07832257617481346,0.0
1690209713010719973,683715,0.41866503225065366,0.07834283939212192,0.0
1690209713010834134,683715,0.4186840987735127,0.07829533315941736,0.0
1690209713011203042,683715,0.41877140078542907,0.07824154470572851,0.0
1690209713011215906,683715,0.41883309619203724,0.07824192515411149,0.0
1690209713011234112,683715,0.4188038364781832,0.07824410157879279,0.0
1690209713011247142,683715,0.4187360726463685,0.078312998088578,0.0
1690209713011272911,683715,0.41876926859962393,0.0782934658715459,0.0
1690209713011281225,683715,0.4189134909744019,0.0781141722987512,0.0
1690209713011290805,683715,0.41884409698633984,0.07816019613304195,0.0
1690209713017618903,683716,0.41880555875126024,0.07821540726259454,0.0
1690209713017624446,683716,0.4189197133653268,0.07805269719257137,0.0
1690209713018011026,683716,0.4189731110687879,0.07803713671372538,0.0
1690209713018532261,683716,0.4189229932584335,0.07811609798787628,0.0
1690209713018665732,683716,0.41897638967184386,0.0780529932149693,0.0
1690209713019512199,683716,0.41905275233728667,0.07798951985196495,0.0
1690209713019521462,683716,0.4190599202485247,0.07800343926072179,0.0
1690209713019525545,683716,0.41910647266815276,0.07796380678014997,0.0
1690209713019540859,683716,0.41902146046169336,0.0780695534081806,0.0
1690209713019561413,683716,0.41905951697142424,0.0780199387365699,0.0
1690209713026399282,683717,0.4190085944298254,0.07801806566687548,0.0
1690209713029702792,683717,0.41900905982331554,0.07810361240212572,0.0
1690209713029709285,683717,0.41898911938520467,0.07810115900138603,0.0
1690209713029721467,683717,0.41894162111929645,0.0780600102619594,0.0
1690209713029732892,683717,0.4189070189385537,0.07813896416054636,0.0
1690209713029743925,683717,0.41893844803490243,0.0781248997032077,0.0
1690209713029751450,683717,0.4189960488832928,0.07804251749813132,0.0
1690209713029764670,683717,0.41883850721555815,0.0781827187186818,0.0
1690209713029773395,683717,0.41885497616111267,0.07816280027279657,0.0
1690209713029801098,683717,0.41893283937680564,0.0780673541666881,0.0
1690209713034769950,683718,0.41888507938637665,0.07812872239047124,0.0
1690209713034902327,683718,0.41883955641329157,0.07819804399448227,0.0
1690209713035227471,683718,0.4188485857559319,0.07815835706193208,0.0
1690209713035320142,683718,0.4189011970789151,0.07811381089250304,0.0
1690209713035575202,683718,0.41887840508335505,0.07816582538335651,0.0
1690209713035586958,683718,0.41885875453882215,0.07823523890042254,0.0
1690209713035599679,683718,0.41887517118758244,0.07821796832185911,0.0
1690209713035610616,683718,0.4188480589405095,0.07819268460027089,0.0
1690209713035621586,683718,0.4188529668267512,0.07821349946100975,0.0
1690209713035630305,683718,0.41883378151652984,0.078217389873397,0.0
1690209713042984008,683719,0.41879151438740264,0.07821497224420236,0.0
1690209713043765437,683719,0.4187021669523337,0.0782781349139577,0.0
1690209713043856017,683719,0.41869994991289994,0.07828479416706183,0.0
1690209713044021877,683719,0.4188392985289284,0.07807760414229495,0.0
1690209713044029636,683719,0.41877390475811876,0.07810687539545777,0.0
1690209713044041669,683719,0.418811760496855,0.07805080958787008,0.0
1690209713044047638,683719,0.4188881430088554,0.0779317274289494,0.0
1690209713044053752,683719,0.4189734519428908,0.077917367144999,0.0
1690209713044057146,683719,0.418955907714919,0.07791945554564687,0.0
1690209713044060224,683719,0.4190182312825347,0.07784005662774021,0.0
1690209713051284834,683720,0.41907177718505495,0.07777574310955163,0.0
1690209713051868559,683720,0.4191742154334618,0.07768063099605703,0.0
1690209713051962084,683720,0.41924636001392096,0.07759382572586754,0.0
1690209713052127220,683720,0.41921711980705884,0.07767457968921984,0.0
1690209713052133548,683720,0.4193234443369665,0.07753564620291645,0.0
1690209713052138562,683720,0.419360054520694,0.07752614234381874,0.0
1690209713052146710,683720,0.41939544876776214,0.07755160610426275,0.0
1690209713052155226,683720,0.41935171938272,0.07759155562140893,0.0
1690209713052160853,683720,0.41936888238454983,0.07755369354747749,0.0
1690209713052163953,683720,0.4192517516862654,0.07767695617402882,0.0
1690209713060473839,683721,0.4192628150039949,0.07767825469490174,0.0
1690209713060621358,683721,0.41913399843601873,0.07778948414600256,0.0
1690209713060742357,683721,0.4190256479191297,0.07791896701770094,0.0
1690209713060751091,683721,0.41903144872102543,0.07787070698702041,0.0
1690209713061084776,683721,0.41897597448344415,0.07794146863353056,0.0
1690209713061164209,683721,0.4189810466381512,0.0779508014916743,0.0
1690209713061303066,683721,0.4189178044436674,0.07797057730976073,0.0
1690209713061316288,683721,0.4189164713580344,0.07797651187313351,0.0
1690209713061321654,683721,0.41890287082463445,0.07803102053307348,0.0
1690209713061337689,683721,0.41894754136451645,0.07800818803907515,0.0
1690209713067487119,683722,0.4189059989585736,0.0781290235516927,0.0
1690209713068017529,683722,0.4188620909742361,0.07818720857127068,0.0
1690209713068150495,683722,0.41890415601815123,0.07818310594260802,0.0
1690209713068639291,683722,0.41888460775477276,0.0782617361553701,0.0
1690209713068777043,683722,0.4188565257938683,0.07832360408328651,0.0
1690209713068987148,683722,0.41886319416887374,0.07833491256568395,0.0
1690209713068995653,683722,0.4187571484881407,0.07847821777319507,0.0
1690209713069004491,683722,0.4187599496030841,0.0785019719538503,0.0
1690209713069038357,683722,0.4187332250410992,0.07847890659278398,0.0
1690209713069042682,683722,0.41864891284077566,0.07857657181168652,0.0
1690209713077217317,683723,0.4186625760143745,0.07848418064550201,0.0
1690209713078880444,683723,0.41864338288636743,0.07845942295546822,0.0
1690209713079316575,683723,0.4186409786448376,0.07846414656729273,0.0
1690209713079340578,683723,0.41865397466625864,0.07846210210775788,0.0
1690209713079371195,683723,0.4187392996393825,0.07831731217889021,0.0
1690209713079394135,683723,0.41875959028975157,0.07829314028319974,0.0
1690209713079414018,683723,0.41887447339480316,0.07818674268870714,0.0
1690209713079431919,683723,0.41897647520747866,0.07805892263861777,0.0
1690209713079451134,683723,0.41899853211499966,0.07798870623311549,0.0
1690209713079466286,683723,0.4190548182408536,0.07789914944184761,0.0
1690209713083823855,683724,0.41906888793477226,0.07784312080947722,0.0
1690209713084834380,683724,0.419101708545589,0.07779078202387363,0.0
1690209713085010239,683724,0.4190991664827872,0.07774334797805948,0.0
1690209713085198404,683724,0.41910476203651603,0.07769288177880443,0.0
1690209713085268789,683724,0.4191996382555274,0.0775825439568849,0.0
1690209713085453385,683724,0.41925891272981963,0.07748873882995455,0.0
1690209713085466267,683724,0.4192955655032663,0.07747591092985119,0.0
1690209713085473250,683724,0.41929221682567774,0.07747903285798403,0.0
1690209713085486207,683724,0.41935954924065755,0.07745652245153108,0.0
1690209713085501076,683724,0.41936455429219577,0.07746163621772942,0.0
1690209713092439206,683725,0.4193289077141156,0.07751230564074565,0.0
1690209713093545941,683725,0.4193620624279417,0.07755586737129286,0.0
1690209713094024237,683725,0.4193077274617357,0.07760268566173438,0.0
1690209713094095165,683725,0.41921408260685095,0.07772698468309139,0.0
1690209713094622685,683725,0.41907333899820515,0.07791283900832076,0.0
1690209713094649571,683725,0.41901634241211033,0.07798885137469079,0.0
1690209713094661685,683725,0.41890583616124216,0.07807437515994663,0.0
1690209713094673720,683725,0.418786534394255,0.07816577956234139,0.0
1690209713094731126,683725,0.4187927323300531,0.07817513776262316,0.0
1690209713094737692,683725,0.4187972113128552,0.078123590615033,0.0
1690209713100237389,683726,0.41874028626988335,0.0781929955859707,0.0
1690209713101241465,683726,0.418747290240868,0.07820479632295049,0.0
1690209713101705889,683726,0.41879972534877885,0.07812417893322127,0.0
1690209713101818709,683726,0.4188648053650533,0.07807358483196095,0.0
1690209713102223726,683726,0.4188553537291335,0.07807943251294008,0.0
1690209713102236340,683726,0.4189325715391109,0.0780506638139984,0.0
1690209713102268594,683726,0.41895830558444924,0.07799557731290699,0.0
1690209713102280468,683726,0.4189456108312701,0.07802005768088868,0.0
1690209713102290297,683726,0.4190025903483978,0.07802034389239702,0.0
1690209713102300573,683726,0.41900573891768783,0.07801399766771738,0.0
1690209713109368443,683727,0.4190211117796411,0.07797977971268572,0.0
1690209713110535371,683727,0.4189295516485674,0.07807909758176768,0.0
1690209713110781025,683727,0.41901284861491717,0.07799970533045551,0.0
1690209713111162876,683727,0.41905784781884836,0.0779018379469852,0.0
1690209713111175157,683727,0.4189383380302426,0.07799849432215114,0.0
1690209713111219856,683727,0.418953717605255,0.07797232398723505,0.0
1690209713111238130,683727,0.4189866304396652,0.0778780250668559,0.0
1690209713111246307,683727,0.41898967768800655,0.07784189044674278,0.0
1690209713111255842,683727,0.4189814080292755,0.07785273533492178,0.0
1690209713111275541,683727,0.4190546702390656,0.07775356195845008,0.0
1690209713117391570,683728,0.41911437814312086,0.07767501427695471,0.0
1690209713118520260,683728,0.4191284764640876,0.07762080063984371,0.0
1690209713118645382,683728,0.41915583324712535,0.07764724576576298,0.0
1690209713118947205,683728,0.4191966256840802,0.07763353799069486,0.0
1690209713118964773,683728,0.41917171306894424,0.07763662622512335,0.0
1690209713118973852,683728,0.41920759357561377,0.07761648303186652,0.0
1690209713118981700,683728,0.4192159332638879,0.07764659577285268,0.0
1690209713118986995,683728,0.41928764238855165,0.07757557908963975,0.0
1690209713118996910,683728,0.41916240098018276,0.07769781846829739,0.0
1690209713119022730,683728,0.4191709952133389,0.07775902873884166,0.0
1690209713126088670,683729,0.4192603087068867,0.07763203334784156,0.0
1690209713126313021,683729,0.41922447229111826,0.0777189813637281,0.0
1690209713127503114,683729,0.41918831707306414,0.07774152921487165,0.0
1690209713127662093,683729,0.41920213631515035,0.07771510554373014,0.0
1690209713128060522,683729,0.41925689017830114,0.0776906950194596,0.0
1690209713128083167,683729,0.41918181702891244,0.07774382722519908,0.0
1690209713128100186,683729,0.4192561388630989,0.07768526235876665,0.0
1690209713128110645,683729,0.41913864625907593,0.07777332611835418,0.0
1690209713128128762,683729,0.41926712031841407,0.0776867854733183,0.0
1690209713128196532,683729,0.41928344265448586,0.07762866245372646,0.0
1690209713135075265,683730,0.4192482370917348,0.077733841316013,0.0
1690209713135215344,683730,0.4193203663275205,0.07763283731198461,0.0
1690209713135502583,683730,0.41929242073686396,0.07760936464881522,0.0
1690209713135513436,683730,0.4193059015146135,0.07765289679844083,0.0
1690209713135525973,683730,0.4192496135713673,0.0777006469517624,0.0
1690209713135541726,683730,0.41924618817541504,0.07766645643039313,0.0
1690209713135554209,683730,0.4191402538098199,0.07778371072167264,0.0
1690209713135603630,683730,0.4191781789094787,0.07774002430682316,0.0
1690209713135628211,683730,0.4191726138846207,0.077760920004766,0.0
1690209713135638369,683730,0.41908000843953136,0.07786461295629103,0.0
1690209713142232657,683731,0.41908377387030565,0.07782572453765572,0.0
1690209713142787802,683731,0.41910674455010993,0.07779110938667429,0.0
1690209713143047841,683731,0.4191114115734364,0.07782833443017015,0.0
1690209713143167732,683731,0.41912607901954113,0.07782935433124952,0.0
1690209713143473488,683731,0.41909981755283987,0.07783389049653545,0.0
1690209713143482491,683731,0.41912738907723945,0.07784613050581357,0.0
1690209713143489491,683731,0.4191976171879308,0.07779786232998905,0.0
1690209713143499739,683731,0.4191438729240669,0.07791043305067098,0.0
1690209713143506333,683731,0.4191191111231707,0.0779729833505036,0.0
1690209713143513078,683731,0.41908668490781864,0.07800072794829795,0.0
1690209713150098179,683732,0.41911665064073667,0.07801620032821817,0.0
1690209713150599304,683732,0.4190793606923079,0.07808267258694443,0.0
1690209713150883830,683732,0.41901905735055356,0.07813098143332667,0.0
1690209713151495902,683732,0.4189351980458153,0.07821902452799846,0.0
1690209713152038474,683732,0.4189179582435512,0.07817049991104962,0.0
1690209713152169401,683732,0.4189386169827216,0.07811260761775761,0.0
1690209713152455655,683732,0.41886224484930656,0.07815807363785769,0.0
1690209713152479775,683732,0.41886060315742785,0.0781037577305197,0.0
1690209713152510389,683732,0.41891552892147976,0.07796659419150573,0.0
1690209713152526393,683732,0.4189418446258051,0.07793714626617711,0.0
1690209713160471741,683733,0.4190479486246861,0.0778142607046572,0.0
1690209713160580942,683733,0.4191274212209389,0.07768364922252814,0.0
1690209713161028578,683733,0.4191917628571964,0.07758560155677179,0.0
1690209713161041500,683733,0.4193301318905349,0.077462064488649,0.0
1690209713161049188,683733,0.41947696135571044,0.07734985514054345,0.0
1690209713161054558,683733,0.41951494116331983,0.07731177478679149,0.0
1690209713161075679,683733,0.41955092969810437,0.07724903477987212,0.0
1690209713161086798,683733,0.41960184948956114,0.07720005538477816,0.0
1690209713161095205,683733,0.41971118223956794,0.0771091309229375,0.0
1690209713161103386,683733,0.4197055084858604,0.07708235722865721,0.0
1690209713167722459,683734,0.4196576317256958,0.07714596615412478,0.0
1690209713168389741,683734,0.4196869917985543,0.07710486604479497,0.0
1690209713168519379,683734,0.4197423380854374,0.07706330074880323,0.0
1690209713168864913,683734,0.41970646714577015,0.07712414746565563,0.0
1690209713168881199,683734,0.41963950007900974,0.07721879304080652,0.0
1690209713168892026,683734,0.41965554053586074,0.07718708987327647,0.0
1690209713168903613,683734,0.4196025455577105,0.07726353837736638,0.0
1690209713168911820,683734,0.419570237671192,0.07734487447043883,0.0
1690209713168918272,683734,0.4195025923857769,0.07743797049878666,0.0
1690209713168946515,683734,0.41942282559219524,0.07751844472198961,0.0
1690209713177019161,683735,0.41934603647288876,0.07758404619030423,0.0
1690209713177954433,683735,0.41931263688268167,0.07767313209159954,0.0
1690209713178107696,683735,0.41927920922238077,0.07774180322590321,0.0
1690209713178617849,683735,0.4192088550765376,0.07780267148445878,0.0
1690209713178626927,683735,0.4191835527611452,0.07780549827859023,0.0
1690209713178632681,683735,0.4191807616904434,0.07785869038147183,0.0
1690209713178636848,683735,0.4192080051646836,0.07782318990303597,0.0
1690209713178641822,683735,0.4191371069259941,0.07787153062177786,0.0
1690209713178738516,683735,0.419158973778534,0.07787774003288012,0.0
1690209713178749902,683735,0.41927100286274555,0.07776078777196675,0.0
1690209713185540750,683736,0.41934318700529044,0.07767304047902569,0.0
1690209713186865378,683736,0.4193078100272529,0.07770592316867062,0.0
1690209713186989243,683736,0.4193463782515262,0.07767141371892942,0.0
1690209713187411648,683736,0.41941318982571585,0.0775325674362514,0.0
1690209713187431642,683736,0.41938820376884,0.07755773868671005,0.0
1690209713187449124,683736,0.41940648839447026,0.07754827539164609,0.0
1690209713187469008,683736,0.4194263543305779,0.07748480874196212,0.0
1690209713187478857,683736,0.4194320084693921,0.07738626094053884,0.0
1690209713187552747,683736,0.41939149765883654,0.07742461186402672,0.0
1690209713187564698,683736,0.41947135472286745,0.07732432489433802,0.0
1690209713191990691,683737,0.419471231021884,0.07726584037768787,0.0
1690209713192881589,683737,0.4194158016312853,0.07728264046712054,0.0
1690209713193194939,683737,0.41945830462255407,0.07722313157299247,0.0
1690209713193308117,683737,0.4196009648603331,0.0770505328310694,0.0
1690209713193639427,683737,0.4196003549736749,0.07703841111777325,0.0
1690209713193652145,683737,0.41965168378567186,0.07705803765265143,0.0
1690209713193662573,683737,0.4197455753759724,0.07695370280353225,0.0
1690209713193680313,683737,0.41976167785987983,0.07700818545948078,0.0
1690209713193691208,683737,0.4197434327463584,0.0770601984152173,0.0
1690209713193702388,683737,0.4197038813981221,0.07714905353116135,0.0
1690209713202533984,683738,0.4197178725149567,0.07717210510681889,0.0
1690209713202542040,683738,0.41959721291637875,0.07727947769388586,0.0
1690209713202568638,683738,0.4195802484639077,0.07735808589501554,0.0
1690209713202578526,683738,0.41943760110394157,0.0775128944443078,0.0
1690209713202588412,683738,0.4193977339033993,0.07755321183041797,0.0
1690209713202595313,683738,0.41927497935886615,0.07765334270798363,0.0
1690209713202606041,683738,0.4192120098620238,0.07774955109758283,0.0
1690209713202614107,683738,0.4192647722861289,0.07765666262367975,0.0
1690209713202620824,683738,0.4191589945512768,0.07770726725350698,0.0
1690209713202641053,683738,0.41913755973061034,0.07775270459742432,0.0
1690209713208680176,683739,0.41914277124038457,0.07773610835739973,0.0
1690209713208848029,683739,0.41922736972251134,0.07765693184276587,0.0
1690209713209371782,683739,0.41915148824714366,0.07773617697673904,0.0
1690209713209570230,683739,0.4192212093971028,0.07765043201164726,0.0
1690209713209675239,683739,0.4192852272482416,0.07759089371038747,0.0
1690209713209856895,683739,0.41933603877851167,0.07756378974504485,0.0
1690209713209867545,683739,0.41939208266542,0.07750635633028662,0.0
1690209713209874274,683739,0.41941876223965446,0.07751206535147304,0.0
1690209713209877668,683739,0.41944704848788744,0.07748807135121685,0.0
1690209713209902182,683739,0.41947549912819354,0.07744268436529309,0.0
1690209713217579533,683740,0.41947465334816614,0.07747040865059569,0.0
1690209713219044717,683740,0.41944239358691604,0.07749259376436379,0.0
1690209713219165989,683740,0.4194821444191318,0.07739470334543806,0.0
1690209713219621838,683740,0.4194216674250234,0.07745033172225675,0.0
1690209713219647652,683740,0.4194473673211153,0.07742626763344329,0.0
1690209713219664084,683740,0.4194590747066202,0.07738879034591352,0.0
1690209713219679615,683740,0.4194154341409015,0.0774250567739873,0.0
1690209713219702181,683740,0.41944144708081726,0.07742290749178052,0.0
1690209713219752312,683740,0.4194674805765914,0.07739252990245177,0.0
1690209713219768710,683740,0.4194808249420958,0.07739679773936205,0.0
1690209713225051364,683741,0.41947179197808615,0.07739068904525317,0.0
1690209713225357622,683741,0.4195071280139701,0.0773525332509737,0.0
1690209713225557576,683741,0.4194794152648167,0.0773984050309521,0.0
1690209713226222142,683741,0.41946827042168444,0.07739436716344289,0.0
1690209713226651227,683741,0.4194493778251711,0.0774197333360642,0.0
1690209713226666878,683741,0.41940719027365064,0.0774565091619503,0.0
1690209713226699622,683741,0.41950035829286214,0.0773230428977878,0.0
1690209713226713679,683741,0.419499378023548,0.07731403956085153,0.0
1690209713226730042,683741,0.4195298519774644,0.07730489373258251,0.0
1690209713226740389,683741,0.4195686039035317,0.07725637338022835,0.0
1690209713234304087,683742,0.4195375955736245,0.07735879773451995,0.0
1690209713235320189,683742,0.41953262255915746,0.07738847421036066,0.0
1690209713235428931,683742,0.41956856923155617,0.07732269882456397,0.0
1690209713235916712,683742,0.4195301448379735,0.07738326534621934,0.0
1690209713235928399,683742,0.419444695437628,0.07744312089648817,0.0
1690209713235936455,683742,0.41947014994973825,0.07742095528026559,0.0
1690209713235946942,683742,0.4193741274569188,0.07751769427945336,0.0
1690209713235976358,683742,0.419366341593639,0.07754844196998423,0.0
1690209713235988058,683742,0.41941290694245026,0.07744715995808486,0.0
1690209713235993583,683742,0.41936491233068585,0.07750303386229433,0.0
1690209713242633830,683743,0.4194138296935086,0.07747460386875304,0.0
1690209713243954896,683743,0.4194530193039361,0.07737348987901727,0.0
1690209713244523993,683743,0.4194372037244257,0.07743674371266915,0.0
1690209713244541514,683743,0.41941088188942366,0.07745793515589099,0.0
1690209713244550540,683743,0.4194344172398401,0.0774041324730407,0.0
1690209713244586057,683743,0.41939866815136856,0.07748097910099325,0.0
1690209713244601032,683743,0.4193439600694291,0.07750430902335252,0.0
1690209713244613912,683743,0.4193565081073555,0.07749311712369905,0.0
1690209713244627250,683743,0.41932025275727397,0.07754200865614883,0.0
1690209713244636394,683743,0.419324545457488,0.07753163081595227,0.0
1690209713250794189,683744,0.4193511472435363,0.07751016952253728,0.0
1690209713251966005,683744,0.4192766595942044,0.07761931757037417,0.0
1690209713252042316,683744,0.41933451041895276,0.07756814716960166,0.0
1690209713252320893,683744,0.4193124346643672,0.07759479098267658,0.0
1690209713252335777,683744,0.41929996215911003,0.0776452065883095,0.0
1690209713252367137,683744,0.41936118103095255,0.07761284432138978,0.0
1690209713252380511,683744,0.4193258631650809,0.0776295210741684,0.0
1690209713252394040,683744,0.41927787250838905,0.07770061798277261,0.0
1690209713252402056,683744,0.4192666766973868,0.07771525599229921,0.0
1690209713252410686,683744,0.4192622678313047,0.07772190056375139,0.0
1690209713258986588,683745,0.4191995011709645,0.07779626469111811,0.0
1690209713258995368,683745,0.4191746267050778,0.07778235694248832,0.0
1690209713259349538,683745,0.41920552719585014,0.07775632469119435,0.0
1690209713259702217,683745,0.41920122929072956,0.07771104384954652,0.0
1690209713259713391,683745,0.4192213665237771,0.07767862045106695,0.0
1690209713259836868,683745,0.4192011800443891,0.07770239473766391,0.0
1690209713260000551,683745,0.4191935614048774,0.0776563295151144,0.0
1690209713260010792,683745,0.4193245122504744,0.07748198959405708,0.0
1690209713260018295,683745,0.41931671853695357,0.07747911320820682,0.0
1690209713260034427,683745,0.4194513368218754,0.07736668014998443,0.0
1690209713268488418,683746,0.4195118802236167,0.07725990726005591,0.0
1690209713269057966,683746,0.4194967782775031,0.07730946109474288,0.0
1690209713269968217,683746,0.4196002879855818,0.07723960811554183,0.0
1690209713270663081,683746,0.4196232100128257,0.07720395403995906,0.0
1690209713270991159,683746,0.4196025131833095,0.07723080415514175,0.0
1690209713271384398,683746,0.41957414317897357,0.07728310434802789,0.0
1690209713271399209,683746,0.41964761371279546,0.07719670423132986,0.0
1690209713271420739,683746,0.41958939405779516,0.07725729575463144,0.0
1690209713271440341,683746,0.4194982968517941,0.07735230962138884,0.0
1690209713271467283,683746,0.41949964681636204,0.0773357429854533,0.0
1690209713274977320,683747,0.41947647627697654,0.07735327084101887,0.0
1690209713275747158,683747,0.4194383782096762,0.07736570575150402,0.0
1690209713276110334,683747,0.41940338154289714,0.07741365809655086,0.0
1690209713276181462,683747,0.4194157813033832,0.07741175948975024,0.0
1690209713276417857,683747,0.41941606509035045,0.07738424182529118,0.0
1690209713276430677,683747,0.4194208565925969,0.0773956021824253,0.0
1690209713276455423,683747,0.4194075568981888,0.07749915816579192,0.0
1690209713276464669,683747,0.41946651270291574,0.07744975140838145,0.0
1690209713276473876,683747,0.41939881296165105,0.07754337580619904,0.0
1690209713276479492,683747,0.4194086971126713,0.07760645560140192,0.0
1690209713286937593,683748,0.41945355991800715,0.07758858193925944,0.0
1690209713287258100,683748,0.4193957042877112,0.07765716082859678,0.0
1690209713287273101,683748,0.41925040459546753,0.07781215845468284,0.0
1690209713287814630,683748,0.41925045816571266,0.0778332804845961,0.0
1690209713287837076,683748,0.41927357611363975,0.07775780791091245,0.0
1690209713287848766,683748,0.41918105039407433,0.07785786837706776,0.0
1690209713287865609,683748,0.4191072857423205,0.07786221248087585,0.0
1690209713287875973,683748,0.4191388519591318,0.07778771067319559,0.0
1690209713287885759,683748,0.4191762672078039,0.07768428845094981,0.0
1690209713287897158,683748,0.4191510785862037,0.07767997266520234,0.0
1690209713292547798,683749,0.41929227594197427,0.07753561109692929,0.0
1690209713293119247,683749,0.4193111861472429,0.07744346979411491,0.0
1690209713293681824,683749,0.4194623279891695,0.07726188519993689,0.0
1690209713293759829,683749,0.4195398374235813,0.07716402068071421,0.0
1690209713294051405,683749,0.41968622025668567,0.07704396025909103,0.0
1690209713294066658,683749,0.4197490749694146,0.07691183091008615,0.0
1690209713294088320,683749,0.41979347663223227,0.07688764154475465,0.0
1690209713294101053,683749,0.41990506895243135,0.07682811519059168,0.0
1690209713294111148,683749,0.4199482637388052,0.07682472785738308,0.0
1690209713294123005,683749,0.4199563092802955,0.07680695209774112,0.0
1690209713302144337,683750,0.4198917816950916,0.07687802161253253,0.0
1690209713302488686,683750,0.4199956317813021,0.07679690871083747,0.0
1690209713302743915,683750,0.4199210876995651,0.07684619372453894,0.0
1690209713302754918,683750,0.41982027457115195,0.07695198451362245,0.0
1690209713302777466,683750,0.4197181955822709,0.07703317031321844,0.0
1690209713303133533,683750,0.41971848134419826,0.07703230577777107,0.0
1690209713303155053,683750,0.4196799714397107,0.07704503505564406,0.0
1690209713303166610,683750,0.41959825839848325,0.07718856209994994,0.0
1690209713303177360,683750,0.41960075800117347,0.07717975701619208,0.0
1690209713303191658,683750,0.41954119011999036,0.07721390931916167,0.0
1690209713309396749,683751,0.41951109512591683,0.07729586013828285,0.0
1690209713310728214,683751,0.4194531211033439,0.07741726999970848,0.0
1690209713310979637,683751,0.4194844062815717,0.07739738242354102,0.0
1690209713311201103,683751,0.4193731618126915,0.07750380932901774,0.0
1690209713311473946,683751,0.41936709368321684,0.07754387083784706,0.0
1690209713311490843,683751,0.41938953535567514,0.0775567143860479,0.0
1690209713311500327,683751,0.4193179807859279,0.07764254425934952,0.0
1690209713311526926,683751,0.4191973021617027,0.0777903265062568,0.0
1690209713311539260,683751,0.41920920691215624,0.07781289508982107,0.0
1690209713311547484,683751,0.4192233212758883,0.07778348823548327,0.0
1690209713318478267,683752,0.41914259365942624,0.07786707630698755,0.0
1690209713318631559,683752,0.4190479906284724,0.07789353337355086,0.0
1690209713318770734,683752,0.4190709834975482,0.07785520610874916,0.0
1690209713318882167,683752,0.41910448803020584,0.07775516120818893,0.0
1690209713319326960,683752,0.41903495493732335,0.0777875292653765,0.0
1690209713319838638,683752,0.41909443403679525,0.07769253326778508,0.0
1690209713319945569,683752,0.4191071538093125,0.07761841546936953,0.0
1690209713320122537,683752,0.41926905585144486,0.077427618054633,0.0
1690209713320136532,683752,0.41931547910056366,0.07736937711767089,0.0
1690209713320171674,683752,0.41943212330223856,0.07727701914288727,0.0
1690209713325558880,683753,0.41952124283185055,0.07711406766346372,0.0
1690209713326517217,683753,0.4195446404131562,0.07705872832152509,0.0
1690209713326623986,683753,0.41963286034797886,0.07700936476020834,0.0
1690209713326904503,683753,0.4196526840332958,0.07698228622491557,0.0
1690209713326921907,683753,0.4196611997524246,0.07689907342470104,0.0
1690209713326936499,683753,0.4196123444242962,0.07692185000565549,0.0
1690209713326951581,683753,0.41968135110208277,0.07685842255805646,0.0
1690209713326963726,683753,0.41976060582747865,0.07673944721368152,0.0
1690209713326972380,683753,0.41967671436608606,0.07679737391070329,0.0
1690209713326990758,683753,0.41968587561513554,0.07683209798206043,0.0
1690209713333887198,683754,0.41979080232866484,0.07671130463565032,0.0
1690209713334148773,683754,0.41978258794521056,0.0767510664354647,0.0
1690209713334712110,683754,0.41975185628685074,0.07683759324449985,0.0
1690209713335065261,683754,0.41976569306800593,0.0768278080255335,0.0
1690209713335237478,683754,0.41978761994442815,0.07682388472161333,0.0
1690209713335373316,683754,0.4196674097952142,0.07696174944760034,0.0
1690209713335386421,683754,0.4196437186444567,0.07707550420952637,0.0
1690209713335473897,683754,0.4195075182068003,0.07720531985367887,0.0
1690209713335659512,683754,0.41940631074030743,0.07730173384529654,0.0
1690209713335667904,683754,0.4193765672219937,0.07733565602036432,0.0
1690209713341720055,683755,0.4192771952042108,0.0774844856816228,0.0
1690209713342286596,683755,0.4192577062471665,0.07752519301095592,0.0
1690209713342421835,683755,0.41911665451385005,0.0776336430398547,0.0
1690209713342754905,683755,0.41909326404401936,0.07768391237329773,0.0
1690209713342843648,683755,0.41911962143323317,0.07765514481496079,0.0
1690209713343011367,683755,0.4190846835708128,0.07766826800687697,0.0
1690209713343387467,683755,0.4190430037022284,0.07773341583279224,0.0
1690209713343516365,683755,0.4190724306951745,0.07768915936142333,0.0
1690209713343664491,683755,0.4191288141343279,0.077669279446029,0.0
1690209713343682288,683755,0.41913319476288474,0.07772012885155323,0.0
1690209713350569813,683756,0.41914590216128356,0.07771326004567135,0.0
1690209713350821950,683756,0.41917259336818463,0.07767154359791167,0.0
1690209713350942124,683756,0.4191162304411973,0.07776350115763261,0.0
1690209713351201531,683756,0.41916849454586386,0.07772059859879014,0.0
1690209713352007753,683756,0.4191476078819132,0.07772547356972333,0.0
1690209713352249729,683756,0.41907302188640366,0.07778198140660389,0.0
1690209713352376482,683756,0.4191254853940224,0.0776745402581694,0.0
1690209713352726305,683756,0.41909701334223964,0.07766380416612723,0.0
1690209713352733401,683756,0.41904396627594664,0.07768057173422242,0.0
1690209713352740563,683756,0.4190135365801026,0.07767346502784549,0.0
1690209713358832772,683757,0.41903606816429223,0.07758784195989402,0.0
1690209713359797903,683757,0.41905755706710673,0.07757710810923532,0.0
1690209713360006734,683757,0.4191271496189751,0.07752003288287586,0.0
1690209713360254228,683757,0.4191451342305831,0.07753690267528072,0.0
1690209713360362463,683757,0.41919133024881855,0.07750578410176893,0.0
1690209713360376495,683757,0.4192174886040047,0.0774707866520596,0.0
1690209713360383127,683757,0.4192834831651081,0.07750890854415396,0.0
1690209713360410450,683757,0.4192755825845882,0.07752740310096129,0.0
1690209713360419515,683757,0.41925242030937704,0.07756437597373718,0.0
1690209713360426360,683757,0.4192691628997461,0.07757085665315962,0.0
1690209713367672964,683758,0.41927133636245684,0.07756276513496466,0.0
1690209713368342007,683758,0.41936551992093424,0.07745740745445652,0.0
1690209713368514656,683758,0.419223312425859,0.07760987941399522,0.0
1690209713368978914,683758,0.4192782589900904,0.07758324269714045,0.0
1690209713369140610,683758,0.4192880593358935,0.07750295390476464,0.0
1690209713369603561,683758,0.4192447825038506,0.07757247568719816,0.0
1690209713369621679,683758,0.4192878330429162,0.07759586224464204,0.0
1690209713369642681,683758,0.41929158610698425,0.07753107651021407,0.0
1690209713369657773,683758,0.41927612672469117,0.0775563435332813,0.0
1690209713369670848,683758,0.4192045602550128,0.07766322745202024,0.0
1690209713376252874,683759,0.4193009286441432,0.07754903595892906,0.0
1690209713376587688,683759,0.4192428381172506,0.07760436094238825,0.0
1690209713376696834,683759,0.41916056263507173,0.07766076181169998,0.0
1690209713376990399,683759,0.41920384697308444,0.07763693200134848,0.0
1690209713376997904,683759,0.4192386039327122,0.07760862345678428,0.0
1690209713377002755,683759,0.41917766510487176,0.07766394846822522,0.0
1690209713377007163,683759,0.419197221058944,0.07765533359720309,0.0
1690209713377013390,683759,0.41918648420782556,0.07766615556745876,0.0
1690209713377081197,683759,0.4192603899370446,0.07762540457700337,0.0
1690209713377089990,683759,0.4192134813563826,0.07768550516244474,0.0
1690209713384451084,683760,0.4192309088666786,0.07776471771126327,0.0
1690209713384881931,683760,0.41930771385260435,0.07768931388939282,0.0
1690209713385474738,683760,0.41927256651665107,0.07775956491288367,0.0
1690209713385664317,683760,0.4192487675755859,0.07784075272509222,0.0
1690209713386086366,683760,0.4192523838617556,0.07785850779402885,0.0
1690209713386291271,683760,0.4192660112244918,0.07782409965806455,0.0
1690209713386517095,683760,0.4191291785221277,0.07799622426060038,0.0
1690209713386674034,683760,0.41908812255544253,0.07802503316283872,0.0
1690209713386682145,683760,0.41909710349482365,0.0779613911919001,0.0
1690209713386686781,683760,0.419021732656527,0.0779691514800828,0.0
1690209713393071192,683761,0.418963508128872,0.07796515711798362,0.0
1690209713394015770,683761,0.41897975399806364,0.07790359532884182,0.0
1690209713394187549,683761,0.41897974855890097,0.07783911908921573,0.0
1690209713394593813,683761,0.41896970997152183,0.0777888088640921,0.0
1690209713394606974,683761,0.41906435696166033,0.07769210763229056,0.0
1690209713394622184,683761,0.419236373221745,0.07747684106115704,0.0
1690209713394655018,683761,0.4193577059839432,0.07732874359367439,0.0
1690209713394670148,683761,0.4194534362748081,0.0772571728286175,0.0
1690209713394682704,683761,0.4195728817244636,0.0771616712091671,0.0
1690209713394689498,683761,0.41968361952069166,0.07709486025842836,0.0
1690209713401573614,683762,0.41967374786240197,0.07711232562066579,0.0
1690209713402280556,683762,0.4197236611920029,0.07712894812338494,0.0
1690209713402366250,683762,0.4197313220754523,0.07710389063030987,0.0
1690209713402546523,683762,0.4196700000351432,0.07714071102037594,0.0
1690209713402719462,683762,0.41958856832641994,0.07724675167103241,0.0
1690209713402730544,683762,0.4195344156262475,0.07728534843083264,0.0
1690209713402737616,683762,0.4194828790231997,0.07732769361713838,0.0
1690209713402746493,683762,0.41935489346794025,0.07739045838911425,0.0
1690209713402751901,683762,0.4193104102517048,0.07745289830090064,0.0
1690209713402756168,683762,0.41932878653030503,0.07741811835286243,0.0
1690209713409364465,683763,0.41926653825479926,0.07744832872395228,0.0
1690209713409535591,683763,0.41928085918425495,0.07747005055380747,0.0
1690209713410093124,683763,0.4192828490903655,0.07747508771988237,0.0
1690209713410154638,683763,0.4193626051987989,0.07740473740191704,0.0
1690209713410508088,683763,0.41930084902014914,0.0774920696754026,0.0
1690209713410532028,683763,0.4193317876242756,0.07756431122604873,0.0
1690209713410543552,683763,0.419393973507445,0.07754071105256308,0.0
1690209713410555061,683763,0.41931838908452695,0.07759848339494196,0.0
1690209713410562078,683763,0.4193051849981426,0.07767554665306793,0.0
1690209713410571825,683763,0.4193047219436805,0.07769760164426824,0.0
1690209713417352287,683764,0.4192979592723384,0.07770219862298801,0.0
1690209713417646748,683764,0.41915863900248984,0.07785357497773937,0.0
1690209713417913133,683764,0.4191396891464355,0.07786743633991544,0.0
1690209713418215862,683764,0.4191879607463039,0.0777554112694531,0.0
1690209713419155910,683764,0.4191146042924908,0.07777584440813823,0.0
1690209713419341420,683764,0.419109819510201,0.07772569595798948,0.0
1690209713419358019,683764,0.4191892496202224,0.07763242301641138,0.0
1690209713419514868,683764,0.4191943553655652,0.07757922441911455,0.0
1690209713419628158,683764,0.41918528240258796,0.07757088294480469,0.0
1690209713419637229,683764,0.41930024188670845,0.07744624654726742,0.0
1690209713425946558,683765,0.41941700930290715,0.07729917613755034,0.0
1690209713430466915,683765,0.41945998113009214,0.07725109650008043,0.0
1690209713430495868,683765,0.4194856388964535,0.07724584328552807,0.0
1690209713430505086,683765,0.4195867756975756,0.07719176142775981,0.0
1690209713430523929,683765,0.4196206870749228,0.07714334326256218,0.0
1690209713430535653,683765,0.41959108855285177,0.07721011963044357,0.0
1690209713430541492,683765,0.419635618869678,0.07720610111193336,0.0
1690209713430548202,683765,0.41959959608726105,0.07719807367267018,0.0
1690209713430562208,683765,0.41953573138488864,0.07725601404847254,0.0
1690209713430579911,683765,0.4194742233267714,0.07732820148486003,0.0
1690209713433440126,683766,0.4194495540897157,0.07733078383984791,0.0
1690209713434231721,683766,0.419350390176114,0.07742744619193995,0.0
1690209713434320261,683766,0.41927006032035413,0.0775375126722992,0.0
1690209713434328261,683766,0.4192935698970156,0.07754029638666768,0.0
1690209713434569914,683766,0.4192978371994065,0.07757114969419363,0.0
1690209713434581135,683766,0.41926044380875166,0.0776299008791048,0.0
1690209713434600064,683766,0.4192620307337913,0.07767786364567685,0.0
1690209713434610220,683766,0.41926009495739325,0.07769486498864098,0.0
1690209713434619924,683766,0.4192262466605894,0.07775520930100038,0.0
1690209713434625730,683766,0.4191695810362636,0.07783768892598647,0.0
1690209713443585369,683767,0.41914397140692566,0.07791645525407907,0.0
1690209713444383899,683767,0.41915393457347927,0.07788562601564027,0.0
1690209713444863420,683767,0.4190545053438064,0.07794639699629166,0.0
1690209713445007177,683767,0.4190534048307628,0.07797711297093173,0.0
1690209713445435648,683767,0.41907594666550585,0.07793902189520886,0.0
1690209713445458268,683767,0.41904006124448645,0.07791780882624381,0.0
1690209713445483193,683767,0.41903691208503147,0.0779279203962048,0.0
1690209713445498088,683767,0.4191221863835827,0.07780948629100978,0.0
1690209713445510295,683767,0.41926223141994234,0.07763097902526525,0.0
1690209713445521681,683767,0.4192775036294484,0.07757040723856208,0.0
1690209713450098536,683768,0.41935456666788173,0.07751270412002384,0.0
1690209713450988979,683768,0.41946299101010515,0.07739581699497304,0.0
1690209713451149183,683768,0.4194525844633601,0.07735999746717659,0.0
1690209713451326251,683768,0.41947819996168123,0.07736330260242874,0.0
1690209713451337895,683768,0.41953515604108277,0.07727797664711902,0.0
1690209713451635697,683768,0.4196105123018254,0.07719617271963033,0.0
1690209713451724306,683768,0.41955204613670105,0.07726804236276728,0.0
1690209713451881345,683768,0.41952399353585257,0.07732306191185355,0.0
1690209713451892705,683768,0.4195718286068295,0.07727765869663038,0.0
1690209713451898014,683768,0.4195232524659315,0.07728647915585335,0.0
1690209713460707514,683769,0.41950167102026364,0.07734512725205554,0.0
1690209713462119388,683769,0.419515044478065,0.07730307948117422,0.0
1690209713462508671,683769,0.4194873451111762,0.07728791809839952,0.0
1690209713462681709,683769,0.41946116571403114,0.07733173849703404,0.0
1690209713463164896,683769,0.4194468617167081,0.07735994623100645,0.0
1690209713463176540,683769,0.41951474677746003,0.07728911872355226,0.0
1690209713463181789,683769,0.4194368040292847,0.0773878901059291,0.0
1690209713463217024,683769,0.41939923005839835,0.0774809283186584,0.0
1690209713463243358,683769,0.41944378918696135,0.07746513257358201,0.0
1690209713463256258,683769,0.41943457809217605,0.0775213756800878,0.0
1690209713467208315,683770,0.41941461609384634,0.07759462906953794,0.0
1690209713467873363,683770,0.4194172741096644,0.07765177371355737,0.0
1690209713467990748,683770,0.4194161527319359,0.07768759609590058,0.0
1690209713468105545,683770,0.41927706223747074,0.077839954921531,0.0
1690209713468543599,683770,0.41923052041840697,0.07791721669254535,0.0
1690209713468646123,683770,0.4192085866738167,0.07790598298255692,0.0
1690209713468801448,683770,0.41915670677173816,0.0779144133524373,0.0
1690209713468812716,683770,0.41908192495064933,0.07793251239272893,0.0
1690209713468824231,683770,0.4190662532534124,0.07793748895547861,0.0
1690209713468828912,683770,0.4190821868782572,0.07790669364812795,0.0
1690209713476142292,683771,0.41903551730047106,0.077901526189718,0.0
1690209713476578095,683771,0.4191071358849437,0.0778421221637569,0.0
1690209713477153121,683771,0.41912462791556515,0.07779147252724966,0.0
1690209713477309170,683771,0.4192710472301844,0.07763620033348767,0.0
1690209713477467515,683771,0.41933999759343227,0.07750597818555975,0.0
1690209713477794814,683771,0.419418386530696,0.07745967410796657,0.0
1690209713477803101,683771,0.4194981928227641,0.07734689963717185,0.0
1690209713477807709,683771,0.4194819599895113,0.07729038067785478,0.0
1690209713477843371,683771,0.41955758667569326,0.07722811867539696,0.0
1690209713477850749,683771,0.419542770634221,0.07719178533871099,0.0
1690209713486379158,683772,0.4196872501607522,0.07700946879035599,0.0
1690209713486898664,683772,0.41963693301258487,0.0770237563816851,0.0
1690209713487344511,683772,0.41970575492421897,0.07696277126850665,0.0
1690209713487526278,683772,0.4197847885675397,0.0768557042717646,0.0
1690209713487653874,683772,0.419742973544299,0.07693971850472249,0.0
1690209713487664690,683772,0.41975166596409114,0.07690870631063074,0.0
1690209713487672714,683772,0.4197656371366402,0.07688895669206752,0.0
1690209713487681357,683772,0.4197917595604937,0.07689908802591976,0.0
1690209713487692445,683772,0.4197527350460083,0.07695933415530351,0.0
1690209713487699137,683772,0.4197619185999345,0.07694232171462827,0.0
1690209713492136401,683773,0.41969383313636033,0.07704572492126421,0.0
1690209713492904383,683773,0.41973115635977043,0.0770351530757845,0.0
1690209713493002068,683773,0.41969447184568776,0.07712296678195067,0.0
1690209713493186534,683773,0.4196597724710141,0.0772230420805476,0.0
1690209713493199622,683773,0.4196010986848425,0.07727998685886406,0.0
1690209713493214757,683773,0.4196127261424575,0.07730276465679169,0.0
1690209713493226701,683773,0.4194934470009884,0.0774717375276607,0.0
1690209713493234646,683773,0.4194421747984306,0.07755979719871137,0.0
1690209713493239409,683773,0.41930481372532746,0.07769392860637067,0.0
1690209713493243395,683773,0.41922014952682946,0.07781901554611456,0.0
1690209713500657312,683774,0.4191681618540236,0.07781455949771443,0.0
1690209713501613319,683774,0.4190231989614549,0.07798155959129437,0.0
1690209713501906215,683774,0.41895947547748896,0.07799083259447494,0.0
1690209713502046884,683774,0.4189162208995282,0.07796980994016572,0.0
1690209713502448808,683774,0.4189256228563825,0.07797365276126741,0.0
1690209713502474576,683774,0.4188846520808802,0.07802098616918919,0.0
1690209713502487019,683774,0.41900237371149346,0.07788168159944842,0.0
1690209713502500335,683774,0.41896999827987313,0.07790121558188443,0.0
1690209713502508781,683774,0.4190698625484403,0.0778201225871839,0.0
1690209713502520191,683774,0.41918317640941816,0.07771370413739698,0.0
1690209713510475312,683775,0.4192004873310581,0.07774272132870494,0.0
1690209713510769584,683775,0.4192488895331107,0.0776992882378566,0.0
1690209713510842354,683775,0.4192482885433775,0.07769901994921055,0.0
1690209713511589863,683775,0.41930851247641376,0.07770351815104681,0.0
1690209713511668823,683775,0.41926258862490695,0.0777314888657978,0.0
1690209713511835631,683775,0.41923578075661144,0.07772806497573681,0.0
1690209713511840002,683775,0.41917485362048335,0.07778776711389543,0.0
1690209713511842096,683775,0.41922085442870943,0.07766941152534027,0.0
1690209713511863706,683775,0.4192161088382102,0.07765196311041701,0.0
1690209713511873817,683775,0.41912846201387866,0.07770844336478887,0.0
1690209713517737847,683776,0.41915059520457665,0.07763439871623397,0.0
1690209713517919754,683776,0.41917731340769515,0.07753598462396231,0.0
1690209713518465084,683776,0.419164141938399,0.07755594259867517,0.0
1690209713518734912,683776,0.4192879772516638,0.07742222496651459,0.0
1690209713518860785,683776,0.4193140875805437,0.07734986058498282,0.0
1690209713518868601,683776,0.41940007616336566,0.07729381192906745,0.0
1690209713518880512,683776,0.4194594727539968,0.07724847265802448,0.0
1690209713518894111,683776,0.41950321882512553,0.07733919423226936,0.0
1690209713518901874,683776,0.4194788813231995,0.07735804365001049,0.0
1690209713518907492,683776,0.419473721798696,0.07740185645160996,0.0
1690209713527611809,683777,0.41951568037970033,0.07742620787635879,0.0
1690209713527977294,683777,0.4194702057377673,0.0775044301226601,0.0
1690209713528051152,683777,0.4194434315808409,0.07755998219996676,0.0
1690209713528121158,683777,0.41920931124039296,0.07780756116932243,0.0
1690209713528414303,683777,0.4191775711387054,0.07787344208336208,0.0
1690209713528423035,683777,0.4191420325167458,0.07783892197421541,0.0
1690209713528448110,683777,0.4189967079634228,0.07798803118460311,0.0
1690209713528456378,683777,0.4189618881201984,0.07798699020837954,0.0
1690209713528464943,683777,0.4189207473477985,0.07795423063692998,0.0
1690209713528482622,683777,0.4189552614632442,0.07794145507176893,0.0
1690209713534952856,683778,0.4189154566298998,0.0779938002885392,0.0
1690209713535105554,683778,0.419030094812908,0.07787850332967919,0.0
1690209713535269883,683778,0.41900839030074866,0.07787055200627448,0.0
1690209713535337881,683778,0.4191357447629793,0.07778096245110581,0.0
1690209713535526104,683778,0.41928955475499685,0.07762622091681784,0.0
1690209713535588613,683778,0.4192981021364608,0.07765006311893229,0.0
1690209713535634917,683778,0.41933710746913144,0.07760231872915362,0.0
1690209713535855093,683778,0.4193463054103653,0.07757184722839607,0.0
1690209713535904633,683778,0.4193882669423611,0.07754182954277303,0.0
1690209713535960972,683778,0.4193422105753265,0.07756521056810985,0.0
1690209713542194392,683779,0.4193205972375792,0.0775427694473258,0.0
1690209713542553321,683779,0.41928951391166003,0.07754882999687475,0.0
1690209713542623337,683779,0.4193208495465639,0.07743321282701497,0.0
1690209713542796318,683779,0.41932691928848786,0.07740173009101972,0.0
1690209713542803249,683779,0.4192346456663829,0.07748287199752764,0.0
1690209713542809621,683779,0.4192609022851427,0.07739575640816339,0.0
1690209713542815972,683779,0.41929269696514654,0.07730248748724433,0.0
1690209713542823066,683779,0.4192700812197606,0.0773405834896887,0.0
1690209713542828941,683779,0.41933360752915094,0.07728194393894008,0.0
1690209713542835199,683779,0.41934837315344925,0.07722041256596654,0.0
1690209713550252124,683780,0.419382285390725,0.07718366015813337,0.0
1690209713550782919,683780,0.4194171499823334,0.0771585544787999,0.0
1690209713551033076,683780,0.4194565655938314,0.07721415613382651,0.0
1690209713551172218,683780,0.4194391258611516,0.07721420287347834,0.0
1690209713551312881,683780,0.4193966082740078,0.07723587483185551,0.0
1690209713551501512,683780,0.4194508000524715,0.07722949790399591,0.0
1690209713551512663,683780,0.4194954568336002,0.07717613695700205,0.0
1690209713551517820,683780,0.41944822395456105,0.07720907285833178,0.0
1690209713551522150,683780,0.41929644854250225,0.07739478533347642,0.0
1690209713551527582,683780,0.41937361964656206,0.07735640214493435,0.0
1690209713560527303,683781,0.41939631901560975,0.07731103913890669,0.0
1690209713561827913,683781,0.4193182302682681,0.07742459550266786,0.0
1690209713561978335,683781,0.41929430576358273,0.07743557495143889,0.0
1690209713562437682,683781,0.4193396565690387,0.077352951241431,0.0
1690209713562463376,683781,0.4192517420925257,0.07744621623645428,0.0
1690209713562474934,683781,0.4192389224956067,0.07749529796868734,0.0
1690209713562486974,683781,0.419252136375347,0.07744635766620785,0.0
1690209713562497186,683781,0.4192121610719614,0.07748057215759745,0.0
1690209713562508925,683781,0.4192405848222568,0.07744116196889006,0.0
1690209713562576788,683781,0.4192794317554873,0.07740909977899589,0.0
1690209713567670877,683782,0.4193089106320388,0.07741428319717976,0.0
1690209713568905523,683782,0.4193383265552945,0.07733115638387811,0.0
1690209713569000851,683782,0.41937302976929813,0.077316313013262,0.0
1690209713569343418,683782,0.4194098702691004,0.07735408126273195,0.0
1690209713569356644,683782,0.4194531259891042,0.07728238178155301,0.0
1690209713569363630,683782,0.41941761951861584,0.07729502376311634,0.0
1690209713569370965,683782,0.4193619981560918,0.07737936579934723,0.0
1690209713569376555,683782,0.41948917676655056,0.07726241770691364,0.0
1690209713569392675,683782,0.41946151317336583,0.07728518393260478,0.0
1690209713569419131,683782,0.41934894959745705,0.077393936544981,0.0
1690209713575121142,683783,0.41938940578572165,0.0773422808554786,0.0
1690209713576220206,683783,0.4194103586981057,0.0772871250364998,0.0
1690209713576409455,683783,0.4193779077725216,0.07733635587102322,0.0
1690209713576774584,683783,0.41933984067915714,0.07734913707765334,0.0
1690209713576792485,683783,0.4193611389921673,0.0773091128255663,0.0
1690209713576807292,683783,0.4193886166990618,0.07722229717928723,0.0
1690209713576817929,683783,0.41939031461105075,0.07722679084581628,0.0
1690209713576834648,683783,0.4193807864929441,0.07727652983726892,0.0
1690209713576847643,683783,0.41937612938156354,0.07724180542523423,0.0
1690209713576854472,683783,0.4193791309216244,0.07721454060635574,0.0
1690209713585548708,683784,0.4193897424240584,0.07723282412415346,0.0
1690209713585779928,683784,0.41948829109604513,0.07717890720259568,0.0
1690209713586337461,683784,0.4194817053794941,0.07715586389500728,0.0
1690209713586357464,683784,0.4193841764103742,0.07730857785505858,0.0
1690209713586370802,683784,0.41945952174142775,0.07725097287911407,0.0
1690209713586400103,683784,0.41950234342570675,0.07722311655046217,0.0
1690209713586422795,683784,0.41941629395731456,0.07731800055571704,0.0
1690209713586431863,683784,0.4193522664890463,0.07733230631771873,0.0
1690209713586440199,683784,0.4193726063259724,0.07731031615490454,0.0
1690209713586479166,683784,0.4193027157878008,0.07737010442987866,0.0
1690209713593377259,683785,0.41925057054266196,0.07742527175598042,0.0
1690209713593730554,683785,0.4192273241890512,0.07742009089437418,0.0
1690209713594315220,683785,0.419173056802295,0.07746027679318992,0.0
1690209713594773390,683785,0.41914166303271483,0.07746347208249499,0.0
1690209713594926745,683785,0.4191498472581307,0.07746098406026582,0.0
1690209713595199445,683785,0.41919576983168466,0.07746312294733022,0.0
1690209713595219361,683785,0.4192257260200316,0.07737360693059042,0.0
1690209713595232895,683785,0.41926338089880616,0.07735035458675556,0.0
1690209713595243264,683785,0.4192881833520137,0.07739960009858216,0.0
1690209713595262932,683785,0.41929974736302733,0.07736069633168981,0.0
1690209713601796261,683786,0.41926477682948615,0.07736123308797115,0.0
1690209713602588952,683786,0.4192017396466201,0.07745220446687043,0.0
1690209713602883099,683786,0.41935209898399606,0.07730071726020822,0.0
1690209713603085361,683786,0.41932766115366177,0.0773137384031507,0.0
1690209713603250404,683786,0.41922930303189765,0.07740549378711788,0.0
1690209713603511256,683786,0.41924885807907725,0.07735091976919922,0.0
1690209713603527499,683786,0.41927797551276,0.07725758985972098,0.0
1690209713603537231,683786,0.41925927348927894,0.07729738518765139,0.0
1690209713603548660,683786,0.4192797828419958,0.07728757471467328,0.0
1690209713603561763,683786,0.4193032937255577,0.07722922485982518,0.0
1690209713608778489,683787,0.41933169527053255,0.07717089082798126,0.0
1690209713609304631,683787,0.41935734581960377,0.07716022682475113,0.0
1690209713609915407,683787,0.4193937866572692,0.07719891061293291,0.0
1690209713609972570,683787,0.4193635068907913,0.077199195819211,0.0
1690209713610352845,683787,0.4193255311709927,0.07723626591099383,0.0
1690209713610361877,683787,0.4193663699168728,0.07724873086403541,0.0
1690209713610367954,683787,0.41944928220040323,0.07717730159536773,0.0
1690209713610412836,683787,0.41942102755477784,0.0772003235661565,0.0
1690209713610423640,683787,0.41931431022524,0.07736336998748139,0.0
1690209713610430523,683787,0.41940305531333444,0.07729000075326592,0.0
1690209713619031965,683788,0.4194157547935308,0.07725501333269312,0.0
1690209713619818978,683788,0.4192909636448341,0.07741858412264079,0.0
1690209713620051783,683788,0.4192823259919859,0.07740995961187846,0.0
1690209713620229733,683788,0.4193045164502619,0.07734714395469534,0.0
1690209713620824107,683788,0.4192425976997974,0.07742278109294025,0.0
1690209713621649167,683788,0.41923967653106387,0.07747246973323597,0.0
1690209713621918513,683788,0.41925195281719657,0.07742987561002888,0.0
1690209713622202375,683788,0.4192202417992731,0.07747083398184891,0.0
1690209713622222100,683788,0.41922548681408134,0.07746181001005237,0.0
1690209713622234686,683788,0.41928097597055947,0.07741315104004268,0.0
1690209713626643095,683789,0.4192832505267814,0.07742238592686226,0.0
1690209713626649604,683789,0.4192397343535256,0.07743914481560939,0.0
1690209713626826285,683789,0.41927757245258046,0.07740799925180579,0.0
1690209713626891102,683789,0.4193032802134713,0.07739689122887856,0.0
1690209713627097031,683789,0.41930243221598024,0.07740574706530862,0.0
1690209713627108812,683789,0.4192554708727311,0.07743393048838433,0.0
1690209713627123857,683789,0.4192700153415364,0.07742561562755015,0.0
1690209713627131930,683789,0.41935861930139073,0.07729895586017255,0.0
1690209713627138975,683789,0.4193076928009494,0.07733797491820582,0.0
1690209713627150057,683789,0.4192769378562691,0.07739703851078547,0.0
1690209713633560891,683790,0.4192911872298807,0.07735465737294818,0.0
1690209713633915736,683790,0.419328092371198,0.07730567103482723,0.0
1690209713634010048,683790,0.4193173742619435,0.07736737206422549,0.0
1690209713634585974,683790,0.4193740055474041,0.07733915999630475,0.0
1690209713634795086,683790,0.41937826889518476,0.0773029237387036,0.0
1690209713635074116,683790,0.4193035263743716,0.07738320134882842,0.0
1690209713635086665,683790,0.41934927354927753,0.0773592868151125,0.0
1690209713635106245,683790,0.4193483719899753,0.07739230901982584,0.0
1690209713635113718,683790,0.41925692624220645,0.07745968584009177,0.0
1690209713635134649,683790,0.41921555962289464,0.07745784064808302,0.0
1690209713642695834,683791,0.4192606760057883,0.077415032842348,0.0
1690209713643162792,683791,0.4193031749623554,0.077364389572844,0.0
1690209713644330728,683791,0.41928230702973934,0.077361660011878,0.0
1690209713644361181,683791,0.4193166896754069,0.07736534309642705,0.0
1690209713644752764,683791,0.4194026853967034,0.07725830813640874,0.0
1690209713644763181,683791,0.4195131591780998,0.07717641070821778,0.0
1690209713644782947,683791,0.41954766060080784,0.07717812818314511,0.0
1690209713644801159,683791,0.41958602493345926,0.07716540350749387,0.0
1690209713644811523,683791,0.4196433597418027,0.07707708609728932,0.0
1690209713644823997,683791,0.4195691256124115,0.07715563597350994,0.0
1690209713651292317,683792,0.4195958680033833,0.07717904841364198,0.0
1690209713651993493,683792,0.41948738529029955,0.077248842171241,0.0
1690209713652150928,683792,0.41940764061243246,0.07730415762006215,0.0
1690209713652378714,683792,0.4193263283592725,0.07735824372444891,0.0
1690209713652544403,683792,0.41937177321661834,0.07733397172717171,0.0
1690209713652638847,683792,0.4193725701600952,0.07734196060623694,0.0
1690209713652783999,683792,0.4192868261377505,0.07742423271617319,0.0
1690209713652802882,683792,0.41934961174615765,0.0774006693861694,0.0
1690209713652819992,683792,0.41937797327088405,0.07741098847371954,0.0
1690209713652911018,683792,0.4194035419381803,0.07741212426877421,0.0
1690209713662899436,683793,0.41934478348255066,0.07750384259868612,0.0
1690209713663019540,683793,0.4193555865863626,0.07751116451120721,0.0
1690209713663208510,683793,0.41938510202631596,0.07747919556929324,0.0
1690209713663331605,683793,0.4193525352496683,0.07753458342634965,0.0
1690209713663599316,683793,0.4193020832039463,0.07760720131577861,0.0
1690209713663609024,683793,0.41926804675720575,0.0776200574897764,0.0
1690209713663627326,683793,0.41924394242660157,0.0775717023072385,0.0
1690209713663634274,683793,0.41922815733081586,0.07761693486243278,0.0
1690209713663640761,683793,0.4192757814990668,0.07756352789678767,0.0
1690209713663647301,683793,0.4192575745063007,0.07753312691835341,0.0
1690209713667464206,683794,0.4191989432113258,0.07757512890144024,0.0
1690209713668180230,683794,0.4192406133258472,0.07753097886738519,0.0
1690209713668187096,683794,0.4193509284030141,0.0774237468827384,0.0
1690209713668415268,683794,0.41926755918294273,0.0774718409799748,0.0
1690209713668424840,683794,0.41928201291812905,0.07743708204068578,0.0
1690209713668436756,683794,0.41932119478015006,0.07735428219474685,0.0
1690209713668447179,683794,0.41938914864230725,0.07727516655923161,0.0
1690209713668454462,683794,0.41938172606564184,0.07728057084201145,0.0
1690209713668462112,683794,0.4193950074028296,0.07728698016906692,0.0
1690209713668465824,683794,0.41948446524209454,0.07717722713524024,0.0
1690209713675380307,683795,0.4195256522420504,0.07717304961489312,0.0
1690209713675628745,683795,0.41957551722438496,0.07715999368374847,0.0
1690209713676142186,683795,0.4195796388528445,0.07716278838377079,0.0
1690209713676719435,683795,0.41956229978095194,0.07714431322167957,0.0
1690209713676735740,683795,0.41949300914248944,0.07719811737003016,0.0
1690209713677021475,683795,0.41949980053144653,0.0772245285803933,0.0
1690209713677034353,683795,0.41943251758465594,0.07725474649284839,0.0
1690209713677045566,683795,0.4193508981587901,0.07733255912526885,0.0
1690209713677053570,683795,0.4193073836613528,0.07734372370330941,0.0
1690209713677073681,683795,0.4193356593818268,0.07734638839409307,0.0
1690209713684770968,683796,0.4193132343922084,0.07737667265936293,0.0
1690209713686419832,683796,0.4192528754316951,0.07748268281396632,0.0
1690209713686581639,683796,0.41930204390721776,0.07746731945552593,0.0
1690209713686733664,683796,0.4193032010375543,0.07752804324707634,0.0
1690209713686872066,683796,0.41932104198620174,0.07755682128541222,0.0
1690209713687109224,683796,0.4192564306524128,0.07767279249053118,0.0
1690209713687130494,683796,0.4192469280792419,0.07771857515985153,0.0
1690209713687166223,683796,0.4191945407959029,0.07776857802153403,0.0
1690209713687184093,683796,0.4191597209623123,0.07783770531279834,0.0
1690209713687225999,683796,0.4191132292964621,0.07785265833376843,0.0
1690209713691926050,683797,0.41902637882173993,0.07792130854303772,0.0
1690209713692876139,683797,0.41898445984301963,0.07785463624887369,0.0
1690209713692983317,683797,0.4189529729846445,0.07787258851499179,0.0
1690209713693248646,683797,0.41898373134714084,0.07781133031977236,0.0
1690209713693268153,683797,0.41894569525532277,0.07777976359393712,0.0
1690209713693278246,683797,0.4190430168279948,0.07763073188281819,0.0
1690209713693285690,683797,0.41909049569460255,0.07754147039786537,0.0
1690209713693290613,683797,0.41926904737609977,0.0773910639063893,0.0
1690209713693302561,683797,0.41930519464405824,0.0772913649813466,0.0
1690209713693310591,683797,0.41934318701866397,0.07726629361212736,0.0
1690209713701987840,683798,0.4194390684827486,0.07713923954104522,0.0
1690209713703283584,683798,0.41952552026153644,0.0770248640232032,0.0
1690209713703458483,683798,0.41957608740798535,0.07699770627648435,0.0
1690209713703636582,683798,0.41951073964740515,0.07706453878916869,0.0
1690209713703885530,683798,0.4195936652663321,0.07695704833157105,0.0
1690209713703908566,683798,0.4195744424215031,0.07700104806208626,0.0
1690209713703921100,683798,0.41960024780516314,0.07702594406049725,0.0
1690209713703936076,683798,0.41956762339161385,0.0770531181680159,0.0
1690209713703951183,683798,0.41955947720739695,0.07711213983877269,0.0
1690209713703959208,683798,0.4195152965387193,0.07717541883151381,0.0
1690209713708259705,683799,0.4194969278508062,0.077242999870088,0.0
1690209713708722971,683799,0.4194544042906658,0.07729864618038428,0.0
1690209713708915801,683799,0.41934860276300134,0.07746074063429638,0.0
1690209713709485101,683799,0.41931839662545367,0.07747049847746923,0.0
1690209713709622013,683799,0.41923924959141523,0.077590041016023,0.0
1690209713709874572,683799,0.4191884446371227,0.07768120332388981,0.0
1690209713709888441,683799,0.41911505354864487,0.07775856882233771,0.0
1690209713709903173,683799,0.4190492381629231,0.07783873856978553,0.0
1690209713709913653,683799,0.4189939602902035,0.07785452977898938,0.0
1690209713709922758,683799,0.4190338233647957,0.0778407597480383,0.0
1690209713716955247,683800,0.4189971857191649,0.07785611394764821,0.0
1690209713717517787,683800,0.418970965861366,0.07787436572197061,0.0
1690209713717674212,683800,0.41903847107870695,0.07775557425008058,0.0
1690209713718064715,683800,0.419027626474636,0.07774440853154731,0.0
1690209713718365215,683800,0.4191329892841121,0.07760655327539895,0.0
1690209713718682721,683800,0.4191221393029312,0.07757814553013105,0.0
1690209713718700687,683800,0.4191881826339388,0.07749807205857549,0.0
1690209713718726122,683800,0.41926056586341376,0.07739068673309486,0.0
1690209713718737732,683800,0.41933127171799456,0.0772941941749675,0.0
1690209713718747067,683800,0.41940383666951336,0.07722800643073112,0.0
1690209713726599661,683801,0.4194662823313019,0.07711174737801849,0.0
1690209713726701977,683801,0.4195403584971608,0.07699483596779141,0.0
1690209713726989208,683801,0.41955740358847493,0.07703711478553152,0.0
1690209713726999136,683801,0.4195933600272703,0.07697280517270375,0.0
1690209713727015646,683801,0.4196113391032015,0.07694433563297094,0.0
1690209713727027883,683801,0.4195419904067405,0.07699913651418487,0.0
1690209713727033932,683801,0.4195304335818851,0.07699860579452907,0.0
1690209713727053644,683801,0.41951829928953166,0.0770023921736694,0.0
1690209713727063838,683801,0.41935183644981405,0.07717367807120193,0.0
1690209713727091702,683801,0.4193489460825601,0.07719092845232714,0.0
1690209713734052919,683802,0.41933310297432963,0.0771735244473758,0.0
1690209713734613652,683802,0.4193175988304296,0.07725512215319552,0.0
1690209713734969839,683802,0.41929363090605737,0.0772878231178543,0.0
1690209713735521452,683802,0.41927673576053504,0.07734780670672751,0.0
1690209713735669404,683802,0.4192583703667126,0.07739842065383024,0.0
1690209713736043403,683802,0.4192179926828877,0.0774787115337298,0.0
1690209713736056915,683802,0.4192426941737794,0.07748733962266537,0.0
1690209713736063490,683802,0.41914182596343696,0.07764109837584002,0.0
1690209713736093253,683802,0.41914355354522587,0.0776689123669273,0.0
1690209713736120777,683802,0.4190542277946827,0.07780751671959527,0.0
1690209713743517280,683803,0.419038617902354,0.07787099166722981,0.0
1690209713743683889,683803,0.41902482152580484,0.0778496480985826,0.0
1690209713743879653,683803,0.41893809310197855,0.07794889707774798,0.0
1690209713744063935,683803,0.41890275526451387,0.07795533901198871,0.0
1690209713744352812,683803,0.4189127166264167,0.0779211887928994,0.0
1690209713744372255,683803,0.4188693413023394,0.07794969627493577,0.0
1690209713744384145,683803,0.41886311075548965,0.07794682221944478,0.0
1690209713744392632,683803,0.4189904302922677,0.07777865436012864,0.0
1690209713744462898,683803,0.4189833812448644,0.07776141260623368,0.0
1690209713744519797,683803,0.4190324964150844,0.07772648459192298,0.0
1690209713751345048,683804,0.41911288279512005,0.07760866115310056,0.0
1690209713751757493,683804,0.41914859161030027,0.07755490194408748,0.0
1690209713752763374,683804,0.4191809462750412,0.07751066681397133,0.0
1690209713752958017,683804,0.4192299942913097,0.07743669959841318,0.0
1690209713753410669,683804,0.41928604118933965,0.07736438919399856,0.0
1690209713753434167,683804,0.4192716297011705,0.07732296243991332,0.0
1690209713753447953,683804,0.419306763328044,0.07726005393813509,0.0
1690209713753468122,683804,0.41933267582420225,0.0772581278944176,0.0
1690209713753481029,683804,0.4193796540080712,0.07718539177154772,0.0
1690209713753491205,683804,0.41938142075540974,0.07715274265181978,0.0
1690209713761042916,683805,0.4193806039565402,0.07719992220123946,0.0
1690209713762250118,683805,0.41948348965687454,0.07709178660022001,0.0
1690209713762350167,683805,0.41949330941875035,0.07710032913349081,0.0
1690209713762733329,683805,0.41941363409630483,0.07724142907045341,0.0
1690209713763027010,683805,0.41943143063325106,0.07727124853524947,0.0
1690209713763049269,683805,0.41942043660873946,0.07730351716962769,0.0
1690209713763081877,683805,0.4192648350504113,0.07752320526833877,0.0
1690209713763098804,683805,0.41923077416445903,0.07759427900089712,0.0
1690209713763107216,683805,0.41920655984083,0.0775796654888796,0.0
1690209713763180924,683805,0.4190595807747425,0.07775242892033173,0.0
1690209713769191646,683806,0.41898406843735087,0.07780024093481683,0.0
1690209713770292226,683806,0.41897072566139315,0.07777078646917399,0.0
1690209713770437894,683806,0.4188944996629992,0.077861135943986,0.0
1690209713770806970,683806,0.41886837936099613,0.07784794433685878,0.0
1690209713770834872,683806,0.4189468964195885,0.07778369468532165,0.0
1690209713770852548,683806,0.4189692116120458,0.07774899719089769,0.0
1690209713770880059,683806,0.4189999538912375,0.07770547636253902,0.0
1690209713770894513,683806,0.4190909727577323,0.07762469310690547,0.0
1690209713770913244,683806,0.4191086039664681,0.07764527587846094,0.0
1690209713770938703,683806,0.41917291613572905,0.07755798261793763,0.0
1690209713776027780,683807,0.41910927184944663,0.07760990979669621,0.0
1690209713776364004,683807,0.41916571208826015,0.07759573618224994,0.0
1690209713776860771,683807,0.4192015414309479,0.07751402946428247,0.0
1690209713777404295,683807,0.4191553029945996,0.07751802427266456,0.0
1690209713777505876,683807,0.41909427925544435,0.07755343764639913,0.0
1690209713777842243,683807,0.419148638127393,0.07747396891444383,0.0
1690209713777853970,683807,0.4191870498440833,0.07738208117701284,0.0
1690209713777861330,683807,0.41913517104042164,0.07748358651284007,0.0
1690209713777870380,683807,0.4192018190808285,0.07741198363167201,0.0
1690209713777884662,683807,0.41922507579219087,0.07737853193134824,0.0
1690209713786665409,683808,0.41923818827228165,0.0773387828258287,0.0
1690209713786671874,683808,0.4192332872379836,0.07737456368862433,0.0
1690209713786677841,683808,0.4192797427853811,0.07734949659570894,0.0
1690209713786686328,683808,0.4191664366478479,0.0774295211491158,0.0
1690209713786696039,683808,0.41916390022858063,0.07745196610298029,0.0
1690209713786729244,683808,0.4191666180270466,0.07743636168415072,0.0
1690209713786736424,683808,0.4191653909146521,0.07743470267713042,0.0
1690209713786742884,683808,0.41912230332973766,0.0774115019748911,0.0
1690209713786749964,683808,0.4190496287117703,0.07749698752032474,0.0
1690209713786755203,683808,0.41912259441375643,0.07741015239810776,0.0
1690209713793161087,683809,0.4190711155660108,0.07744737514516843,0.0
1690209713793191881,683809,0.41910250549411066,0.07745450335351024,0.0
1690209713793295503,683809,0.41909139774780985,0.07743434550369875,0.0
1690209713793404304,683809,0.41921354960586243,0.07730623875752299,0.0
1690209713793552319,683809,0.41918248973971123,0.07734944410444933,0.0
1690209713793704390,683809,0.41919210416613917,0.07739349017051719,0.0
1690209713793712348,683809,0.4192319027415269,0.07731285079010204,0.0
1690209713793716401,683809,0.4191322861824158,0.0774055819032143,0.0
1690209713793727836,683809,0.41915082940977144,0.0774147780928358,0.0
1690209713793746047,683809,0.4191523476130649,0.07741024507222577,0.0
1690209713801186515,683810,0.41916165106435865,0.07739245408425795,0.0
1690209713801427250,683810,0.4190910021909608,0.07745504945888858,0.0
1690209713802180851,683810,0.4192002239600987,0.0773734670887456,0.0
1690209713802570521,683810,0.4192095921446244,0.07738364967151345,0.0
1690209713802902468,683810,0.4191310070436135,0.077447887936529,0.0
1690209713802913132,683810,0.419124301937875,0.07746126175508913,0.0
1690209713803095281,683810,0.41916708832856553,0.07742128089849569,0.0
1690209713803297227,683810,0.41922941062755553,0.07734390795642826,0.0
1690209713803322633,683810,0.4191615535733576,0.07743395037740124,0.0
1690209713803338538,683810,0.4191426376276325,0.07744733806787284,0.0
1690209713809195934,683811,0.41916460577339293,0.07742572458365046,0.0
1690209713809389235,683811,0.41916468255263817,0.07741875311151586,0.0
1690209713809538822,683811,0.4191455525453177,0.0775171943050413,0.0
1690209713809855170,683811,0.41914466545280704,0.07751081967680444,0.0
1690209713810071026,683811,0.41912180076380623,0.07748213977850658,0.0
1690209713810387743,683811,0.41914058344193744,0.07746595813203136,0.0
1690209713810739479,683811,0.4191419618106944,0.07748618514530477,0.0
1690209713810843122,683811,0.41916103075269007,0.07750224502691669,0.0
1690209713810930878,683811,0.41907674131186745,0.07755624043656013,0.0
1690209713811000923,683811,0.4190948518640391,0.07755145948875994,0.0
1690209713817821833,683812,0.4191982365945366,0.0774239977161355,0.0
1690209713818516136,683812,0.41922888316888435,0.07736338630435319,0.0
1690209713818686569,683812,0.419250462339427,0.07734562622608644,0.0
1690209713818958780,683812,0.41921491907354796,0.0773680112061389,0.0
1690209713819259593,683812,0.4192874817828549,0.07730071971278604,0.0
1690209713819473509,683812,0.4193001826663119,0.07733591931616465,0.0
1690209713819676349,683812,0.4192886576422055,0.07735883670212013,0.0
1690209713819684002,683812,0.41930890358523004,0.07731883436557596,0.0
1690209713819705687,683812,0.41928504997583205,0.07732585409366671,0.0
1690209713819717249,683812,0.4192900307395534,0.07732215609486728,0.0
1690209713825741447,683813,0.41926872535526155,0.07735021071223869,0.0
1690209713826543502,683813,0.41919428637874445,0.0773715716652339,0.0
1690209713827065007,683813,0.4191354190855415,0.07742850871427914,0.0
1690209713827218786,683813,0.41913821416282876,0.07740850103254167,0.0
1690209713827526166,683813,0.41911322159053166,0.07745577273186009,0.0
1690209713827541424,683813,0.41908783697814544,0.07749325723805912,0.0
1690209713827561328,683813,0.4190642372823985,0.07750514205932926,0.0
1690209713827566527,683813,0.4191161882403059,0.07747053299207285,0.0
1690209713827579427,683813,0.4190924924898811,0.07753417018532147,0.0
1690209713827593167,683813,0.4191276171794878,0.07756877356437436,0.0
1690209713833692063,683814,0.4190776623082989,0.07762891777998723,0.0
1690209713834731784,683814,0.41906452905169117,0.07767061630800459,0.0
1690209713834944510,683814,0.4191443156611691,0.0776211262887513,0.0
1690209713835279116,683814,0.41908696547355256,0.07770188776929657,0.0
1690209713835299012,683814,0.41905480967166114,0.07774190611115545,0.0
1690209713835312421,683814,0.4189613359655626,0.0778167828962717,0.0
1690209713835327395,683814,0.4189786593421827,0.07777778576071881,0.0
1690209713835341611,683814,0.41901629173675875,0.07770990332524949,0.0
1690209713835351887,683814,0.4189651098596925,0.07773242899416104,0.0
1690209713835396150,683814,0.4189920983662128,0.07768931527049493,0.0
1690209713842826196,683815,0.4190512804566215,0.07754780311364158,0.0
1690209713844055123,683815,0.4191196019820974,0.07746860802899373,0.0
1690209713844225313,683815,0.4191808666375144,0.0774555024694324,0.0
1690209713844462992,683815,0.41919536742770147,0.07737022640456252,0.0
1690209713844629135,683815,0.41922159782154844,0.07731421964955347,0.0
1690209713844756277,683815,0.41918533392940105,0.07734906969069269,0.0
1690209713844792937,683815,0.41930920541283767,0.0772154035389013,0.0
1690209713844797878,683815,0.41932439277349376,0.07718079718999302,0.0
1690209713844884392,683815,0.4191476418600677,0.07737038334618915,0.0
1690209713844894174,683815,0.4192488362399554,0.07727016512481917,0.0
1690209713849982561,683816,0.41928654264699594,0.07723972693096562,0.0
1690209713850708768,683816,0.41925668736475297,0.07733539409871837,0.0
1690209713850811503,683816,0.4192351695774896,0.07739475899178949,0.0
1690209713850946919,683816,0.41927559089467575,0.07733740565417424,0.0
1690209713850957154,683816,0.41919796413623056,0.07744305485891298,0.0
1690209713850975066,683816,0.4191499190456676,0.0775364935089325,0.0
1690209713850979830,683816,0.4190393120464142,0.07767550254301155,0.0
1690209713850987952,683816,0.4189448212838558,0.0778069292969795,0.0
1690209713850995002,683816,0.41885104298032777,0.07782441303937963,0.0
1690209713851002062,683816,0.41879684941271594,0.07792013188299374,0.0
1690209713859407017,683817,0.41879147207052253,0.07793545020904259,0.0
1690209713859682395,683817,0.41870309263608396,0.07796678192053993,0.0
1690209713860309827,683817,0.4187505495003208,0.07796006449355006,0.0
1690209713860793138,683817,0.4187524859718882,0.07797387972168841,0.0
1690209713860994963,683817,0.4189367477530389,0.07777882202616992,0.0
1690209713861174021,683817,0.41894253130831727,0.07777306933027699,0.0
1690209713861436854,683817,0.4189728607320749,0.07780157236489126,0.0
1690209713861454241,683817,0.4191349921233079,0.07763780050037145,0.0
1690209713861463897,683817,0.419103457298461,0.07767856017997729,0.0
1690209713861473586,683817,0.41916305330530984,0.07769867035307443,0.0
1690209713867035454,683818,0.419147748047054,0.07768396508066734,0.0
1690209713867602557,683818,0.4191704853854372,0.07762921659165073,0.0
1690209713868057096,683818,0.4191391462896066,0.07768105259708682,0.0
1690209713868407246,683818,0.41914326072589375,0.07767144636130759,0.0
1690209713868520273,683818,0.4191471996498585,0.07763622105322239,0.0
1690209713868765421,683818,0.4190898178854098,0.07766322287736939,0.0
1690209713868775454,683818,0.41911892478127066,0.07763251457337705,0.0
1690209713868786487,683818,0.4191631814426696,0.07760671002257125,0.0
1690209713868810626,683818,0.4191600215356551,0.07760753949615794,0.0
1690209713868816151,683818,0.41916733702320824,0.07762880455963617,0.0
1690209713876053501,683819,0.4192003830694161,0.07760944023873155,0.0
1690209713876974752,683819,0.41918219476901464,0.07762244913034436,0.0
1690209713877360413,683819,0.4191746309636459,0.07764748304313991,0.0
1690209713877615521,683819,0.41910311004507994,0.07773972129381163,0.0
1690209713877624476,683819,0.41909821729536195,0.07774681946557498,0.0
1690209713878027098,683819,0.41908449178007356,0.077739880380283,0.0
1690209713878050826,683819,0.4190870294397141,0.07776528269421285,0.0
1690209713878061132,683819,0.41910626280302476,0.077741993286938,0.0
1690209713878080995,683819,0.4191155465232129,0.07774471600791347,0.0
1690209713878090019,683819,0.41912156913006376,0.07773971786660488,0.0
1690209713883644144,683820,0.4191266117620608,0.07773334254310567,0.0
1690209713886045224,683820,0.419106548841919,0.07775573714283232,0.0
1690209713886056348,683820,0.4191145498474331,0.07775155918751529,0.0
1690209713886063179,683820,0.41912470520421286,0.07773900971860744,0.0
1690209713886073555,683820,0.4190574920559306,0.0778139944145534,0.0
1690209713886084280,683820,0.41906349242370927,0.07780903780085377,0.0
1690209713886093729,683820,0.4190551167136045,0.07779097440487728,0.0
1690209713886104331,683820,0.4190747253404315,0.07777980610441461,0.0
1690209713886111300,683820,0.41907801309876447,0.07779251161563859,0.0
1690209713886127638,683820,0.4190950944842371,0.07774864589383766,0.0
1690209713893439583,683821,0.41911334585676524,0.07774790685551217,0.0
1690209713894210343,683821,0.4191066586546587,0.07776528617790862,0.0
1690209713894356935,683821,0.4191818699785067,0.07775206053261594,0.0
1690209713894634692,683821,0.419166160318855,0.07776766966647808,0.0
1690209713894835946,683821,0.41915923969156166,0.07783546353845484,0.0
1690209713895187767,683821,0.41915964187746213,0.07787220019612895,0.0
1690209713895203371,683821,0.41917075667457815,0.07789391608789295,0.0
1690209713895218989,683821,0.41917437988522843,0.07792496635195148,0.0
1690209713895232656,683821,0.4190266985181041,0.07807432799064173,0.0
1690209713895245671,683821,0.41901907329520693,0.07809055180343735,0.0
1690209713899961297,683822,0.4189983460462123,0.07801616138513034,0.0
1690209713900657406,683822,0.41893522946726985,0.07806694310980894,0.0
1690209713901120795,683822,0.41892109581312503,0.07802110630551276,0.0
1690209713901202375,683822,0.41891873772086646,0.07793800014358337,0.0
1690209713901541698,683822,0.4189417744905587,0.07787528692887308,0.0
1690209713901551227,683822,0.4189469265762007,0.07785086627880221,0.0
1690209713901556282,683822,0.41913057120648844,0.07763496569266984,0.0
1690209713901566139,683822,0.4191432492263862,0.07757385598547578,0.0
1690209713901572252,683822,0.4191589778949228,0.07761543111195014,0.0
1690209713901605773,683822,0.4193204717434279,0.07743490537159924,0.0
1690209713909624595,683823,0.4193876493363161,0.07743575807183387,0.0
1690209713909770408,683823,0.41938991429706557,0.07744210317521989,0.0
1690209713909931173,683823,0.4193898814325821,0.07741958100132239,0.0
1690209713910124218,683823,0.41942493068021297,0.07737065290752478,0.0
1690209713910326086,683823,0.41932202229493964,0.07747085366399739,0.0
1690209713911272658,683823,0.4192942465823647,0.07749825138401321,0.0
1690209713911500683,683823,0.41916802410589166,0.07757411979895527,0.0
1690209713911705164,683823,0.4191456402254137,0.07761514534247076,0.0
1690209713911718057,683823,0.4191283438680946,0.07760966234063958,0.0
1690209713911724302,683823,0.41907917505412035,0.07774756414699166,0.0
1690209713917565348,683824,0.41907447049202173,0.07775898050898339,0.0
1690209713917820174,683824,0.4190308138610534,0.07780317161072217,0.0
1690209713918730833,683824,0.4190474456494505,0.07785354196812397,0.0
1690209713919030518,683824,0.4190264170004075,0.07795179804774746,0.0
1690209713919046994,683824,0.4190431701990194,0.07793749952159326,0.0
1690209713919067744,683824,0.41884701611439346,0.07814331085506515,0.0
1690209713919226440,683824,0.41883229450875314,0.07820635088716539,0.0
1690209713919441681,683824,0.41892580318498107,0.07808079928335665,0.0
1690209713919449733,683824,0.4188114810028515,0.07820807536699835,0.0
1690209713919454246,683824,0.41879367411304536,0.07820227237557235,0.0
1690209713925645120,683825,0.41884133706872106,0.0781023212409167,0.0
1690209713926654078,683825,0.418877863542865,0.07800304565239041,0.0
1690209713926848789,683825,0.4188687011722191,0.07802158228182227,0.0
1690209713927059177,683825,0.41902679724382735,0.07784949711748582,0.0
1690209713927329339,683825,0.4190726046360343,0.07775250225396418,0.0
1690209713927346115,683825,0.4191675626677739,0.07766806152815423,0.0
1690209713927355144,683825,0.41931799650724144,0.07749693173929859,0.0
1690209713927368692,683825,0.4194092445442306,0.07748047703325851,0.0
1690209713927378921,683825,0.4194200519567592,0.07743639382059089,0.0
1690209713927387564,683825,0.4194078336983766,0.07744632351031736,0.0
1690209713934109322,683826,0.4194839178270869,0.0773872309597125,0.0
1690209713934599093,683826,0.4194171349980037,0.07744123916394646,0.0
1690209713934808784,683826,0.4193875751534285,0.07746703438684438,0.0
1690209713935427088,683826,0.4192608528556757,0.07757575519959144,0.0
1690209713935536344,683826,0.41931630931798314,0.07754269541263523,0.0
1690209713935872446,683826,0.41926817245613995,0.07756922970066027,0.0
1690209713935886982,683826,0.41922544175985266,0.07772169764590947,0.0
1690209713935895700,683826,0.4192280157827556,0.07773885261039229,0.0
1690209713935900747,683826,0.41916919880508374,0.07777799754180373,0.0
1690209713935908520,683826,0.41916421992206787,0.0778653097068736,0.0
1690209713942192615,683827,0.4191644719753518,0.07794592501069328,0.0
1690209713943117907,683827,0.419196524442372,0.07791540727341836,0.0
1690209713943282434,683827,0.41901056490053223,0.07811121561655028,0.0
1690209713943554616,683827,0.419011419526797,0.07815404336512555,0.0
1690209713943565950,683827,0.4191331123344783,0.07801413721103158,0.0
1690209713943580707,683827,0.41902495168670195,0.07812019858030979,0.0
1690209713943592674,683827,0.418972522809776,0.07816847558177446,0.0
1690209713943602437,683827,0.4190059225568279,0.07809080238344307,0.0
1690209713943640100,683827,0.41901594394309905,0.07807137939446428,0.0
1690209713943647664,683827,0.41899769030790623,0.07811262443225946,0.0
1690209713951479156,683828,0.4190150799263279,0.07805403840052737,0.0
1690209713953195584,683828,0.41903007827139593,0.07800568201803626,0.0
1690209713953204985,683828,0.4190106077801802,0.07796272984247524,0.0
1690209713953648100,683828,0.41907808958246334,0.07787777829375304,0.0
1690209713953667755,683828,0.41910632953370447,0.0778144035459611,0.0
1690209713953684999,683828,0.41905253866626374,0.07780979649861437,0.0
1690209713953701717,683828,0.4191066459872954,0.07770599024253722,0.0
1690209713953721019,683828,0.4191694260652811,0.07761726801252887,0.0
1690209713953727497,683828,0.41929591192587495,0.07749569589562127,0.0
1690209713953753147,683828,0.4192833110952392,0.07750137346339568,0.0
1690209713959211819,683829,0.41929571064411253,0.07751310194011335,0.0
1690209713959429351,683829,0.419384554163422,0.07744094520603198,0.0
1690209713959618487,683829,0.4194085757467031,0.07748438950153243,0.0
1690209713959743916,683829,0.4193762275388023,0.0775995164098265,0.0
1690209713959966643,683829,0.41933830954294127,0.07763732680721842,0.0
1690209713960486673,683829,0.41931229761675154,0.07766776683555852,0.0
1690209713960619079,683829,0.4192235550509624,0.07780223442956512,0.0
1690209713960802399,683829,0.4191801239763459,0.07786467125408844,0.0
1690209713960813848,683829,0.4190152083884188,0.0779846795010568,0.0
1690209713960822662,683829,0.41892138351681146,0.0780812310208631,0.0
1690209713967652640,683830,0.418895467721079,0.07806534936950195,0.0
1690209713968733842,683830,0.41894819339555106,0.0780456934548774,0.0
1690209713968898217,683830,0.4189556111709333,0.07803999780296937,0.0
1690209713969334894,683830,0.41894550591878676,0.07804500549780419,0.0
1690209713969350028,683830,0.41906338634682105,0.07793489899492856,0.0
1690209713969361795,683830,0.41904683502515755,0.0779652980974024,0.0
1690209713969382768,683830,0.4191202782368738,0.07794976090603656,0.0
1690209713969397950,683830,0.4190505272708125,0.07798928251251915,0.0
1690209713969411828,683830,0.41906057181833833,0.07797767935537289,0.0
1690209713969438984,683830,0.41909929446984334,0.07794187937074755,0.0
1690209713976556568,683831,0.41909528267410545,0.07794273062373888,0.0
1690209713976977379,683831,0.41909927103047123,0.07794617851048427,0.0
1690209713977967991,683831,0.4190073453776635,0.07801742194777399,0.0
1690209713977976995,683831,0.41905174719826815,0.07795146206868526,0.0
1690209713978301908,683831,0.41903862663692726,0.07794800777051443,0.0
1690209713978476188,683831,0.41899499130521906,0.07799287601117981,0.0
1690209713978486070,683831,0.41898717846927863,0.07800628506476465,0.0
1690209713978494114,683831,0.4189917785780507,0.07792660745797593,0.0
1690209713978503649,683831,0.41894916967792406,0.07796811841276069,0.0
1690209713978527321,683831,0.4189531519092087,0.07798767996737822,0.0
1690209713984162402,683832,0.41891311280085985,0.0780149817555443,0.0
1690209713984344935,683832,0.4188758552547987,0.07804574754033317,0.0
1690209713984938361,683832,0.41882790889534216,0.07804206523091214,0.0
1690209713985039914,683832,0.41894225925991446,0.07794219760814586,0.0
1690209713985406136,683832,0.4189548854976203,0.07791308925597276,0.0
1690209713985458756,683832,0.41888732517037686,0.0779956378373252,0.0
1690209713985560163,683832,0.4189719236104623,0.07791675981597891,0.0
1690209713985670912,683832,0.4189939342510832,0.07789728663726223,0.0
1690209713985745824,683832,0.4191182456857013,0.07781273843537427,0.0
1690209713985759085,683832,0.4191052205771274,0.07782223786110364,0.0
1690209713992203644,683833,0.4191420939042982,0.07781479141233097,0.0
1690209713992832071,683833,0.41912647449792784,0.07781568550564069,0.0
1690209713992974848,683833,0.419115060188699,0.07785375859334667,0.0
1690209713993121795,683833,0.4190698447301887,0.07792844848705609,0.0
1690209713993129385,683833,0.41900184223125336,0.0779899110372872,0.0
1690209713993271617,683833,0.4189706051640736,0.07793752301975632,0.0
1690209713993415761,683833,0.4188637962593847,0.07807147327304231,0.0
1690209713993432002,683833,0.4189049840554077,0.0780219921858747,0.0
1690209713993440151,683833,0.4188429450532227,0.07803465038980693,0.0
1690209713993458475,683833,0.4187610238723222,0.07810673500147437,0.0
1690209714001118785,683834,0.4187845016236137,0.07810375410846672,0.0
1690209714002285982,683834,0.41885267120042874,0.07802081735821732,0.0
1690209714002559585,683834,0.4187896359081334,0.07809038119524168,0.0
1690209714002837833,683834,0.41877689673757057,0.07812271407440637,0.0
1690209714002853999,683834,0.41884475897953644,0.07801524582215164,0.0
1690209714002862611,683834,0.4188483480739537,0.07802805625878997,0.0
1690209714002891206,683834,0.41880643230608483,0.07807937952974925,0.0
1690209714002906502,683834,0.41881520834812747,0.07811700237482054,0.0
1690209714002930886,683834,0.4188345183541144,0.07806935127644744,0.0
1690209714002943888,683834,0.4188075960096169,0.07812576886980416,0.0
1690209714008472009,683835,0.4188623247573256,0.07810963768230457,0.0
1690209714009549949,683835,0.418860400581104,0.0781167802037459,0.0
1690209714009578262,683835,0.4188723469352314,0.07809329159079823,0.0
1690209714009852769,683835,0.4187966267480375,0.07815223248416808,0.0
1690209714009868534,683835,0.4188694334721815,0.07815834239801461,0.0
1690209714009885246,683835,0.4188804111747748,0.07808352879255594,0.0
1690209714009898363,683835,0.4188094213618964,0.07816197438501972,0.0
1690209714009909304,683835,0.41884216898072846,0.07813942414986055,0.0
1690209714009918868,683835,0.41884955826655257,0.07806981578866971,0.0
1690209714009997532,683835,0.4188377791356599,0.07808663304719246,0.0
1690209714017871655,683836,0.4187199518449019,0.07823152864752904,0.0
1690209714017875542,683836,0.41876373797029,0.0781602960136832,0.0
1690209714017891330,683836,0.41877231282449395,0.078112055166843,0.0
1690209714017894887,683836,0.4186997311063426,0.0782362776527394,0.0
1690209714017904903,683836,0.4187793513545527,0.07816259854228251,0.0
1690209714017921002,683836,0.4187422256817256,0.07815107448445081,0.0
1690209714018171219,683836,0.41870250244290363,0.07820364386532816,0.0
1690209714018241509,683836,0.4187237754377841,0.0781985477101755,0.0
1690209714018382412,683836,0.4187987605130715,0.07809100847189243,0.0
1690209714018393572,683836,0.4187345941402655,0.07815666341207254,0.0
1690209714027501457,683837,0.4187270436342374,0.07819482929358401,0.0
1690209714027505039,683837,0.4188114508399759,0.07809664985177193,0.0
1690209714027516348,683837,0.41880365089913796,0.07813118385911075,0.0
1690209714027530372,683837,0.4187616653782561,0.07820924924583403,0.0
1690209714027537440,683837,0.41876073782364015,0.07825388376310467,0.0
1690209714027541974,683837,0.41875681674507165,0.07824355501309409,0.0
1690209714027549682,683837,0.41871858810646934,0.07828979384430457,0.0
1690209714027555327,683837,0.4187487642006119,0.078288573589958,0.0
1690209714027572188,683837,0.41874858549688854,0.07828872646289971,0.0
1690209714027585946,683837,0.41874205170147516,0.07825101138380937,0.0
1690209714036282904,683838,0.4186684322907721,0.07832105220016072,0.0
1690209714036514374,683838,0.4187259835861342,0.07829003664060594,0.0
1690209714037111002,683838,0.4188119842770711,0.07814375210143673,0.0
1690209714037377940,683838,0.41880114382422545,0.07812458359337078,0.0
1690209714037395606,683838,0.4188749371855634,0.07807890001707586,0.0
1690209714037402139,683838,0.41902828475377457,0.077883038816228,0.0
1690209714037424379,683838,0.4190337184836482,0.07788442677707934,0.0
1690209714037435236,683838,0.41900207438209497,0.07798908845188746,0.0
1690209714037443515,683838,0.4190989469771837,0.07786715975336829,0.0
1690209714037478924,683838,0.41913177209840746,0.07782147308548752,0.0
1690209714043112939,683839,0.4190797523810559,0.07791754092995806,0.0
1690209714043595833,683839,0.41911693190218047,0.07785437610867116,0.0
1690209714043769054,683839,0.4191294496000091,0.07782531228889705,0.0
1690209714043808758,683839,0.41899668137025564,0.07795050866051968,0.0
1690209714043956570,683839,0.4190048090280193,0.0779585259611374,0.0
1690209714043961866,683839,0.41895361065398046,0.07797055611503247,0.0
1690209714043968073,683839,0.4188438654557479,0.0780854398268546,0.0
1690209714043977512,683839,0.41881209675824577,0.0780991712784632,0.0
1690209714043998590,683839,0.4187887898312001,0.07812796421167706,0.0
1690209714044011434,683839,0.4188418843849514,0.07810675612474875,0.0
1690209714050942821,683840,0.41878600169501934,0.0781543773839614,0.0
1690209714051073675,683840,0.4188006395831392,0.07822539265244594,0.0
1690209714051710384,683840,0.41882002504466365,0.07824431226055432,0.0
1690209714051794811,683840,0.4188074915962979,0.07825637820313833,0.0
1690209714051948199,683840,0.4187765779571586,0.07833794133892652,0.0
1690209714051954927,683840,0.41876037898828006,0.07837330146566696,0.0
1690209714051964314,683840,0.41876947501979456,0.07833002511789823,0.0
1690209714051968484,683840,0.4187125147404635,0.07839564479126179,0.0
1690209714051974111,683840,0.4187009606098106,0.07839545363856618,0.0
1690209714051981014,683840,0.41881580002844443,0.07822783825594931,0.0
1690209714059455958,683841,0.4188148390418202,0.07817712422773873,0.0
1690209714060171091,683841,0.41882970604571873,0.0781824979350033,0.0
1690209714060286871,683841,0.41892979488591725,0.07802102368966037,0.0
1690209714060441378,683841,0.41892124995333657,0.07798469614908113,0.0
1690209714060452367,683841,0.4189956548463583,0.07792858563982366,0.0
1690209714060473653,683841,0.4190468515596798,0.07783698031647439,0.0
1690209714060479339,683841,0.4191064698482667,0.07779234890286736,0.0
1690209714060490245,683841,0.4190436248150492,0.07782425913849528,0.0
1690209714060501778,683841,0.4191027632225165,0.07776725765991756,0.0
1690209714060507344,683841,0.41915600256183455,0.07770484188441952,0.0
1690209714069041995,683842,0.4191603501188977,0.07767566280102964,0.0
1690209714070593794,683842,0.41918345058167483,0.07764349064821856,0.0
1690209714070630262,683842,0.4191415064953028,0.07770557853307619,0.0
1690209714071266688,683842,0.41920270172269025,0.07765022378049241,0.0
1690209714071288622,683842,0.4191934500307599,0.07768468532431956,0.0
1690209714071298371,683842,0.4191707856725101,0.07771552609855409,0.0
1690209714071309470,683842,0.4191492371106775,0.07775514231644658,0.0
1690209714071320058,683842,0.4191450601672052,0.0777801971559214,0.0
1690209714071328665,683842,0.41907191789586484,0.07793153134712869,0.0
1690209714071371113,683842,0.4190258743707467,0.07800546825648405,0.0
1690209714075691977,683843,0.41894277037150274,0.07807405829491908,0.0
1690209714076157814,683843,0.41885591856834303,0.07821790165466205,0.0
1690209714076364672,683843,0.4188046938864264,0.07823644637905346,0.0
1690209714076507406,683843,0.4187752792064455,0.0782928291676855,0.0
1690209714076719547,683843,0.41868432112839016,0.07839069645492687,0.0
1690209714076776940,683843,0.41864458104076385,0.07841735543167647,0.0
1690209714076947001,683843,0.4187281366788925,0.07832582752972402,0.0
1690209714076960275,683843,0.41866268968688897,0.07842461558418529,0.0
1690209714076970691,683843,0.4187031672395683,0.07839662103228916,0.0
1690209714076976434,683843,0.41869608341647374,0.078366070105431,0.0
1690209714085442532,683844,0.41871999393376175,0.07836389378722566,0.0
1690209714087254234,683844,0.4188167579549453,0.07828955980899914,0.0
1690209714087434893,683844,0.41881700693501683,0.07826906980693149,0.0
1690209714088008830,683844,0.4188323874749664,0.07823295598065375,0.0
1690209714088032612,683844,0.4188112478624204,0.07824960736222128,0.0
1690209714088062435,683844,0.4188979803022549,0.07811856583951761,0.0
1690209714088080176,683844,0.4189220944023042,0.07809799768095248,0.0
1690209714088097162,683844,0.41889372575868533,0.07807860947191488,0.0
1690209714088117663,683844,0.4189443583713505,0.07798802158828527,0.0
1690209714088141725,683844,0.4190017474717571,0.07787302010599975,0.0
1690209714093202222,683845,0.4190493576807348,0.07781508107398206,0.0
1690209714093423164,683845,0.41910234378712874,0.07776672532510534,0.0
1690209714093529176,683845,0.4190975800444845,0.07772790478493882,0.0
1690209714093825054,683845,0.4191677444927807,0.07767116212900713,0.0
1690209714093916970,683845,0.4191755144901578,0.07767194834978729,0.0
1690209714093925139,683845,0.41922120958671094,0.07769297956077954,0.0
1690209714093942896,683845,0.419238970008876,0.0777101630458711,0.0
1690209714093952111,683845,0.4191042106457362,0.07788478203681656,0.0
1690209714093971799,683845,0.4191617751360138,0.07788709438281269,0.0
1690209714093979006,683845,0.41911674965217005,0.07793863434493112,0.0
1690209714102252349,683846,0.41904177660332004,0.0780485389903045,0.0
1690209714102369073,683846,0.41895077042078416,0.07814987639431495,0.0
1690209714102921705,683846,0.41893081890537337,0.07812996897365991,0.0
1690209714102942269,683846,0.41897327090780667,0.07808729526379934,0.0
1690209714102959636,683846,0.4189111638539901,0.07817101672646662,0.0
1690209714102985269,683846,0.41896652598420286,0.07810639291520753,0.0
1690209714103001767,683846,0.41892577513026186,0.07810802691530211,0.0
1690209714103044055,683846,0.41891178134143253,0.07811617028358951,0.0
1690209714103054095,683846,0.41899883633401247,0.07808090015747939,0.0
1690209714103096146,683846,0.41900155006873513,0.07805354641467632,0.0
1690209714110427116,683847,0.4189877826370986,0.07805585543389594,0.0
1690209714110610837,683847,0.4189728182456176,0.0780893339444045,0.0
1690209714111621450,683847,0.41906015518320117,0.07800901705238224,0.0
1690209714111785889,683847,0.419067798241468,0.07799894594018375,0.0
1690209714112122828,683847,0.41895385770514415,0.07807384451313769,0.0
1690209714112144564,683847,0.4189971936736609,0.07802468762799374,0.0
1690209714112155770,683847,0.4190342487917149,0.0779130938417247,0.0
1690209714112166823,683847,0.41901200201842215,0.07791899005947071,0.0
1690209714112179028,683847,0.41903887912668386,0.07785766031383677,0.0
1690209714112218310,683847,0.4190458621610498,0.07779647498978068,0.0
1690209714119244712,683848,0.4191138569245259,0.07768973990883575,0.0
1690209714120310281,683848,0.4191292695869384,0.07766837425721919,0.0
1690209714120660443,683848,0.4192343273336317,0.0776044497360967,0.0
1690209714120793601,683848,0.4192667782447781,0.07754114530050031,0.0
1690209714120813733,683848,0.41926992896115967,0.07760149964509447,0.0
1690209714120823000,683848,0.41935478424510747,0.07755683418633913,0.0
1690209714120836491,683848,0.419366059129507,0.07763872967704348,0.0
1690209714120852383,683848,0.41936253029087645,0.0776728678658492,0.0
1690209714120862181,683848,0.41926063964611143,0.07779153340639113,0.0
1690209714120893972,683848,0.4192700195481846,0.07783776528922336,0.0
1690209714125693257,683849,0.41912158243777686,0.0779899237262967,0.0
1690209714126989919,683849,0.41905574161908626,0.07809855336244091,0.0
1690209714127094960,683849,0.41888674041264573,0.07822753231421638,0.0
1690209714127435180,683849,0.418857066703982,0.07830271216520647,0.0
1690209714127452897,683849,0.4188309041477655,0.07828043933802371,0.0
1690209714127479635,683849,0.4187474928004688,0.07839728450244482,0.0
1690209714127493586,683849,0.4187415592678736,0.07842924557251092,0.0
1690209714127507084,683849,0.41870994519986815,0.07841982330135003,0.0
1690209714127521822,683849,0.41882456897327025,0.07832309012374337,0.0
1690209714127533284,683849,0.41877901365904335,0.07838676606322524,0.0
1690209714135081238,683850,0.4188367377443155,0.07833220638619436,0.0
1690209714135811987,683850,0.4188351733347429,0.07830097705306485,0.0
1690209714135824149,683850,0.4188575434244799,0.07830144874792522,0.0
1690209714136289602,683850,0.41895143976806126,0.07822672934500191,0.0
1690209714136705930,683850,0.4189527308568024,0.07820643289826408,0.0
1690209714137099202,683850,0.41897239188355206,0.07817581098070468,0.0
1690209714137252090,683850,0.41894695142431615,0.07819763062200391,0.0
1690209714137480827,683850,0.4190394841709864,0.07806337172388211,0.0
1690209714137493717,683850,0.41904193528062594,0.07806137551405859,0.0
1690209714137503968,683850,0.4190172443038064,0.07803142966545142,0.0
1690209714142064250,683851,0.41907206647336287,0.07795067385983416,0.0
1690209714142345967,683851,0.41912385883110087,0.07783585857442064,0.0
1690209714142634896,683851,0.4191297002471522,0.07781482077949618,0.0
1690209714143473714,683851,0.41917135419632173,0.07776806580322046,0.0
1690209714143644328,683851,0.4191613678546646,0.07773110250486288,0.0
1690209714143830620,683851,0.4192288838180032,0.07766079457882426,0.0
1690209714143841067,683851,0.41924244552169065,0.07763945818452982,0.0
1690209714143853035,683851,0.4193285092055361,0.07761413568536112,0.0
1690209714143860031,683851,0.419357982854509,0.07756684116778108,0.0
1690209714143864724,683851,0.41934018154026276,0.07764582054892237,0.0
1690209714150114309,683852,0.4194438721219342,0.0775995858952122,0.0
1690209714150792709,683852,0.41945529769524736,0.07768885862097002,0.0
1690209714150902031,683852,0.41943605338894957,0.07774421879383664,0.0
1690209714151013842,683852,0.41928907520384484,0.07790408736344481,0.0
1690209714151125969,683852,0.4193131050019679,0.07793919005615182,0.0
1690209714151379268,683852,0.4192350607524714,0.0779848912616409,0.0
1690209714151386196,683852,0.4191413536357181,0.07810436002135725,0.0
1690209714151398308,683852,0.41894984826854875,0.07821297265406045,0.0
1690209714151408751,683852,0.41890525871692946,0.07823373488580479,0.0
1690209714151414487,683852,0.4188913595253654,0.0782122868283547,0.0
1690209714159119800,683853,0.41879453072944833,0.07832398752624886,0.0
1690209714160514941,683853,0.4188927504640438,0.07822378966719395,0.0
1690209714160735224,683853,0.41887857611681534,0.07816504132746412,0.0
1690209714161039350,683853,0.4190181572653311,0.07807007157944815,0.0
1690209714161054996,683853,0.4190728166608202,0.0780346761446654,0.0
1690209714161076340,683853,0.4191668170791654,0.07797822527651187,0.0
1690209714161090952,683853,0.4191938066569485,0.07792522036178033,0.0
1690209714161141030,683853,0.41920613704149123,0.07793284197389565,0.0
1690209714161152099,683853,0.419319987520117,0.07785743856426539,0.0
1690209714161190392,683853,0.41924573980889557,0.07788747526213684,0.0
1690209714167745083,683854,0.41923228752936026,0.0778961720285352,0.0
1690209714168789977,683854,0.4191960092537407,0.07791906990474534,0.0
1690209714168934412,683854,0.41924561576851893,0.07784714592611175,0.0
1690209714169047734,683854,0.4192344366320372,0.0778457164214849,0.0
1690209714169383295,683854,0.41913453230231706,0.07791015007087879,0.0
1690209714169402191,683854,0.41917857838212347,0.07783498636792938,0.0
1690209714169433451,683854,0.4192042771453944,0.07773664511366786,0.0
1690209714169442788,683854,0.41922151972385147,0.0777098114785594,0.0
1690209714169449744,683854,0.41924112178347245,0.07770786929506958,0.0
1690209714169480170,683854,0.4192440472263356,0.07764284039450005,0.0
1690209714175595652,683855,0.4193046838117663,0.07758007038046037,0.0
1690209714176685495,683855,0.41932089811760465,0.07756883653798867,0.0
1690209714176808510,683855,0.4194225438544473,0.0775241854393185,0.0
1690209714177185920,683855,0.41941780128713657,0.07753619771024316,0.0
1690209714177202506,683855,0.4193331082775645,0.07765350900791493,0.0
1690209714177227068,683855,0.41940068933539154,0.07763964196459638,0.0
1690209714177236836,683855,0.41933801730423276,0.07771173788828904,0.0
1690209714177250297,683855,0.4192791380158606,0.07780740148809746,0.0
1690209714177259218,683855,0.4191586271781949,0.07793340115535342,0.0
1690209714177264041,683855,0.41914005513900576,0.07792298574316532,0.0
1690209714185631657,683856,0.4191116418522356,0.07792641528749882,0.0
1690209714186065289,683856,0.4190165594054839,0.07804582525694623,0.0
1690209714187480614,683856,0.419038648454394,0.07798256967258096,0.0
1690209714187496879,683856,0.4189954732950863,0.07799145182338596,0.0
1690209714187927421,683856,0.4190045022904567,0.07799906792032767,0.0
1690209714187937591,683856,0.419069063736761,0.07795083265949579,0.0
1690209714187942800,683856,0.4191233890370242,0.07789830195715905,0.0
1690209714188026233,683856,0.41913330441680446,0.07788289575096136,0.0
1690209714188041859,683856,0.4192190434425993,0.07781856443503474,0.0
1690209714188052547,683856,0.4193159463171835,0.07770094935540418,0.0
1690209714192390180,683857,0.4193598850124416,0.0777013868784686,0.0
1690209714192576821,683857,0.4193693571336686,0.07764412735444533,0.0
1690209714192724672,683857,0.41940258347881487,0.07758161344958346,0.0
1690209714193107462,683857,0.4194421827527969,0.07750463970972322,0.0
1690209714193369904,683857,0.41942578636310934,0.07747974443150653,0.0
1690209714193437418,683857,0.4194712625291568,0.07740080452783045,0.0
1690209714193533539,683857,0.4194172483866033,0.07741259832849222,0.0
1690209714193721714,683857,0.4194461449879788,0.07735572082636194,0.0
1690209714193733503,683857,0.4194688537488475,0.07731623907029249,0.0
1690209714193749659,683857,0.41941730900056934,0.07736122931201526,0.0
1690209714200343705,683858,0.41946169102796443,0.07731264393456952,0.0
1690209714200873784,683858,0.4193903973234431,0.07740018697346995,0.0
1690209714201427618,683858,0.41942142124373116,0.0773748244378842,0.0
1690209714201746918,683858,0.4193697190542627,0.07741787549380505,0.0
1690209714201760245,683858,0.419329895958625,0.07748169901746228,0.0
1690209714202075166,683858,0.4193714347396643,0.0774744694269011,0.0
1690209714202096770,683858,0.4193063756047393,0.07749346241221863,0.0
1690209714202125806,683858,0.41929001945899635,0.07760449556458314,0.0
1690209714202134759,683858,0.4192764043254096,0.07764990352483388,0.0
1690209714202155266,683858,0.4192960366670614,0.07762269161859146,0.0
1690209714209505088,683859,0.4192440544520105,0.07772795349417116,0.0
1690209714209931111,683859,0.41921824335971436,0.07779431243044461,0.0
1690209714210893957,683859,0.41925836505410974,0.07777767610042646,0.0
1690209714211046857,683859,0.41910799793304837,0.07793702096238894,0.0
1690209714211246705,683859,0.4190850964923464,0.07801063473167585,0.0
1690209714211504358,683859,0.41910730162961285,0.07794019844569818,0.0
1690209714211524111,683859,0.419004575229526,0.07804185751570032,0.0
1690209714211616315,683859,0.4189757879916562,0.07804930837145696,0.0
1690209714211747321,683859,0.4189440169171309,0.07802027255871534,0.0
1690209714211756781,683859,0.4189727229064183,0.07797925715218057,0.0
1690209714217217798,683860,0.41896439346397757,0.0779142655063795,0.0
1690209714218293179,683860,0.41904764975960845,0.0778151628105576,0.0
1690209714218403910,683860,0.4190918798630684,0.0777241324439861,0.0
1690209714218693564,683860,0.41914923323019426,0.07764215705458524,0.0
1690209714218702970,683860,0.41926101702275087,0.07748402565572214,0.0
1690209714218733814,683860,0.41930784613785654,0.07745157722760883,0.0
1690209714218758374,683860,0.4194512938531233,0.07727435024199267,0.0
1690209714218767617,683860,0.41949128881785525,0.07720668588804902,0.0
1690209714218774716,683860,0.4195398731345995,0.07721241702877973,0.0
1690209714218790280,683860,0.41961811769209834,0.07712018358822054,0.0
1690209714226599846,683861,0.41969587122679797,0.07707059111071125,0.0
1690209714227156784,683861,0.41963801420266666,0.07713623313530556,0.0
1690209714227616804,683861,0.4196689443471012,0.07711917356712965,0.0
1690209714227895828,683861,0.4197012828418317,0.07709797699576272,0.0
1690209714228097976,683861,0.4195609729491943,0.07724152083515592,0.0
1690209714228318805,683861,0.41956534106798105,0.07726735222537227,0.0
1690209714228337014,683861,0.4194716343821921,0.07733459985582301,0.0
1690209714228864307,683861,0.4194188102022669,0.07740469968368006,0.0
1690209714229103074,683861,0.4193697833965061,0.07744420947348564,0.0
1690209714229307251,683861,0.41931097111529264,0.07750529796948101,0.0
1690209714234533873,683862,0.4193690502918198,0.07747061236977201,0.0
1690209714234831609,683862,0.41929746939085977,0.07750848593378047,0.0
1690209714234905442,683862,0.41932500915303783,0.07757878582773879,0.0
1690209714235181677,683862,0.4193090712606495,0.0776285698741345,0.0
1690209714235195113,683862,0.41933022230182826,0.07761725575732742,0.0
1690209714235204505,683862,0.41929535660637446,0.07771312139393682,0.0
1690209714235211702,683862,0.4192855573019928,0.07777591742601354,0.0
1690209714235220666,683862,0.41933722887278024,0.07774860837565975,0.0
1690209714235233021,683862,0.4191934715883914,0.07790919680371053,0.0
1690209714235242266,683862,0.41916811243941104,0.07799436535796112,0.0
1690209714243451305,683863,0.41911184532241774,0.07801278578843741,0.0
1690209714245190215,683863,0.4190458762635241,0.07807875163369966,0.0
1690209714245416877,683863,0.4189817533763692,0.07809770186639922,0.0
1690209714245871491,683863,0.41894791972456547,0.07810393314081383,0.0
1690209714245898995,683863,0.4189842626704826,0.07803946533047175,0.0
1690209714245921751,683863,0.41893026404346945,0.07799735111757922,0.0
1690209714245942837,683863,0.41903690178569053,0.07787741962069535,0.0
1690209714245961363,683863,0.4190988280926272,0.07781078788613403,0.0
1690209714245970484,683863,0.41919713616488813,0.07767595710867208,0.0
1690209714245976401,683863,0.4192595141225325,0.07757527121672758,0.0
1690209714250613916,683864,0.4193121296829819,0.07755575228300253,0.0
1690209714251079453,683864,0.4195096431431693,0.07733293523645424,0.0
1690209714251497420,683864,0.4195126002844487,0.07730504222690647,0.0
1690209714252201636,683864,0.4195203002926601,0.07737994815522364,0.0
1690209714252329497,683864,0.4196038307147419,0.0772708794414019,0.0
1690209714252655052,683864,0.41964220358621884,0.07724508281609539,0.0
1690209714252663860,683864,0.4195672107263372,0.07736366441234571,0.0
1690209714252674069,683864,0.4196047238863125,0.07732958087715057,0.0
1690209714252680143,683864,0.4196182666238333,0.0773059107884424,0.0
1690209714252691148,683864,0.4194374535267056,0.07747190627996237,0.0
1690209714260551477,683865,0.4194597781235162,0.07746783762810344,0.0
1690209714261573217,683865,0.4194224911828643,0.07745151988402818,0.0
1690209714262023631,683865,0.4193388972410387,0.07755761073573446,0.0
1690209714262251783,683865,0.4192948598371112,0.07756739925419347,0.0
1690209714262289092,683865,0.41925324389725654,0.07762131836483795,0.0
1690209714262298970,683865,0.4193082070405112,0.07758715724952378,0.0
1690209714262609971,683865,0.41925419140245573,0.07761263499311377,0.0
1690209714262636921,683865,0.41927077662565754,0.07768364265629261,0.0
1690209714262650828,683865,0.41928343762787035,0.07770458372110133,0.0
1690209714262660691,683865,0.4192957925580031,0.07770362037984192,0.0
1690209714266979732,683866,0.41926349822849845,0.07777920335344349,0.0
1690209714267411887,683866,0.41924699314729347,0.07785747110916934,0.0
1690209714268217327,683866,0.41930089748700616,0.07777969163124511,0.0
1690209714268508378,683866,0.4191582784920931,0.07794246255090695,0.0
1690209714268595153,683866,0.419137840801314,0.0779813772170873,0.0
1690209714268797280,683866,0.41912805572708944,0.07793043256517236,0.0
1690209714268806084,683866,0.41905011525215097,0.07797603346240478,0.0
1690209714268817114,683866,0.41901126082993934,0.07795705560417805,0.0
1690209714268824685,683866,0.41907139519327996,0.07786404282437365,0.0
1690209714268830681,683866,0.41911841529784905,0.0777842902104619,0.0
1690209714276549476,683867,0.41910549807671293,0.07773457131678575,0.0
1690209714278197021,683867,0.41923466698669354,0.07759053891956502,0.0
1690209714278447334,683867,0.4193129893612387,0.0775121731530583,0.0
1690209714278925470,683867,0.41937400698600324,0.07741874928670854,0.0
1690209714278941855,683867,0.4194411231316868,0.07733571722333293,0.0
1690209714278956803,683867,0.4195114466012191,0.07729775883256179,0.0
1690209714278970558,683867,0.41953710111695897,0.07724733114762462,0.0
1690209714278989351,683867,0.4195308625000664,0.07725842442261953,0.0
1690209714279012799,683867,0.4194394246432428,0.07737668988084975,0.0
1690209714279032779,683867,0.4194388179056635,0.07737246382329029,0.0
1690209714283978751,683868,0.41939844794910197,0.07734521787036905,0.0
1690209714285182911,683868,0.4193184517718734,0.0774559150887118,0.0
1690209714285337533,683868,0.41935801788209104,0.07742536394818393,0.0
1690209714285616702,683868,0.4193430068618067,0.0773866362940132,0.0
1690209714285626286,683868,0.41927190129986325,0.0775166156176886,0.0
1690209714285632140,683868,0.4192619659814127,0.0775429664869693,0.0
1690209714285637960,683868,0.41933606285313285,0.07747751864559149,0.0
1690209714285662753,683868,0.41924166014631864,0.0776099515474538,0.0
1690209714285670375,683868,0.4192032925698401,0.0776991167571864,0.0
1690209714285674426,683868,0.4192444547408429,0.07768922816550809,0.0
1690209714294553044,683869,0.4191252345139989,0.07782442089393987,0.0
1690209714295015183,683869,0.4190927869989268,0.07792025585343783,0.0
1690209714296163578,683869,0.41902997806392933,0.07796652811919166,0.0
1690209714296755638,683869,0.4189545839643626,0.07805763992209411,0.0
1690209714297080666,683869,0.4188995559506599,0.07806773835599719,0.0
1690209714297107253,683869,0.41884701913563027,0.07810069150488372,0.0
1690209714297118911,683869,0.4188797247346179,0.07806665670264808,0.0
1690209714297157951,683869,0.4188547557020585,0.07801369731817333,0.0
1690209714297229677,683869,0.4189193348531708,0.07793332850187167,0.0
1690209714297262210,683869,0.41893382317484484,0.07786039428290648,0.0
1690209714301835966,683870,0.4190405460097488,0.07771802580203402,0.0
1690209714302669874,683870,0.41911668325458173,0.0775875185876348,0.0
1690209714302823294,683870,0.4191684135838508,0.07756291276230601,0.0
1690209714303209279,683870,0.4193800169714432,0.07732674468624604,0.0
1690209714303362416,683870,0.4193650367709744,0.0772785813511038,0.0
1690209714303461251,683870,0.419436407774587,0.07729205108542558,0.0
1690209714303681871,683870,0.4195200564752306,0.07719798025041792,0.0
1690209714303691565,683870,0.4195707969903171,0.07717592669583663,0.0
1690209714303697623,683870,0.4195251825065264,0.07723507765579501,0.0
1690209714303702900,683870,0.419551213776573,0.07720801225896613,0.0
1690209714310541501,683871,0.41957782469585875,0.0771933956692745,0.0
1690209714311004246,683871,0.41945782030258333,0.07735480774021339,0.0
1690209714312018334,683871,0.4194667297148257,0.07737322174937984,0.0
1690209714312056530,683871,0.4193548146014716,0.07748182800918565,0.0
1690209714312369468,683871,0.4193264517753449,0.0775481931636941,0.0
1690209714312394808,683871,0.4192532814935204,0.07762828716575239,0.0
1690209714312407014,683871,0.4192150702029694,0.07770577145082495,0.0
1690209714312412703,683871,0.4191830848197342,0.07777933632267209,0.0
1690209714312457791,683871,0.4191214619646481,0.07782695776781068,0.0
1690209714312465929,683871,0.41912063983089737,0.07789459468975896,0.0
1690209714318426657,683872,0.4190672624411975,0.07797982122223789,0.0
1690209714318722842,683872,0.41904857473973334,0.07795606430678767,0.0
1690209714319615557,683872,0.4190158123768114,0.07803489120797494,0.0
1690209714319717694,683872,0.41899810084255723,0.07808215573208707,0.0
1690209714319969415,683872,0.41906501980492605,0.07802304991501673,0.0
1690209714319986855,683872,0.4189751361476435,0.07813043536799938,0.0
1690209714320011355,683872,0.41894987413084306,0.07818458482540784,0.0
1690209714320020278,683872,0.41906806276927433,0.07803393846958571,0.0
1690209714320027961,683872,0.4190392045565816,0.07804865881450956,0.0
1690209714320041241,683872,0.4190350943039337,0.0780684642077781,0.0
1690209714326184957,683873,0.4190617451727048,0.07797857605613379,0.0
1690209714326344184,683873,0.41908034818214207,0.07793932990178326,0.0
1690209714327265994,683873,0.4191041876001586,0.0778899702030326,0.0
1690209714327632559,683873,0.4191391131177086,0.07780550067916452,0.0
1690209714327643712,683873,0.41919136202630536,0.07773065256133435,0.0
1690209714327760964,683873,0.4191526341075793,0.0777331151720643,0.0
1690209714327772649,683873,0.41926244389254413,0.07757934977514036,0.0
1690209714327788834,683873,0.4192904855500853,0.07753193569347357,0.0
1690209714327797820,683873,0.4193446172229261,0.07745173042685892,0.0
1690209714327804159,683873,0.4193802034259793,0.07738192109017784,0.0
1690209714334285641,683874,0.41942674227681753,0.07735010654286302,0.0
1690209714335553150,683874,0.41951804709407947,0.07725249336952139,0.0
1690209714335753024,683874,0.4195640179949498,0.07727528443805812,0.0
1690209714336025846,683874,0.41957698051637504,0.07724823057759832,0.0
1690209714336039621,683874,0.41961979003533867,0.07722829550483609,0.0
1690209714336055322,683874,0.4196476982807056,0.07723002983188157,0.0
1690209714336062404,683874,0.41957533428970334,0.077373608375999,0.0
1690209714336073364,683874,0.41954800272328835,0.07743498791293493,0.0
1690209714336087379,683874,0.41940273756956187,0.077587947898198,0.0
1690209714336094864,683874,0.41937192929237044,0.07769189810614066,0.0
1690209714342129622,683875,0.41930532291900124,0.07775362293552268,0.0
1690209714343108043,683875,0.41922040553917134,0.07787295796414137,0.0
1690209714343297335,683875,0.41909173321212223,0.07800998188523638,0.0
1690209714343463585,683875,0.4190280480261295,0.07804196187159801,0.0
1690209714343825453,683875,0.41906119596243707,0.07800183935376288,0.0
1690209714343843883,683875,0.4189614905341366,0.07812238452917437,0.0
1690209714343866264,683875,0.41902882982239276,0.0780451069080696,0.0
1690209714343878109,683875,0.41900909865606556,0.07802920442733648,0.0
1690209714343899304,683875,0.41902233620273627,0.07802774468403632,0.0
1690209714343911298,683875,0.41912070081807584,0.07796729200766762,0.0
1690209714350289633,683876,0.4191838968433277,0.07790379205313362,0.0
1690209714351077703,683876,0.41920494158586563,0.07787690022009039,0.0
1690209714351257430,683876,0.41924337000580003,0.07783848066513432,0.0
1690209714351956103,683876,0.4193277054668384,0.07774450680398702,0.0
1690209714352123173,683876,0.4193373051858153,0.07775871730186484,0.0
1690209714352236099,683876,0.41929408591049605,0.0777692688301821,0.0
1690209714352479346,683876,0.41931959114299744,0.07770114619753886,0.0
1690209714352495208,683876,0.4193712174105842,0.0775851618027815,0.0
1690209714352500909,683876,0.4193762002226311,0.07756802562827608,0.0
1690209714352510300,683876,0.4193827758023231,0.07752260784857994,0.0
1690209714358861402,683877,0.4193657725063833,0.07748655923611668,0.0
1690209714359567624,683877,0.41944413306554523,0.07737687829878635,0.0
1690209714360359704,683877,0.41944905346906697,0.07736068433069487,0.0
1690209714360555047,683877,0.41950853841406477,0.07731697498945826,0.0
1690209714361072637,683877,0.41954400822368765,0.07726222272297883,0.0
1690209714361092934,683877,0.41956954632784965,0.0772880375712256,0.0
1690209714361102970,683877,0.41966577617011147,0.07723701253871602,0.0
1690209714361124928,683877,0.4196917443604916,0.077305913777617,0.0
1690209714361139445,683877,0.4197036012289259,0.07732467532535191,0.0
1690209714361150535,683877,0.4196134686022474,0.07743155187943408,0.0
1690209714367109329,683878,0.41963279129956155,0.07744571580794167,0.0
1690209714367453783,683878,0.41951301449259504,0.07757473302020076,0.0
1690209714368713454,683878,0.41943235969617276,0.07769366057460082,0.0
1690209714368870253,683878,0.4192486407880967,0.07780400403763378,0.0
1690209714369161225,683878,0.41916851645238434,0.07789962585422036,0.0
1690209714369175383,683878,0.41912548684225753,0.07791357374277637,0.0
1690209714369188080,683878,0.4190375667664087,0.07799169174485156,0.0
1690209714369194958,683878,0.41910409870946774,0.07792631750000219,0.0
1690209714369200348,683878,0.4190885664270748,0.07788552138468341,0.0
1690209714369228649,683878,0.41925538774428844,0.07775924224875544,0.0
1690209714375741959,683879,0.4193051109284635,0.07773548657447035,0.0
1690209714376218501,683879,0.41939747373489034,0.07768675026137267,0.0
1690209714376532790,683879,0.41943357311804497,0.0776363283244867,0.0
1690209714376550183,683879,0.4194309494215126,0.07764382209693049,0.0
1690209714377047642,683879,0.4195716968762534,0.07753977842377838,0.0
1690209714377155437,683879,0.4195278374398981,0.07757490253200446,0.0
1690209714377371508,683879,0.4195038806735687,0.07756561376328201,0.0
1690209714377386685,683879,0.4194876276709935,0.07755811159826026,0.0
1690209714377392469,683879,0.41957546031344306,0.07744741467743756,0.0
1690209714377398731,683879,0.41957029301012905,0.0774455532547945,0.0
1690209714384102533,683880,0.4194985404474855,0.07749720199011241,0.0
1690209714384911792,683880,0.41955443468889014,0.07740957908202835,0.0
1690209714385043435,683880,0.4195867349210533,0.07731175199550822,0.0
1690209714385180267,683880,0.4195803387760161,0.0773242634911399,0.0
1690209714385411353,683880,0.41962649831124044,0.07733875454887196,0.0
1690209714385588482,683880,0.4196187183359694,0.07730154478749082,0.0
1690209714385832777,683880,0.4195920235913007,0.07734059806006172,0.0
1690209714385841939,683880,0.419624704179571,0.07734929276915518,0.0
1690209714385846406,683880,0.4196778347586659,0.07731916236574467,0.0
1690209714385894498,683880,0.4196426043725561,0.07734737675810702,0.0
1690209714393685344,683881,0.41958487984912524,0.0774245039546146,0.0
1690209714394000897,683881,0.4196624054041735,0.07739267864828944,0.0
1690209714394799456,683881,0.4196770307258123,0.07740443901478707,0.0
1690209714395073681,683881,0.41961114312520575,0.07750477039529789,0.0
1690209714395369591,683881,0.4195663730897634,0.07755053537905957,0.0
1690209714395644559,683881,0.419570641464475,0.07754545371554794,0.0
1690209714395873757,683881,0.41959854031697186,0.07751276193941184,0.0
1690209714395989079,683881,0.41956355355326125,0.07755742055552256,0.0
1690209714396014250,683881,0.4195396971498027,0.07759541448749356,0.0
1690209714396024173,683881,0.4195174877522514,0.07759551987004643,0.0
1690209714401843968,683882,0.4194887322588754,0.07759178874221205,0.0
1690209714401953975,683882,0.4194414038701992,0.07769758265846818,0.0
1690209714402066404,683882,0.41941760951872475,0.0776909045577885,0.0
1690209714402202944,683882,0.4193840445534651,0.07765140261934399,0.0
1690209714402281665,683882,0.4193296339511707,0.07774546714277303,0.0
1690209714402292316,683882,0.4193787871820466,0.0777287776074506,0.0
1690209714402592508,683882,0.4194393059981453,0.07765182753284776,0.0
1690209714402685039,683882,0.41932626806375883,0.07775579827369569,0.0
1690209714402821484,683882,0.41933637684329006,0.07775337937102934,0.0
1690209714402837329,683882,0.41945957913891674,0.07764507357967505,0.0
1690209714409930337,683883,0.4194367433502132,0.07770283005025669,0.0
1690209714410221625,683883,0.41940464122399435,0.077778083407578,0.0
1690209714411303519,683883,0.41941083043620037,0.07774889777405754,0.0
1690209714411491646,683883,0.419407566081032,0.07777870208382383,0.0
1690209714411783907,683883,0.41938052547553234,0.07784965738337163,0.0
1690209714411802463,683883,0.4193106200317701,0.07793977192037169,0.0
1690209714411820705,683883,0.4192842571414607,0.07795537870394591,0.0
1690209714411835981,683883,0.4192300763491199,0.07792955415981696,0.0
1690209714411863000,683883,0.41923366090849506,0.07795729255273211,0.0
1690209714411875439,683883,0.4192466006875528,0.07792548260441919,0.0
1690209714417354148,683884,0.41920675461930595,0.07790347079493053,0.0
1690209714417940190,683884,0.41918297027903184,0.07788732621476356,0.0
1690209714418172426,683884,0.4192064053779776,0.07786010900058754,0.0
1690209714418392758,683884,0.41944399540617466,0.07759686364540655,0.0
1690209714418585924,683884,0.41941066761550577,0.0776037944400222,0.0
1690209714418591370,683884,0.4194430703757561,0.07763502795328055,0.0
1690209714418697897,683884,0.41958285362210634,0.07744763217352658,0.0
1690209714418876993,683884,0.41964206386830266,0.07745205225512446,0.0
1690209714418888257,683884,0.41965519396482576,0.07748169858461552,0.0
1690209714418906987,683884,0.41966108951553194,0.07745066669929952,0.0
1690209714425550317,683885,0.41972284183481284,0.0773871590378154,0.0
1690209714425768691,683885,0.41962981310923186,0.07750298822421058,0.0
1690209714426442453,683885,0.4196804256969098,0.07746107466526442,0.0
1690209714426599004,683885,0.4196885792384374,0.07742208724806554,0.0
1690209714427006230,683885,0.41958074558151415,0.07751961722777545,0.0
1690209714427024027,683885,0.41954493012936694,0.07750746605058577,0.0
1690209714427039971,683885,0.4195170841520748,0.07755572246867454,0.0
1690209714427048436,683885,0.4195026146111839,0.07758011122583766,0.0
1690209714427054327,683885,0.4194437570354135,0.07757155577600346,0.0
1690209714427066493,683885,0.4194532849273996,0.07757091672576734,0.0
1690209714434344433,683886,0.4195015877441629,0.0775618507083741,0.0
1690209714435647538,683886,0.41953876265355694,0.07752572925487167,0.0
1690209714435828505,683886,0.41947804929693533,0.07765264852088591,0.0
1690209714436264792,683886,0.4194870795227068,0.07766677135125262,0.0
1690209714436278865,683886,0.41956534010015933,0.07762303529422951,0.0
1690209714436290735,683886,0.4195541188066095,0.0776921156817535,0.0
1690209714436304386,683886,0.4195142898410743,0.07782363139838372,0.0
1690209714436318366,683886,0.41951805267920866,0.07781585737857744,0.0
1690209714436329081,683886,0.41941286659228977,0.07792045867615176,0.0
1690209714436337002,683886,0.41940336129485867,0.07797981148599584,0.0
1690209714442220912,683887,0.4193326039686145,0.07802141591073833,0.0
1690209714443121470,683887,0.4192692741961581,0.07807767853563537,0.0
1690209714443315701,683887,0.41921921203864343,0.0779941522176571,0.0
1690209714443515624,683887,0.41922937634946683,0.07796052533563966,0.0
1690209714444044919,683887,0.41929664364043007,0.0778887052862701,0.0
1690209714444063710,683887,0.41924200666944933,0.0778651704175047,0.0
1690209714444394603,683887,0.4193434407088707,0.07774807897281194,0.0
1690209714444409019,683887,0.41939053677407595,0.07768154099192189,0.0
1690209714444418240,683887,0.41955999598122146,0.07750966125334391,0.0
1690209714444457062,683887,0.4196119834335965,0.07742785108747544,0.0
1690209714451210422,683888,0.41964453988017336,0.07747151066330582,0.0
1690209714451463619,683888,0.41979592897211276,0.07730201815153157,0.0
1690209714452374130,683888,0.41977816639035437,0.07733198658072446,0.0
1690209714452634810,683888,0.4198166672583854,0.07737974213489442,0.0
1690209714452648827,683888,0.4197771915895103,0.07739561202533321,0.0
1690209714452662048,683888,0.4197499779289459,0.07736905351463301,0.0
1690209714452674454,683888,0.4196699115509894,0.07746995358180458,0.0
1690209714452679917,683888,0.4196816451996618,0.07747056438167318,0.0
1690209714452685077,683888,0.4196299934073938,0.07748552749452903,0.0
1690209714452722992,683888,0.4194862929443365,0.0776665374843032,0.0
1690209714459075688,683889,0.4194986658103229,0.07765207211368828,0.0
1690209714459348437,683889,0.41950180349512683,0.07767885495700155,0.0
1690209714459390883,683889,0.4194783991474771,0.07774068773703031,0.0
1690209714459538380,683889,0.4194320222883543,0.07785030121643627,0.0
1690209714459883109,683889,0.4194408040460722,0.07785633323528121,0.0
1690209714459899366,683889,0.4193486507009416,0.077976230747511,0.0
1690209714459926212,683889,0.41934747529683986,0.07801472412294808,0.0
1690209714459941069,683889,0.4192462823987242,0.07810241920248154,0.0
1690209714459951181,683889,0.4191940824603546,0.07817276070241802,0.0
1690209714459957973,683889,0.4191634860483867,0.07809707474554901,0.0
1690209714469161283,683890,0.41914214461903765,0.07809629661002589,0.0
1690209714469878790,683890,0.4191554605847323,0.07804407063049679,0.0
1690209714470036199,683890,0.4191225543662903,0.07800442698876289,0.0
1690209714470877005,683890,0.41921298553797387,0.07786522670625416,0.0
1690209714471094162,683890,0.4192451810200118,0.07780916153469862,0.0
1690209714471554994,683890,0.4195153956475861,0.07753862597974949,0.0
1690209714471575064,683890,0.41957058134094394,0.07743396808743501,0.0
1690209714471596805,683890,0.4196769713487436,0.07739634757708311,0.0
1690209714471607857,683890,0.41981449467241994,0.07723406474827464,0.0
1690209714471730130,683890,0.41986847407978645,0.07721651251996191,0.0
1690209714476810639,683891,0.4198967732854666,0.07722720661394725,0.0
1690209714476945893,683891,0.41985836895313444,0.07723370688630213,0.0
1690209714477367052,683891,0.41988661865127763,0.07719089163624747,0.0
1690209714478101850,683891,0.41974704550842723,0.07732546476198487,0.0
1690209714478107788,683891,0.4197626591155154,0.07732917047549152,0.0
1690209714478114034,683891,0.41964571731578565,0.07740692931818162,0.0
1690209714478144297,683891,0.41952142460189157,0.07757432847949644,0.0
1690209714478157725,683891,0.4195072686827741,0.07755449811622757,0.0
1690209714478166029,683891,0.41947862563567423,0.07761525222346459,0.0
1690209714478196428,683891,0.4194875373078941,0.07765717511184789,0.0
1690209714484691512,683892,0.41941635263559435,0.07774075020462771,0.0
1690209714485185679,683892,0.4194639195402895,0.07771993478811334,0.0
1690209714485257430,683892,0.4194102776495129,0.07783415119255897,0.0
1690209714485439352,683892,0.4194505254445564,0.07784019448021846,0.0
1690209714485715500,683892,0.41936572756980706,0.07794392974853159,0.0
1690209714485921535,683892,0.4193103843922834,0.07802219377165065,0.0
1690209714486531339,683892,0.4193167390063851,0.07796388697081823,0.0
1690209714486738898,683892,0.41930613286961216,0.07799942884319179,0.0
1690209714486884674,683892,0.4192816899694111,0.07800952338749799,0.0
1690209714486903477,683892,0.4192497060116402,0.07799940182112691,0.0
1690209714492086071,683893,0.41923202047173186,0.07798231779777604,0.0
1690209714492453140,683893,0.419234381902686,0.07797907782118624,0.0
1690209714492873722,683893,0.41935202772401636,0.07781781602394365,0.0
1690209714492975763,683893,0.41932043213287284,0.07781261221618435,0.0
1690209714493174226,683893,0.4193636739043839,0.07772613563559483,0.0
1690209714493191035,683893,0.41944436897414966,0.07759564013374592,0.0
1690209714493456719,683893,0.4195104699873263,0.07755040252001552,0.0
1690209714493527608,683893,0.4195486628480786,0.077517153197317,0.0
1690209714493681334,683893,0.4195928213729542,0.07743737473143886,0.0
1690209714493694574,683893,0.4196647283830007,0.07735662157456492,0.0
1690209714502523208,683894,0.41976376481683086,0.07726639609864663,0.0
1690209714502663809,683894,0.41983786478100876,0.07717817968664228,0.0
1690209714503293447,683894,0.4197996984889265,0.07723010573969832,0.0
1690209714503441039,683894,0.41981880391140325,0.07717689724925747,0.0
1690209714503595974,683894,0.41984135327825833,0.0771524224138949,0.0
1690209714503788112,683894,0.41986634357381786,0.07713386605338268,0.0
1690209714503802067,683894,0.41982787730673293,0.07715387975050979,0.0
1690209714503810692,683894,0.41981332010442174,0.07712165328665897,0.0
1690209714503817437,683894,0.41975123306822026,0.07718111741463513,0.0
1690209714503911318,683894,0.4197874490630394,0.07717920799205127,0.0
1690209714510017009,683895,0.41974090701439076,0.0772047022048715,0.0
1690209714510709622,683895,0.4196661630489491,0.07734319527579073,0.0
1690209714510803268,683895,0.419671433943703,0.07733756582682275,0.0
1690209714511005674,683895,0.41968633866592997,0.07737639358994938,0.0
1690209714511015074,683895,0.41968391505097796,0.07743559029112254,0.0
1690209714511020299,683895,0.4196274393548637,0.07752701484930567,0.0
1690209714511028097,683895,0.41963139400094607,0.07754158968100405,0.0
1690209714511039856,683895,0.41950586073175516,0.0776781291017184,0.0
1690209714511049611,683895,0.4194986736627025,0.07772709009627048,0.0
1690209714511056154,683895,0.41940764857003443,0.07777255775693082,0.0
1690209714518577717,683896,0.41935289402491915,0.0778377318780457,0.0
1690209714519607482,683896,0.4193126900969189,0.0777523428536793,0.0
1690209714519613048,683896,0.41927540466322166,0.07776013743493032,0.0
1690209714519864675,683896,0.4192834334129374,0.07771780284421365,0.0
1690209714519873761,683896,0.41927209657812303,0.07766722021268331,0.0
1690209714519878559,683896,0.41937861200318777,0.0775067192200704,0.0
1690209714519904735,683896,0.41941141918310054,0.07744029724713702,0.0
1690209714519915217,683896,0.41962376707767723,0.07720568997203422,0.0
1690209714519925603,683896,0.41967014572314965,0.07711021459756846,0.0
1690209714519941715,683896,0.41974385898830113,0.07710150408432548,0.0
1690209714525476835,683897,0.4198887781539925,0.0769201968705287,0.0
1690209714525718840,683897,0.4199359710804233,0.07692151231796317,0.0
1690209714525906510,683897,0.4199997467694675,0.07691969057150008,0.0
1690209714526815129,683897,0.4199579571988003,0.07694498787115248,0.0
1690209714526827092,683897,0.42000806887992936,0.07690503104052406,0.0
1690209714526844367,683897,0.41985566224557735,0.07705564863617803,0.0
1690209714526850436,683897,0.41987673275920384,0.07706572121378782,0.0
1690209714526869714,683897,0.4197438575731778,0.07716407651669467,0.0
1690209714526877114,683897,0.41959228614889293,0.07732628139040695,0.0
1690209714526883077,683897,0.41960306694458094,0.07728473474213875,0.0
1690209714533778539,683898,0.4195531130958643,0.07735634659128698,0.0
1690209714533948089,683898,0.41953656585480187,0.07741364363900823,0.0
1690209714534338077,683898,0.4194944768210503,0.07748270282945664,0.0
1690209714534426778,683898,0.4195298138150867,0.07746989729775172,0.0
1690209714534603584,683898,0.41943320868140627,0.0776011064876027,0.0
1690209714534609192,683898,0.4194356686388586,0.07762113201586766,0.0
1690209714534615646,683898,0.41933527071916243,0.07771174230641728,0.0
1690209714534620835,683898,0.4192746651199708,0.0777855226857087,0.0
1690209714534628340,683898,0.4192394827444634,0.07771878603793798,0.0
1690209714534637191,683898,0.4191949119661975,0.07777163160097897,0.0
1690209714541445596,683899,0.41917660588813327,0.07777931726863599,0.0
1690209714541572102,683899,0.4191361373769195,0.07777086803178655,0.0
1690209714541696221,683899,0.4191607306360824,0.07771018741065008,0.0
1690209714541782657,683899,0.4191668060485634,0.07770031860015973,0.0
1690209714541854475,683899,0.4193896486046479,0.07746236396996622,0.0
1690209714541862544,683899,0.41940005662759505,0.07740087511072175,0.0
1690209714542128025,683899,0.41948207998818543,0.07736544453763652,0.0
1690209714542130334,683899,0.41962498742382465,0.07717344389607744,0.0
1690209714542137675,683899,0.4196706752126832,0.07718817215129828,0.0
1690209714542217192,683899,0.41965849433390856,0.07722626734163192,0.0
1690209714550056408,683900,0.41966128303644246,0.07720251428509262,0.0
1690209714550333667,683900,0.4197285111737133,0.07713300606909815,0.0
1690209714551007737,683900,0.4196534850372558,0.07722692511707617,0.0
1690209714551490731,683900,0.41971430618048283,0.07717794879194978,0.0
1690209714551756267,683900,0.41957938517579585,0.077297927647,0.0
1690209714552059381,683900,0.41953337661736134,0.07733623261551731,0.0
1690209714552077068,683900,0.4195130657405089,0.07731181716309976,0.0
1690209714552088509,683900,0.41948933344043593,0.07735619081509557,0.0
1690209714552102331,683900,0.41948148726919343,0.07737124648621056,0.0
1690209714552127667,683900,0.4194247545001377,0.0773672118788034,0.0
1690209714558713897,683901,0.41942508539355067,0.07738993431095283,0.0
1690209714559484740,683901,0.4194646525119128,0.07739272804440483,0.0
1690209714559639245,683901,0.4195076922911439,0.07734463593668323,0.0
1690209714559792647,683901,0.41945556279855223,0.07746543945691223,0.0
1690209714560227201,683901,0.419463193986043,0.07747603701024391,0.0
1690209714560381289,683901,0.4195783394190127,0.07741489400078536,0.0
1690209714560668871,683901,0.419539037967096,0.0775014536558656,0.0
1690209714560677739,683901,0.4194875282792829,0.07761909723720677,0.0
1690209714560693676,683901,0.4195147712730517,0.07759165441840177,0.0
1690209714560706555,683901,0.41942701026427187,0.07768766784921603,0.0
1690209714568100270,683902,0.4194108627723393,0.07774699632866182,0.0
1690209714568391420,683902,0.4193207911883508,0.077798602549021,0.0
1690209714569131233,683902,0.41925479519537695,0.07786230103765937,0.0
1690209714569277279,683902,0.41918709273977145,0.07779770841250097,0.0
1690209714569625206,683902,0.419197839951635,0.0777729953890469,0.0
1690209714569636665,683902,0.41923267097291117,0.07771609499495538,0.0
1690209714569650051,683902,0.4191935427143477,0.07769429105668273,0.0
1690209714569666743,683902,0.4192691129541262,0.07757832772786534,0.0
1690209714569679983,683902,0.41927020102291324,0.0775400747117533,0.0
1690209714569691563,683902,0.4195292204215614,0.07726022545118709,0.0
1690209714577089193,683903,0.4195360590992418,0.07721207950267128,0.0
1690209714578439187,683903,0.4195550188264525,0.07727948088993206,0.0
1690209714578677634,683903,0.4197123521297069,0.07709196638908179,0.0
1690209714579113092,683903,0.41975843313891764,0.0770923539146698,0.0
1690209714579137884,683903,0.41978483237200337,0.07714880204532416,0.0
1690209714579163703,683903,0.4198001044759881,0.07711147765537318,0.0
1690209714579177188,683903,0.41983267793054113,0.07707268074918087,0.0
1690209714579190521,683903,0.41971711637979336,0.0772064871972578,0.0
1690209714579209939,683903,0.4197799522139469,0.07714834142168916,0.0
1690209714579219408,683903,0.41973283156348973,0.07717016219765224,0.0
1690209714583687449,683904,0.41963557848734817,0.07725549983709694,0.0
1690209714584837084,683904,0.41961674571418517,0.07723545337664654,0.0
1690209714585176898,683904,0.419621852257601,0.07724172928371434,0.0
1690209714585185117,683904,0.4195840726055048,0.07728116319885268,0.0
1690209714585381195,683904,0.41953182960126445,0.07730043764698881,0.0
1690209714585594553,683904,0.4195555905822258,0.07727730959508011,0.0
1690209714585614236,683904,0.4195989662701411,0.07724859623689913,0.0
1690209714585623600,683904,0.41960465905148564,0.07723797613039177,0.0
1690209714585633479,683904,0.41953756092023337,0.07734424284172987,0.0
1690209714585650886,683904,0.4195670010951483,0.07733190269415119,0.0
1690209714592719556,683905,0.41962619511955945,0.0772578855011953,0.0
1690209714593235352,683905,0.41958615950990674,0.07731412353837125,0.0
1690209714593501810,683905,0.41955712949516555,0.07735551406091386,0.0
1690209714593580292,683905,0.419557214975254,0.07731762524521568,0.0
1690209714593806106,683905,0.4195428381211721,0.07730478637405468,0.0
1690209714594449425,683905,0.41953597883140065,0.07733608471133015,0.0
1690209714594635622,683905,0.41962972446256325,0.0772518736372981,0.0
1690209714594798946,683905,0.4195942121604188,0.07725030757568142,0.0
1690209714594948585,683905,0.4195842096963483,0.07725893770374304,0.0
1690209714594967071,683905,0.4196708588731954,0.07718734814883622,0.0
1690209714600149897,683906,0.4197087762723094,0.07721448227365454,0.0
1690209714600698615,683906,0.41965748942240033,0.07728138135914674,0.0
1690209714601041858,683906,0.41958013348449863,0.07736816461898342,0.0
1690209714601178321,683906,0.41957627475120796,0.07739463597632766,0.0
1690209714601190038,683906,0.41952436265218124,0.07743227858718653,0.0
1690209714601212781,683906,0.4194528653348854,0.07752742714726071,0.0
1690209714601662528,683906,0.41940633110696185,0.07757107849803097,0.0
1690209714601768002,683906,0.4193822566429467,0.07756616544071411,0.0
1690209714601914744,683906,0.4193779615189431,0.07755335615221857,0.0
1690209714601925301,683906,0.4193513826308006,0.07763102782775362,0.0
1690209714608507024,683907,0.41942215417511797,0.07755563456916761,0.0
1690209714609157657,683907,0.41940185978799066,0.07753189109188281,0.0
1690209714609560157,683907,0.41944429150916873,0.07752243958322289,0.0
1690209714609681871,683907,0.41953385861677583,0.07746732479988763,0.0
1690209714609689985,683907,0.41956995397995667,0.07745434988424507,0.0
1690209714609984934,683907,0.41952091476682296,0.07747577003091162,0.0
1690209714610002918,683907,0.41951591013879563,0.07747448712334662,0.0
1690209714610011535,683907,0.4195800902775042,0.07737849399837608,0.0
1690209714610016394,683907,0.4195320031060953,0.07740937288942919,0.0
1690209714610048038,683907,0.4195232887833625,0.07738406276388742,0.0
1690209714617842226,683908,0.4195209870576395,0.07734341730485754,0.0
1690209714617988244,683908,0.41959676891799746,0.07722590245110919,0.0
1690209714618485590,683908,0.4196088134654558,0.07720694539129318,0.0
1690209714618505376,683908,0.4197125767319488,0.07715706984893768,0.0
1690209714618520361,683908,0.4197562201225537,0.07708582452802944,0.0
1690209714618538951,683908,0.41981886592108025,0.07707331781234782,0.0
1690209714618579989,683908,0.4198882453513693,0.07703682812926978,0.0
1690209714618591739,683908,0.41991322644064866,0.07712139538544859,0.0
1690209714618602591,683908,0.4199213757865155,0.07713684101276456,0.0
1690209714618609600,683908,0.4197826662382365,0.07729928281366942,0.0
1690209714625296781,683909,0.41981486282676733,0.07731044855301766,0.0
1690209714625952045,683909,0.41973961888666517,0.07735027450150664,0.0
1690209714626107544,683909,0.4196436138929611,0.07747208274680527,0.0
1690209714626552682,683909,0.41946116024132685,0.07759640502426368,0.0
1690209714626725027,683909,0.4194331608581828,0.07761360184361948,0.0
1690209714626935241,683909,0.41940838254729673,0.07759090373088505,0.0
1690209714626944787,683909,0.4193004381037261,0.07770628728459905,0.0
1690209714626950130,683909,0.4193917464084175,0.07762551739515985,0.0
1690209714626954013,683909,0.4193681777718041,0.07758369470650799,0.0
1690209714626969237,683909,0.41945832391021565,0.07754064807963566,0.0
1690209714632937130,683910,0.41948236893911955,0.07751579777136358,0.0
1690209714633477355,683910,0.4195527474012034,0.07746764739338158,0.0
1690209714634002930,683910,0.4195406967886839,0.07744645253498225,0.0
1690209714634116420,683910,0.4195388691675998,0.07745968462481981,0.0
1690209714634447274,683910,0.4196692114173498,0.07740114938081014,0.0
1690209714634462469,683910,0.4196183757883951,0.07741703648149795,0.0
1690209714634484493,683910,0.41960922504053166,0.07741248420324677,0.0
1690209714634493070,683910,0.4195555333727035,0.07745174452112479,0.0
1690209714634499468,683910,0.41963175653020884,0.07734411967854705,0.0
1690209714634526105,683910,0.4196290018075451,0.07733853274937466,0.0
1690209714643143847,683911,0.41951830197159984,0.07741661142394694,0.0
1690209714643434221,683911,0.4195664066614042,0.07734112489074232,0.0
1690209714644165851,683911,0.4195883366521371,0.07722184413860501,0.0
1690209714644343246,683911,0.419584394513108,0.07721891653231881,0.0
1690209714645226978,683911,0.41961437952537556,0.07720635718854034,0.0
1690209714645437106,683911,0.41962155822967584,0.07712928570853554,0.0
1690209714645777358,683911,0.41967970754375805,0.07706358264548825,0.0
1690209714645794381,683911,0.4196883862513368,0.07705725510123645,0.0
1690209714645804374,683911,0.4197805207489826,0.07702319913283863,0.0
1690209714645825887,683911,0.4197691679135343,0.07703113039100307,0.0
1690209714650239946,683912,0.4196835031873162,0.07717482902193037,0.0
1690209714650547340,683912,0.41971316222958377,0.07719984577936864,0.0
1690209714651368780,683912,0.41968269233427,0.07726731495012572,0.0
1690209714651389971,683912,0.4196209103839942,0.07737845737471125,0.0
1690209714651671811,683912,0.4194849985874606,0.07753006069899758,0.0
1690209714651684918,683912,0.4194628017872681,0.07755360617115256,0.0
1690209714651691239,683912,0.41942876558417974,0.07758023726005119,0.0
1690209714651706842,683912,0.4193026026102574,0.07772268353621575,0.0
1690209714651714079,683912,0.4192688931377967,0.07767726581506851,0.0
1690209714651719667,683912,0.4192046708946731,0.07773373551318699,0.0
1690209714658172311,683913,0.41919928161890546,0.07773366866490473,0.0
1690209714658393945,683913,0.41918565586691514,0.07775797155383996,0.0
1690209714659026776,683913,0.41921092350118216,0.07774272974458177,0.0
1690209714659179280,683913,0.4192015093262791,0.07774879632765003,0.0
1690209714659256694,683913,0.41936352051897696,0.07760398245407232,0.0
1690209714659505541,683913,0.41937356363886885,0.07758896086995797,0.0
1690209714659515537,683913,0.4194079239015663,0.07759834025520482,0.0
1690209714659524478,683913,0.4194301710373821,0.07753400513764705,0.0
1690209714659535571,683913,0.41946342301352957,0.0774788102419015,0.0
1690209714659541993,683913,0.4194782983369967,0.07741676753374835,0.0
1690209714666454136,683914,0.4195222861275399,0.07733839943994335,0.0
1690209714666888974,683914,0.4195372653776902,0.07727341693727391,0.0
1690209714667771233,683914,0.41949493146365097,0.07727186773814526,0.0
1690209714667955848,683914,0.4195928812408254,0.07713637180168799,0.0
1690209714668170681,683914,0.4196298982712383,0.07709408675730561,0.0
1690209714668517857,683914,0.4197132395163509,0.07697593623140336,0.0
1690209714668553817,683914,0.4197399760021046,0.07693061573823548,0.0
1690209714668571278,683914,0.4197324902372848,0.07697603488258639,0.0
1690209714668579259,683914,0.4197853273658655,0.07691700919810625,0.0
1690209714668589598,683914,0.41977963417635566,0.07688700143542594,0.0
1690209714675246072,683915,0.41971400117250357,0.07699868098115303,0.0
1690209714676343239,683915,0.41974032760668945,0.07697649212306296,0.0
1690209714676461073,683915,0.41970962048484406,0.07695692153002204,0.0
1690209714676811185,683915,0.4196301920447062,0.07708483514520713,0.0
1690209714677059378,683915,0.4196471278164984,0.07709306205145774,0.0
1690209714677067559,683915,0.41971984707577825,0.07702658797173263,0.0
1690209714677072368,683915,0.4196581826036794,0.07712140116089605,0.0
1690209714677106825,683915,0.41964270475789,0.07720270099057575,0.0
1690209714677111930,683915,0.4197539827891275,0.07711240209869641,0.0
1690209714677140949,683915,0.4196628519782371,0.07722303848758567,0.0
1690209714683025912,683916,0.4196191091521807,0.07730620148836052,0.0
1690209714684242819,683916,0.41958123851198526,0.07735415259618922,0.0
1690209714684260693,683916,0.4195465014211085,0.07736249639250012,0.0
1690209714684274718,683916,0.4194729950237851,0.07741956050077937,0.0
1690209714684285613,683916,0.41949388874981536,0.07742632295754114,0.0
1690209714684598742,683916,0.4195116561320327,0.07739391440624142,0.0
1690209714684615869,683916,0.41950919008423215,0.0773436422271494,0.0
1690209714684641576,683916,0.4194776419220927,0.07735758394877566,0.0
1690209714684662006,683916,0.4195152067745745,0.07735842324051467,0.0
1690209714684668732,683916,0.4195687021987785,0.07723998678235212,0.0
1690209714692061769,683917,0.4195058361248915,0.07731039444687929,0.0
1690209714693381430,683917,0.4195194676558374,0.0772851342387233,0.0
1690209714693727058,683917,0.41952606575837786,0.07723037830925453,0.0
1690209714694087868,683917,0.4195396817266688,0.07723918838297006,0.0
1690209714694099586,683917,0.4193929734247393,0.0773772967329143,0.0
1690209714694109585,683917,0.4194379537187477,0.07732353186681486,0.0
1690209714694142968,683917,0.41943152101665804,0.0772698468371837,0.0
1690209714694164089,683917,0.41943209375660584,0.0773126714880886,0.0
1690209714694177491,683917,0.4195168104442989,0.07722675635233373,0.0
1690209714694186595,683917,0.4194820099376135,0.07722642999745415,0.0
1690209714700406843,683918,0.4195243685679855,0.07718258677784151,0.0
1690209714700539708,683918,0.4195403784251661,0.07717956908957703,0.0
1690209714701886702,683918,0.41962190658392967,0.07711257618698082,0.0
1690209714702005723,683918,0.41954279250413085,0.07715464569074261,0.0
1690209714702236110,683918,0.4195444582578975,0.07714221085283668,0.0
1690209714702248326,683918,0.4195646513548478,0.07707477322369051,0.0
1690209714702268813,683918,0.4195840876603586,0.07705103233618292,0.0
1690209714702277025,683918,0.4195613196330031,0.07704420958432182,0.0
1690209714702339542,683918,0.41953064897617304,0.07709183616853282,0.0
1690209714702348318,683918,0.419569074736193,0.07701384286741163,0.0
1690209714708613953,683919,0.41957723714192213,0.07702746367947884,0.0
1690209714709852185,683919,0.4197075989975033,0.07693048349468501,0.0
1690209714710077402,683919,0.4196864918713572,0.07696957965049599,0.0
1690209714710382297,683919,0.4197007053602581,0.07698480972344517,0.0
1690209714710396820,683919,0.4196480824058246,0.07704422443712189,0.0
1690209714710404867,683919,0.41966973316230405,0.07711618913704739,0.0
1690209714710411715,683919,0.4196332899276474,0.07713437721474374,0.0
1690209714710431020,683919,0.4195146960916441,0.07724945346121934,0.0
1690209714710498877,683919,0.41949053246818785,0.07721310015843257,0.0
1690209714710527518,683919,0.4194307168533956,0.07725383146373647,0.0
1690209714717186256,683920,0.4194252670812599,0.0772782949171829,0.0
1690209714718276948,683920,0.4193635663137051,0.07732501109613354,0.0
1690209714718422815,683920,0.41934996038056715,0.07733500542455599,0.0
1690209714718802153,683920,0.41935613984109965,0.07729837552634852,0.0
1690209714718825995,683920,0.41941536629302384,0.0772722176185504,0.0
1690209714718843506,683920,0.41946187049429007,0.07721251527384175,0.0
1690209714718852035,683920,0.41945087833151057,0.0772338643766766,0.0
1690209714718858871,683920,0.4194295763991898,0.07724424408449238,0.0
1690209714718872850,683920,0.4194408965724614,0.07723994100329587,0.0
1690209714718906895,683920,0.4194840230212603,0.0772057919117294,0.0
1690209714724987868,683921,0.41940969108965315,0.07725913403489634,0.0
1690209714725194585,683921,0.4194050315066724,0.0772509079401603,0.0
1690209714725586609,683921,0.41940986144480585,0.0771663209169155,0.0
1690209714726181739,683921,0.4194388128450376,0.07715296387799805,0.0
1690209714726395572,683921,0.4194136628063933,0.07714158392168667,0.0
1690209714726412579,683921,0.41940873431616565,0.07716840159622741,0.0
1690209714726685603,683921,0.41942294223704,0.0771218107943684,0.0
1690209714726696500,683921,0.4193942819592811,0.07716137447549692,0.0
1690209714726704223,683921,0.4195296229547379,0.07705584871636824,0.0
1690209714726712615,683921,0.4195135371901023,0.07708162340742483,0.0
1690209714734467507,683922,0.41952045053841946,0.0771077160915521,0.0
1690209714734990573,683922,0.41946966439743233,0.07716924707513724,0.0
1690209714735333824,683922,0.41950881603099277,0.07721113623275078,0.0
1690209714736033914,683922,0.4194992062875039,0.07721467375730293,0.0
1690209714736179003,683922,0.4194015708029629,0.07732646768323446,0.0
1690209714736507718,683922,0.4193875366968922,0.07731571147042905,0.0
1690209714736526079,683922,0.41931489232287616,0.07736819465175528,0.0
1690209714736545958,683922,0.4193197411764096,0.07738581262844985,0.0
1690209714736555558,683922,0.4192644913069592,0.07743766469108428,0.0
1690209714736566081,683922,0.41927054783997614,0.07743791233560636,0.0
1690209714742279504,683923,0.41927016694010183,0.07739352309466184,0.0
1690209714742365106,683923,0.419279092536997,0.07741554595623845,0.0
1690209714743290598,683923,0.4193365557354579,0.0773561343205723,0.0
1690209714743531665,683923,0.4193173861321442,0.07738545059368108,0.0
1690209714743543470,683923,0.41938969896076533,0.07731082126388983,0.0
1690209714743554840,683923,0.4193867089561091,0.07732339487363352,0.0
1690209714743566623,683923,0.41944937631878965,0.077300701883998,0.0
1690209714743638035,683923,0.41938457852586963,0.07733038519933864,0.0
1690209714743652296,683923,0.4193898229490775,0.07730359310191784,0.0
1690209714743680658,683923,0.4193830437880808,0.07724791007538111,0.0
1690209714750558787,683924,0.4194205619275374,0.07720999957757925,0.0
1690209714750880611,683924,0.41939839299587034,0.07718764049709544,0.0
1690209714751671074,683924,0.41935742108679874,0.07721259348053844,0.0
1690209714751826484,683924,0.4194258856436137,0.07710882813697242,0.0
1690209714752173311,683924,0.4194546073454347,0.07709218925749058,0.0
1690209714752187288,683924,0.4195876397137538,0.07698048092458701,0.0
1690209714752196106,683924,0.4195744024015816,0.07700251769229641,0.0
1690209714752204816,683924,0.41956544115567884,0.07703091525929198,0.0
1690209714752214296,683924,0.4195716189035957,0.07702962781312134,0.0
1690209714752225655,683924,0.4195737744041306,0.07709324826297069,0.0
1690209714760743133,683925,0.41949103018942147,0.07723476210374168,0.0
1690209714762124594,683925,0.4194143992611836,0.07733286381950935,0.0
1690209714762518821,683925,0.41935734615480547,0.07732840816556871,0.0
1690209714762890904,683925,0.41927578684119327,0.07744244280162381,0.0
1690209714762910152,683925,0.41925460034440365,0.07747555258795566,0.0
1690209714762925451,683925,0.41917514860708205,0.07752179092640187,0.0
1690209714762933446,683925,0.4190843922497968,0.07762432683352459,0.0
1690209714762961117,683925,0.41905992230420824,0.07763395932910595,0.0
1690209714762978224,683925,0.41917516482731565,0.07754176772280835,0.0
1690209714762990054,683925,0.4191621546976421,0.07756266416389748,0.0
1690209714767042253,683926,0.4191612658515428,0.07758452405608181,0.0
1690209714767216117,683926,0.41924924919688267,0.07747564893752491,0.0
1690209714767419967,683926,0.41926745067806753,0.07747620401445333,0.0
1690209714767546743,683926,0.41930514147985254,0.07749134342182254,0.0
1690209714767702026,683926,0.4192609379872678,0.07749027627461125,0.0
1690209714768301563,683926,0.4192754525441872,0.07743269007953602,0.0
1690209714768429874,683926,0.4192321763237798,0.07742169130500581,0.0
1690209714768569931,683926,0.4192766137975933,0.07733923020310149,0.0
1690209714768585946,683926,0.41928769095544716,0.0772876902780641,0.0
1690209714768594431,683926,0.41919628974091105,0.07730008203876382,0.0
1690209714775398066,683927,0.41922641606783184,0.07721210433622916,0.0
1690209714776080268,683927,0.4192533762195685,0.07714520681047835,0.0
1690209714776633942,683927,0.4193516745067223,0.07704483885459477,0.0
1690209714776848072,683927,0.4193327404573234,0.07705169655780465,0.0
1690209714777141905,683927,0.41931809716922575,0.07709356497439263,0.0
1690209714777164387,683927,0.4194575650623391,0.07698359039959622,0.0
1690209714777174676,683927,0.41946673096626685,0.07702329134055902,0.0
1690209714777193500,683927,0.41945435734009157,0.07714915307741238,0.0
1690209714777204210,683927,0.4194365774712876,0.0771812531518247,0.0
1690209714777216893,683927,0.4194098273811635,0.07720522999893512,0.0
1690209714784106981,683928,0.4193501885317987,0.07733928399096178,0.0
1690209714785277593,683928,0.4193344793067191,0.07741950276167696,0.0
1690209714785454062,683928,0.4193277217091654,0.07742669021998937,0.0
1690209714785635468,683928,0.4191315236973895,0.07764120589749264,0.0
1690209714785815566,683928,0.4191052985728593,0.07771510301574844,0.0
1690209714785829187,683928,0.41913975360832234,0.07766766432857652,0.0
1690209714785941883,683928,0.41903179725152234,0.0777863139892317,0.0
1690209714786052337,683928,0.4189624653009727,0.0778248300257732,0.0
1690209714786206196,683928,0.418978038346238,0.07776353194115711,0.0
1690209714786214468,683928,0.41899528229854954,0.0777166775984581,0.0
1690209714792480256,683929,0.41894086427132377,0.07775941097732653,0.0
1690209714793155830,683929,0.41902335412612235,0.07764695202288042,0.0
1690209714793353038,683929,0.4190518816006752,0.07755921613392923,0.0
1690209714793363795,683929,0.4191230684075859,0.07744736370531473,0.0
1690209714793486835,683929,0.419226928148201,0.07732094545706997,0.0
1690209714793972908,683929,0.4193181632555119,0.07726742668057851,0.0
1690209714794116546,683929,0.4193439001027361,0.07718346577560158,0.0
1690209714794275031,683929,0.41936943909148294,0.07715624281516964,0.0
1690209714794416800,683929,0.41944982082788834,0.07711208902766867,0.0
1690209714794429842,683929,0.4194682373073965,0.07707480414509969,0.0
1690209714799838568,683930,0.4194624224722517,0.07705949100774011,0.0
1690209714800680320,683930,0.41930681912923906,0.07720629809889652,0.0
1690209714800810252,683930,0.4193376421268114,0.07718319069074059,0.0
1690209714800888192,683930,0.4192897249557891,0.07718442892874366,0.0
1690209714801297998,683930,0.41915320760359553,0.07736340100202432,0.0
1690209714801532642,683930,0.4191854539756334,0.07734545328253094,0.0
1690209714801540653,683930,0.4191510269247978,0.07733071986277866,0.0
1690209714801560093,683930,0.4191588712676878,0.0773821784614828,0.0
1690209714801570487,683930,0.41912770312702474,0.07748640989791632,0.0
1690209714801584317,683930,0.41916921739267776,0.07744301082192916,0.0
1690209714808563502,683931,0.4190924685799269,0.07754851881897848,0.0
1690209714809523679,683931,0.4190542949103684,0.07764047243647772,0.0
1690209714809725938,683931,0.4191216067271697,0.07760881761419944,0.0
1690209714809734871,683931,0.41906308595039987,0.077700086680506,0.0
1690209714810089837,683931,0.4190021253684633,0.07774929081853535,0.0
1690209714810103579,683931,0.41903279580846053,0.07773501552421697,0.0
1690209714810116326,683931,0.41904335048058694,0.07769672246563578,0.0
1690209714810126474,683931,0.41900800381272896,0.07773437936631634,0.0
1690209714810135643,683931,0.4190769597907775,0.07765743267339723,0.0
1690209714810140835,683931,0.419114905655164,0.07757707022853491,0.0
1690209714817805724,683932,0.41925924088436534,0.07738818973468035,0.0
1690209714818231606,683932,0.419298246214143,0.07732497304568958,0.0
1690209714818904302,683932,0.4193979288440094,0.0772999680409994,0.0
1690209714819174908,683932,0.4194396415919457,0.07720349749735597,0.0
1690209714819583362,683932,0.41943706147111415,0.07720598176887372,0.0
1690209714819823696,683932,0.4194801508398325,0.07721029228344828,0.0
1690209714820144083,683932,0.41948507330735196,0.07716701130730308,0.0
1690209714820163885,683932,0.41948774253007043,0.07714895573108614,0.0
1690209714820177046,683932,0.4192997962401821,0.07733575724683925,0.0
1690209714820199197,683932,0.41935152489887456,0.07727406058173845,0.0
1690209714825902779,683933,0.4193347229130734,0.07725071174569957,0.0
1690209714826308492,683933,0.4192105491709727,0.07737200135752008,0.0
1690209714827113148,683933,0.419220857425924,0.07734368783815877,0.0
1690209714827132661,683933,0.41921105133641257,0.07727987678913613,0.0
1690209714827509525,683933,0.4191963931693378,0.07731254323053353,0.0
1690209714827522405,683933,0.41917813223445133,0.07735625520014787,0.0
1690209714827535001,683933,0.41925601507557286,0.07725834424742538,0.0
1690209714827545185,683933,0.4192499992977527,0.0772875392308443,0.0
1690209714827554960,683933,0.4192410654064394,0.07731340654659555,0.0
1690209714827561626,683933,0.4193381159563084,0.07731716649442158,0.0
1690209714834463146,683934,0.41931923341238564,0.07734985728249695,0.0
1690209714835579483,683934,0.4192706287909728,0.07745286176829007,0.0
1690209714835849943,683934,0.4192940100568863,0.07746494364665113,0.0
1690209714836233957,683934,0.41928920213952947,0.07751111997858158,0.0
1690209714836246022,683934,0.4192554951401574,0.07756391355946547,0.0
1690209714836266197,683934,0.4190772811661961,0.07772691573765947,0.0
1690209714836289346,683934,0.41909306059211243,0.0777212996131888,0.0
1690209714836303635,683934,0.4191142687806988,0.07758450038013699,0.0
1690209714836320152,683934,0.41900702588847316,0.0776669855268699,0.0
1690209714836343431,683934,0.41899416041757565,0.07760639640463818,0.0
1690209714842626996,683935,0.4189799227507571,0.0775425673902488,0.0
1690209714844069233,683935,0.41902181618471807,0.07746900174750898,0.0
1690209714844317103,683935,0.4190051795452051,0.07745190072730271,0.0
1690209714844379465,683935,0.41921957593353776,0.0772310348633758,0.0
1690209714844660966,683935,0.4192424947313905,0.07715411126224615,0.0
1690209714844679679,683935,0.41936457370084346,0.07709554317379867,0.0
1690209714844693514,683935,0.4195357408774146,0.0769197518276785,0.0
1690209714844703341,683935,0.4195669379812561,0.07692006805897059,0.0
1690209714844712082,683935,0.41956487913996743,0.07694937691028027,0.0
1690209714844725553,683935,0.4195619452281058,0.07693651293344467,0.0
1690209714850341136,683936,0.41960109233219184,0.07691115407460959,0.0
1690209714850604787,683936,0.41955042633894385,0.07697844148883291,0.0
1690209714851463960,683936,0.41951862313995725,0.07699509742199172,0.0
1690209714851529697,683936,0.41949410591116343,0.07700456882816976,0.0
1690209714851954357,683936,0.4194518176086607,0.0770495721513868,0.0
1690209714851967270,683936,0.41945386893382564,0.07705192781581272,0.0
1690209714851982878,683936,0.41943563212109036,0.07711818784914384,0.0
1690209714851994179,683936,0.4194429634791956,0.0771261091037711,0.0
1690209714852009588,683936,0.41944290860715283,0.07716671942291169,0.0
1690209714852025269,683936,0.4194504861213895,0.07719372664003209,0.0
1690209714858899584,683937,0.4194394984694162,0.07724604325861292,0.0
1690209714858916799,683937,0.4194247328744,0.07728588276677113,0.0
1690209714858929463,683937,0.4192660255646192,0.07743155777136577,0.0
1690209714859020381,683937,0.4192833539296411,0.07743647110602155,0.0
1690209714859186399,683937,0.4192334238957412,0.07741086183257613,0.0
1690209714859762064,683937,0.4191733849664753,0.07747148005840644,0.0
1690209714859877346,683937,0.4191584347645778,0.07742493198825916,0.0
1690209714860094861,683937,0.41917231864921767,0.0773553558491783,0.0
1690209714860111900,683937,0.4192126529314495,0.07727911093468223,0.0
1690209714860125199,683937,0.4192227668087082,0.07726369768176335,0.0
1690209714868070526,683938,0.4194160953858881,0.07706695345786496,0.0
1690209714868456306,683938,0.41941408372509176,0.07702969762511513,0.0
1690209714869540106,683938,0.4194236035049605,0.07704290129052088,0.0
1690209714869707504,683938,0.419518014480024,0.0769450503256048,0.0
1690209714869897752,683938,0.4195153840965762,0.07694615246895758,0.0
1690209714870084743,683938,0.4195131100349893,0.07696689264449043,0.0
1690209714870287015,683938,0.41950846608732845,0.07694983779572975,0.0
1690209714870298692,683938,0.4195111921174444,0.07692028869194857,0.0
1690209714870304556,683938,0.41947067548221345,0.07697316883373262,0.0
1690209714870335013,683938,0.4194500561802109,0.07699048282323977,0.0
1690209714875097553,683939,0.4194715892971869,0.07695359590065776,0.0
1690209714875371052,683939,0.4194657183083789,0.07697961971081717,0.0
1690209714875513312,683939,0.4194646642836837,0.0769988573401892,0.0
1690209714875770176,683939,0.4195000119935163,0.07703810769866878,0.0
1690209714876413378,683939,0.4194951704745744,0.07705505678143695,0.0
1690209714876526102,683939,0.41947795341762867,0.07712554532491085,0.0
1690209714876743129,683939,0.4194853991860641,0.0771605468492465,0.0
1690209714876755533,683939,0.41947057206964394,0.07721497112545614,0.0
1690209714876760255,683939,0.41944778386338866,0.0772525246540452,0.0
1690209714876766613,683939,0.41925116819822034,0.0774379066791588,0.0
1690209714884685754,683940,0.41924206091724414,0.07745030806158015,0.0
1690209714884963271,683940,0.4191985866771938,0.07739298345500256,0.0
1690209714885152302,683940,0.4190962063849911,0.07748507913939932,0.0
1690209714885400067,683940,0.4191046928260554,0.0774302944240375,0.0
1690209714886394229,683940,0.41909365940695853,0.0773580044786799,0.0
1690209714886574033,683940,0.4191145190633279,0.07731744093207507,0.0
1690209714886945304,683940,0.41914754483668865,0.07729963729339501,0.0
1690209714886964843,683940,0.4192465319136216,0.0771706874355679,0.0
1690209714886976974,683940,0.41926939131155605,0.07711701971949489,0.0
1690209714887000920,683940,0.41916042749957755,0.07725984359578708,0.0
1690209714891706245,683941,0.41924946104139943,0.07716434064167334,0.0
1690209714892412946,683941,0.41923168536025635,0.07714979995017443,0.0
1690209714892517992,683941,0.419143252089797,0.07724940768556181,0.0
1690209714892744302,683941,0.4191811521269154,0.0772116498134076,0.0
1690209714892751512,683941,0.4191664497267,0.07717561433012221,0.0
1690209714892771465,683941,0.4191518518344404,0.0772150029910898,0.0
1690209714892778627,683941,0.41913575498231254,0.07723255880588284,0.0
1690209714892781324,683941,0.41917696557485584,0.07716375780198695,0.0
1690209714892783883,683941,0.41917390495147827,0.07717788081334384,0.0
1690209714892799578,683941,0.4191378944774904,0.07721751596269333,0.0
1690209714899682603,683942,0.41920331022444535,0.07723756882502521,0.0
1690209714899836465,683942,0.41917967296115344,0.0772827369910533,0.0
1690209714899918313,683942,0.41915293918846797,0.07734798631048533,0.0
1690209714900391903,683942,0.41916188998217496,0.07738371006968293,0.0
1690209714900460340,683942,0.41914226992445114,0.07741155739054811,0.0
1690209714900704042,683942,0.41911593635187816,0.07746457774445796,0.0
1690209714900718735,683942,0.4190118010215389,0.07755627008217396,0.0
1690209714900728088,683942,0.41902072330796797,0.07753824613531765,0.0
1690209714900739524,683942,0.41908037372716456,0.0773891486520236,0.0
1690209714900751387,683942,0.41902896347837837,0.07742185635378013,0.0
1690209714908892301,683943,0.4190705445108007,0.0773698347350532,0.0
1690209714910299565,683943,0.41910940954314435,0.07725193206472791,0.0
1690209714910311380,683943,0.4191508583641779,0.07721692989562719,0.0
1690209714910447723,683943,0.4192140442672163,0.07718882170510623,0.0
1690209714910744283,683943,0.4193250333067477,0.07704927114057593,0.0
1690209714910755880,683943,0.4193527746758942,0.07697855978689579,0.0
1690209714910763551,683943,0.41927154507341347,0.07710701528760094,0.0
1690209714910770356,683943,0.4193955128133427,0.07695694481277311,0.0
1690209714910829396,683943,0.4193903061831243,0.07694913608235485,0.0
1690209714910839457,683943,0.41927823103642936,0.07708414321258718,0.0
1690209714918460749,683944,0.41928875155278217,0.07707212961896645,0.0
1690209714918625431,683944,0.41928703359381575,0.07702003001414334,0.0
1690209714919027107,683944,0.4192306200092074,0.07710671373115605,0.0
1690209714919044031,683944,0.4191798217509984,0.07721321163281088,0.0
1690209714919051621,683944,0.4192186389478673,0.07714998879737062,0.0
1690209714919061800,683944,0.41912462203215345,0.07727574103063327,0.0
1690209714919111718,683944,0.41908276065462213,0.07735888504786846,0.0
1690209714919135704,683944,0.419092056483555,0.07739317494802475,0.0
1690209714919152894,683944,0.4190100153916344,0.07749010102111312,0.0
1690209714919166047,683944,0.418918565833312,0.07754629384199556,0.0
1690209714925221540,683945,0.4189215322769704,0.07756529993708469,0.0
1690209714926070323,683945,0.418926384202925,0.07757895574319719,0.0
1690209714926243508,683945,0.4188907150878163,0.0775983326428279,0.0
1690209714926744046,683945,0.41887920654690314,0.07760547123597339,0.0
1690209714926752255,683945,0.4189063240474619,0.0775583416033502,0.0
1690209714926771602,683945,0.41903257270351496,0.07735245194775955,0.0
1690209714926778451,683945,0.41901194370123795,0.07732253899214911,0.0
1690209714926805739,683945,0.4190598869666918,0.07728037833885648,0.0
1690209714926811968,683945,0.4190937763496675,0.07715192411646014,0.0
1690209714926816599,683945,0.4191103069287624,0.07709505839932311,0.0
1690209714933782142,683946,0.4191577289002303,0.07707414278755308,0.0
1690209714934106640,683946,0.41922189809708665,0.07697886599526535,0.0
1690209714935084325,683946,0.41922703525433824,0.0769495516561114,0.0
1690209714935376089,683946,0.41910120342660934,0.07710499864007885,0.0
1690209714935718924,683946,0.4192001126869417,0.077009832354559,0.0
1690209714935730588,683946,0.41916958430716056,0.07701881931873407,0.0
1690209714935748077,683946,0.4190858935141713,0.07717023909740345,0.0
1690209714935777532,683946,0.4191097239907829,0.07716504072339289,0.0
1690209714935792600,683946,0.419113936076528,0.07715209456662409,0.0
1690209714935816280,683946,0.41905910698061766,0.07726306153542438,0.0
1690209714942013359,683947,0.41901793662174214,0.07737542251602152,0.0
1690209714943420763,683947,0.4190482898800655,0.07732668283244222,0.0
1690209714943733606,683947,0.418912854609683,0.07748902544900739,0.0
1690209714944070332,683947,0.4189004804494038,0.07754692244152013,0.0
1690209714944088722,683947,0.4189312755962049,0.07756367967752924,0.0
1690209714944097402,683947,0.4188573108418474,0.077654759941452,0.0
1690209714944103243,683947,0.41877677529516205,0.07769342130685325,0.0
1690209714944118438,683947,0.41878714079695695,0.07769520524382155,0.0
1690209714944184221,683947,0.41878727099058033,0.07769437177950322,0.0
1690209714944202187,683947,0.4187348236523768,0.0777219325644567,0.0
1690209714951384329,683948,0.4187429966367936,0.07771266204477408,0.0
1690209714952090967,683948,0.41876336554044163,0.07767392943839861,0.0
1690209714952245435,683948,0.41889796103121013,0.07750482243291604,0.0
1690209714952434602,683948,0.4189322904430284,0.07745404051860146,0.0
1690209714952773851,683948,0.41896272127567125,0.07742474929092473,0.0
1690209714952974338,683948,0.4190054069679015,0.07731900120021061,0.0
1690209714953255911,683948,0.41903688553861707,0.07723341892385678,0.0
1690209714953267067,683948,0.4190748196088965,0.07722594470052688,0.0
1690209714953282298,683948,0.41913351810661165,0.07713985949817456,0.0
1690209714953308025,683948,0.4191609537136253,0.07704883985434713,0.0
1690209714958328222,683949,0.41917859209488606,0.07701203946023813,0.0
1690209714958855243,683949,0.4192747143530127,0.07690582173785863,0.0
1690209714959380421,683949,0.41931058291425766,0.07689657964611389,0.0
1690209714959388219,683949,0.419274899074849,0.07694749484400372,0.0
1690209714959473381,683949,0.4192834660558017,0.07694552484245845,0.0
1690209714959706789,683949,0.41931399987422513,0.07695189846936709,0.0
1690209714959720905,683949,0.41932453804653047,0.07697687400123923,0.0
1690209714959727691,683949,0.4192942620533698,0.07705591475901803,0.0
1690209714959732609,683949,0.4191815438415726,0.07717722954606375,0.0
1690209714959748210,683949,0.41908209473439884,0.07728449701333306,0.0
1690209714966493973,683950,0.41904947140097665,0.07733494107579149,0.0
1690209714967288001,683950,0.41898553888952145,0.07739991024311618,0.0
1690209714967360414,683950,0.41888925791566867,0.07748511799506201,0.0
1690209714967635673,683950,0.41884344758125586,0.07747561905135533,0.0
1690209714967735023,683950,0.4188250804964143,0.0774828319661185,0.0
1690209714968218081,683950,0.41881318181208743,0.07750640101644968,0.0
1690209714968228851,683950,0.41883215362517584,0.07747700729842508,0.0
1690209714968233322,683950,0.4188383473445661,0.07747428312530312,0.0
1690209714968264388,683950,0.41887514488307337,0.07742947717624624,0.0
1690209714968276445,683950,0.41896516446344756,0.07739088206209493,0.0
1690209714975145227,683951,0.41901887680344146,0.07732916953567845,0.0
1690209714975817143,683951,0.4190210308606658,0.07735390000417809,0.0
1690209714976452920,683951,0.41901497049342623,0.07734021034535825,0.0
1690209714976531550,683951,0.4190348294395881,0.07732316838851469,0.0
1690209714976844739,683951,0.419057412901924,0.07730752112860309,0.0
1690209714976857446,683951,0.4189718779097979,0.0773677712923672,0.0
1690209714976867727,683951,0.41897721034289626,0.07734863519886048,0.0
1690209714976876199,683951,0.41897793048202947,0.07726865646126714,0.0
1690209714976886250,683951,0.41900223828364985,0.07723368719303252,0.0
1690209714976894426,683951,0.41901620237030435,0.07719554624528456,0.0
1690209714984080971,683952,0.418965225405012,0.07724361253712804,0.0
1690209714984308135,683952,0.41902738380599747,0.0771452106898126,0.0
1690209714985168198,683952,0.41904610219985866,0.07714239046738616,0.0
1690209714985190758,683952,0.41918138771617186,0.07704673002909256,0.0
1690209714985540894,683952,0.4191670690035867,0.077072400272307,0.0
1690209714985562497,683952,0.4191727192336858,0.07711346358500432,0.0
1690209714985576286,683952,0.4191374361305578,0.07715233725411808,0.0
1690209714985589921,683952,0.41918916225380004,0.07719589270663277,0.0
1690209714985600173,683952,0.4191377852778082,0.07726318102534223,0.0
1690209714985608781,683952,0.4190372507483912,0.07736550229628666,0.0
1690209714992089182,683953,0.4189956363328788,0.07735761363036292,0.0
1690209714992266055,683953,0.41890192824850764,0.07746037562207736,0.0
1690209714993471245,683953,0.418889142684705,0.07747877694360256,0.0
1690209714993486793,683953,0.4187578229419997,0.07758439735689578,0.0
1690209714993501853,683953,0.41876267377065146,0.07758669135864175,0.0
1690209714993555776,683953,0.4187461948767201,0.07754697016171284,0.0
1690209714993570184,683953,0.41879031788546933,0.0775300768325463,0.0
1690209714993580423,683953,0.4188171950026781,0.07749626709217754,0.0
1690209714993589907,683953,0.41881526039758366,0.07750500541644872,0.0
1690209714993631980,683953,0.4188981610303508,0.0774437464698396,0.0
1690209715000238985,683954,0.41887787658502024,0.07748795832438271,0.0
1690209715001161960,683954,0.4189684768491602,0.07744373760159877,0.0
1690209715001443989,683954,0.4189171561402895,0.07746257992132176,0.0
1690209715001504675,683954,0.4189192848687129,0.07745615100110462,0.0
1690209715001741464,683954,0.4189626754091585,0.07743466200726694,0.0
1690209715001845871,683954,0.4189758881850536,0.077431227349136,0.0
1690209715001866852,683954,0.418977481718092,0.07742650010229223,0.0
1690209715001878219,683954,0.4188933828273644,0.07750031307829751,0.0
1690209715001888370,683954,0.41895393705116046,0.07743010782836963,0.0
1690209715001916091,683954,0.4189582120443003,0.07742973582505613,0.0
1690209715008577830,683955,0.4189143581293336,0.07745414964384786,0.0
1690209715009943186,683955,0.4189105032152502,0.07744623062915418,0.0
1690209715010054969,683955,0.4189171182681982,0.077353929334913,0.0
1690209715010405885,683955,0.4189653746233011,0.07731240433913075,0.0
1690209715010413577,683955,0.4189843850317112,0.07730108687013242,0.0
1690209715010416993,683955,0.4189755440541538,0.07732880163685506,0.0
1690209715010421810,683955,0.4189897620156779,0.0773019624266771,0.0
1690209715010436757,683955,0.41896750395326476,0.07731716659656304,0.0
1690209715010445295,683955,0.41908172148097034,0.07724858836025394,0.0
1690209715010457323,683955,0.41905430860036696,0.07728397094798133,0.0
1690209715016734054,683956,0.4190175298569714,0.0773714317264993,0.0
1690209715017628434,683956,0.41900466627518884,0.07739644738656533,0.0
1690209715017698198,683956,0.41903243988130073,0.07742145109356055,0.0
1690209715017980345,683956,0.41903437447634395,0.07742923453193641,0.0
1690209715017991054,683956,0.41893608443453667,0.07752576666342033,0.0
1690209715017996774,683956,0.4189198295366057,0.07750740849126175,0.0
1690209715018009724,683956,0.4188558782854007,0.07755186579659747,0.0
1690209715018020991,683956,0.4188540403888309,0.07757466727147212,0.0
1690209715018026576,683956,0.4187632242549244,0.07763585046499429,0.0
1690209715018031013,683956,0.41875585797655057,0.07763562071013602,0.0
1690209715026754838,683957,0.41872849524974387,0.07760679896855133,0.0
1690209715027627765,683957,0.41875247445530683,0.07762577294547778,0.0
1690209715027814483,683957,0.41881834715234373,0.07755076705961535,0.0
1690209715027828125,683957,0.41880153387156527,0.07754490859583839,0.0
1690209715027836969,683957,0.418845208224494,0.07750419857601809,0.0
1690209715028011999,683957,0.41885739510708986,0.07750838693373216,0.0
1690209715028018738,683957,0.4189494189063495,0.0774131773461055,0.0
1690209715028031324,683957,0.41889087360093996,0.07745474862222192,0.0
1690209715028038003,683957,0.4188845989927831,0.07744545053302228,0.0
1690209715028065896,683957,0.41894869123931855,0.07736161884443293,0.0
1690209715033874125,683958,0.418942010361051,0.07737234823871066,0.0
1690209715034606891,683958,0.41889011060871184,0.07742847064453529,0.0
1690209715034645375,683958,0.41887590577478406,0.07749911270949307,0.0
1690209715035032369,683958,0.4189260683506098,0.07744442266741443,0.0
1690209715035183451,683958,0.4189123183482928,0.07750255182436476,0.0
1690209715035191455,683958,0.41886914717496926,0.07757236901204204,0.0
1690209715035326468,683958,0.41888366711738556,0.07758106598689946,0.0
1690209715035333598,683958,0.41886806623299017,0.07753326853866296,0.0
1690209715035338998,683958,0.41873369328179527,0.07766273745091128,0.0
1690209715035347810,683958,0.41874674165658776,0.07767030004779046,0.0
1690209715043144849,683959,0.4186810312170176,0.07764391447242756,0.0
1690209715043601228,683959,0.4186011466697328,0.07769879025231162,0.0
1690209715043654791,683959,0.4185813246387962,0.07766163668053302,0.0
1690209715043783009,683959,0.41868911811300463,0.07751522608372811,0.0
1690209715043789217,683959,0.4186958409873326,0.07747508092607194,0.0
1690209715043793654,683959,0.41867029914779785,0.07753881785509328,0.0
1690209715043796999,683959,0.41886173555307504,0.07734717488925562,0.0
1690209715043809261,683959,0.41891435777558594,0.07731837717889643,0.0
1690209715043816617,683959,0.4189738003739576,0.0773121015682822,0.0
1690209715043820511,683959,0.4190213461292481,0.07725307681206751,0.0
1690209715050183154,683960,0.4190520213139447,0.07724853206753085,0.0
1690209715050593948,683960,0.4189912362801018,0.07728227711572509,0.0
1690209715050627055,683960,0.4189542324414946,0.07732240734721205,0.0
1690209715050830924,683960,0.418961450702224,0.07734225814707588,0.0
1690209715050838717,683960,0.4188409633234601,0.07744554701348043,0.0
1690209715050842010,683960,0.4188128145836427,0.07742533487068705,0.0
1690209715050853235,683960,0.41875815346010514,0.07750432300817507,0.0
1690209715050856475,683960,0.41880000718304655,0.07748504254267889,0.0
1690209715050861217,683960,0.41876930961422687,0.07747538046595347,0.0
1690209715050895135,683960,0.4187015081674896,0.07756463225472107,0.0
1690209715059013128,683961,0.4187174567446635,0.07756756103343422,0.0
1690209715059238986,683961,0.41878192588841345,0.07749313325504208,0.0
1690209715059791538,683961,0.41872369959802624,0.07755741448428682,0.0
1690209715059815166,683961,0.41870181297513237,0.07760486597020913,0.0
1690209715060020574,683961,0.4187814267259515,0.07749879697687968,0.0
1690209715060028599,683961,0.41878178783311537,0.07751533974052224,0.0
1690209715060040553,683961,0.41874705754941655,0.0775859407881665,0.0
1690209715060051184,683961,0.41874694100052323,0.07764534436117536,0.0
1690209715060057748,683961,0.4187791959530275,0.07760251438843782,0.0
1690209715060061834,683961,0.4187829667063099,0.07764559102170011,0.0
1690209715067468553,683962,0.41873844778083086,0.07771656770653353,0.0
1690209715068208284,683962,0.41873552348564996,0.07774374455405167,0.0
1690209715068334156,683962,0.4187242745921579,0.07769042849170633,0.0
1690209715068488669,683962,0.4186471992231444,0.07777761013351978,0.0
1690209715069038765,683962,0.4186688028965687,0.0777696213670053,0.0
1690209715069151075,683962,0.4186207926965185,0.0777838973537147,0.0
1690209715069395021,683962,0.41857443015964224,0.07780826215544978,0.0
1690209715069413742,683962,0.4185261159286676,0.0778070501775349,0.0
1690209715069425246,683962,0.41865731632047704,0.07770515937802826,0.0
1690209715069433310,683962,0.4186682514864851,0.07766742285008273,0.0
1690209715077552622,683963,0.4186951159952914,0.07766652307021667,0.0
1690209715078648971,683963,0.41873796173283545,0.07762828610088338,0.0
1690209715078836580,683963,0.4187924532806714,0.07765038386144034,0.0
1690209715079170357,683963,0.41876410349644916,0.07766196916037084,0.0
1690209715079298377,683963,0.4186895884007229,0.07773378162102434,0.0
1690209715079323973,683963,0.4187237741421801,0.07772093987205687,0.0
1690209715079338871,683963,0.41868706249736365,0.07771881820185765,0.0
1690209715079512517,683963,0.41867221975545665,0.07775580980148265,0.0
1690209715079713132,683963,0.4185770649023498,0.07787500107505581,0.0
1690209715079938432,683963,0.41856717110926134,0.07787015337623009,0.0
1690209715084116247,683964,0.41854914116637426,0.07782716598488305,0.0
1690209715085169296,683964,0.4184603652235751,0.07795776386255127,0.0
1690209715085440740,683964,0.4185252521530774,0.07788794117363196,0.0
1690209715085512804,683964,0.4185241179442676,0.07784773396307239,0.0
1690209715085712905,683964,0.41850595764435383,0.07786222607570785,0.0
1690209715085721612,683964,0.41849892491424906,0.07787325971613084,0.0
1690209715085733045,683964,0.4185819742482424,0.07777629094812201,0.0
1690209715085742231,683964,0.4184986971945124,0.07784248314680606,0.0
1690209715085752822,683964,0.4184937021693773,0.07782604739011811,0.0
1690209715085759641,683964,0.41858587541987324,0.07774666243026286,0.0
1690209715093455226,683965,0.4185937012227371,0.07775535317653802,0.0
1690209715094710339,683965,0.4185801337259323,0.07779624892712846,0.0
1690209715094995119,683965,0.4185521671451295,0.07786752884597906,0.0
1690209715095344881,683965,0.4185945334297414,0.07783098323699952,0.0
1690209715095362562,683965,0.4186073119178933,0.07785731306103147,0.0
1690209715095371562,683965,0.4185645899336021,0.07793358471690302,0.0
1690209715095394572,683965,0.4185509520068772,0.07799067606588729,0.0
1690209715095422120,683965,0.4185721264441056,0.07791786289131208,0.0
1690209715095444769,683965,0.41845427109351807,0.07804104543983481,0.0
1690209715095458414,683965,0.4184671228456639,0.07805170308559979,0.0
1690209715101443897,683966,0.4184206359101788,0.07804474359234984,0.0
1690209715101766225,683966,0.41838701427387603,0.07803633852435554,0.0
1690209715101937785,683966,0.418343197253249,0.07801365337837943,0.0
1690209715101953792,683966,0.4184550339169591,0.07790073178145608,0.0
1690209715101978196,683966,0.4184717657251248,0.07783997348701543,0.0
1690209715102004402,683966,0.4184596992897768,0.07787411004673998,0.0
1690209715102114588,683966,0.418582665591273,0.07774813137899281,0.0
1690209715102244461,683966,0.41864907987207667,0.07774165604602118,0.0
1690209715102395256,683966,0.41877290828005065,0.07764718429280618,0.0
1690209715102479085,683966,0.4187449353723174,0.07766797370567452,0.0
1690209715108909250,683967,0.4188301315291395,0.07763625950456264,0.0
1690209715109207640,683967,0.4188114493951266,0.07762308622259606,0.0
1690209715109750175,683967,0.4187786790895028,0.07768699037630666,0.0
1690209715109854623,683967,0.41874926132114143,0.07775218143155647,0.0
1690209715110335007,683967,0.41866325636110985,0.07781167248405295,0.0
1690209715110436206,683967,0.41865273226971,0.07778134568478116,0.0
1690209715110685141,683967,0.41857391046966813,0.07789472845446065,0.0
1690209715110701369,683967,0.41859509218564384,0.07787495057933383,0.0
1690209715110710314,683967,0.4185816688592159,0.07786375670463046,0.0
1690209715110725998,683967,0.4185350462821207,0.07792669657500756,0.0
1690209715116521980,683968,0.41858344202739584,0.07791144795400405,0.0
1690209715117570486,683968,0.4186352956345192,0.07784436565113183,0.0
1690209715117681033,683968,0.4185950821080296,0.07789733789162835,0.0
1690209715118023983,683968,0.4185679642992935,0.07794479680810151,0.0
1690209715118038482,683968,0.41862695072833733,0.07783955795531096,0.0
1690209715118057195,683968,0.41861483236202335,0.07785971221412785,0.0
1690209715118063810,683968,0.4185631265401629,0.07790217422479216,0.0
1690209715118071110,683968,0.4185606912378763,0.07792882154854512,0.0
1690209715118083930,683968,0.4185712860773222,0.07788713478245565,0.0
1690209715118102666,683968,0.4185533862585642,0.07791957545650671,0.0
1690209715126018987,683969,0.4186489962964097,0.07786425884178393,0.0
1690209715126364829,683969,0.4186405274132622,0.07785343404926061,0.0
1690209715127134207,683969,0.41866685702540163,0.07784530418817984,0.0
1690209715127574980,683969,0.4186364785580051,0.07787196865912271,0.0
1690209715127711256,683969,0.41868166587251454,0.07788834624053473,0.0
1690209715127735865,683969,0.41869723778819334,0.07784155454849376,0.0
1690209715128090426,683969,0.4186012838909683,0.0779217450138951,0.0
1690209715128122361,683969,0.41865610342435716,0.07789735879886003,0.0
1690209715128133381,683969,0.4186092521314296,0.07790808271438703,0.0
1690209715128141732,683969,0.41859556294406025,0.07795387017605927,0.0
1690209715133466094,683970,0.41850967424432567,0.07806139523741124,0.0
1690209715134375093,683970,0.41850222969059797,0.07805044898339426,0.0
1690209715134962021,683970,0.4184945298781167,0.07801686445962372,0.0
1690209715135161990,683970,0.41839330982821404,0.07815647516249874,0.0
1690209715135397742,683970,0.4184771323872529,0.07808793088594626,0.0
1690209715135414303,683970,0.4184356180241912,0.07807437885581117,0.0
1690209715135427945,683970,0.4183714145117024,0.07812450072424848,0.0
1690209715135435790,683970,0.41838550550546616,0.07812887647585626,0.0
1690209715135449520,683970,0.41843781170956984,0.07805132613202129,0.0
1690209715135493882,683970,0.41837858923296545,0.07810615796023712,0.0
1690209715142895580,683971,0.4183583872994173,0.07814020565276435,0.0
1690209715143956417,683971,0.4184231404273419,0.07802331104445524,0.0
1690209715144107823,683971,0.41843921165029385,0.07801869625435788,0.0
1690209715144629893,683971,0.4183952204061654,0.07805827505984946,0.0
1690209715144649608,683971,0.41837579126587043,0.0781196442113823,0.0
1690209715144656501,683971,0.41840199865212585,0.07805427549769212,0.0
1690209715144677919,683971,0.41836666372488523,0.0780965559815142,0.0
1690209715144710827,683971,0.4184076496326435,0.07807535225174597,0.0
1690209715144777810,683971,0.41840111547649605,0.0780813433968622,0.0
1690209715144791344,683971,0.4184135433815289,0.07803997897830617,0.0
1690209715151346804,683972,0.4183267055597427,0.07812719526190869,0.0
1690209715151832758,683972,0.4183804854049207,0.07812922230918501,0.0
1690209715152081508,683972,0.418360014769551,0.07807427039079931,0.0
1690209715152098382,683972,0.41829646385945785,0.07814013265097733,0.0
1690209715152107713,683972,0.4183056595498232,0.07810076632231912,0.0
1690209715152617325,683972,0.4183681168096785,0.07800299659081926,0.0
1690209715152740634,683972,0.41839227500789467,0.07795502889216235,0.0
1690209715152912141,683972,0.4182880012481667,0.07808582053882301,0.0
1690209715152929329,683972,0.41841462866250145,0.07793667156427678,0.0
1690209715152938169,683972,0.41841403972004626,0.07789497137298718,0.0
1690209715160049464,683973,0.4184497192630713,0.07792330456982897,0.0
1690209715160301155,683973,0.4185141449683809,0.07784683521528471,0.0
1690209715160666973,683973,0.41851751546430527,0.07782411284523091,0.0
1690209715161351759,683973,0.4185390418764194,0.07779266076382102,0.0
1690209715161469697,683973,0.41852149885633216,0.07782065372975613,0.0
1690209715161745978,683973,0.4185909923150031,0.0777798427936364,0.0
1690209715161764797,683973,0.4184918628668513,0.07785717966526852,0.0
1690209715161775810,683973,0.4185025101971021,0.07783475549960873,0.0
1690209715161788254,683973,0.41855252044447894,0.0778030300019484,0.0
1690209715161796077,683973,0.4185654006897429,0.07779105629757521,0.0
1690209715167070418,683974,0.4185438736207272,0.07781639364746788,0.0
1690209715167506106,683974,0.41850012077086096,0.07788132248373136,0.0
1690209715168617768,683974,0.41854092276954524,0.07784973878441367,0.0
1690209715168788326,683974,0.4185539747915629,0.07786329929284043,0.0
1690209715168974590,683974,0.4184936386055034,0.07793322824321021,0.0
1690209715168984055,683974,0.41850020971835244,0.07796114900330403,0.0
1690209715168991884,683974,0.4185062601158225,0.07788781415281242,0.0
1690209715169003468,683974,0.41847722178643376,0.07792763368519892,0.0
1690209715169014538,683974,0.41849467056330875,0.07792383490649606,0.0
1690209715169021426,683974,0.4184363969269415,0.07794639461491208,0.0
1690209715175302727,683975,0.4184210792267222,0.07794004708980204,0.0
1690209715175943160,683975,0.41836513070195724,0.07793208282783637,0.0
1690209715176134687,683975,0.41849047140611084,0.07782506337726477,0.0
1690209715176330928,683975,0.41849328436978694,0.07779911653827434,0.0
1690209715176468933,683975,0.41843855540057473,0.0778681430690373,0.0
1690209715176483651,683975,0.4184966377347158,0.07781555680002697,0.0
1690209715176812020,683975,0.4185045360999784,0.07782002541594672,0.0
1690209715176902853,683975,0.41859647963308194,0.07775652677737087,0.0
1690209715177055359,683975,0.4185388236267603,0.07780056552491879,0.0
1690209715177067011,683975,0.41855476634104966,0.07777957654042462,0.0
1690209715183386071,683976,0.4185155497772593,0.07779244751020582,0.0
1690209715184028533,683976,0.4185017307692587,0.07783493840894043,0.0
1690209715184568258,683976,0.4184952759685445,0.07786759977506574,0.0
1690209715184683259,683976,0.4184527735624148,0.07789341941706425,0.0
1690209715184970651,683976,0.41846509892046013,0.07784242011148036,0.0
1690209715184980313,683976,0.4184386400117419,0.07789611649186434,0.0
1690209715184984217,683976,0.41847962914996356,0.07786206365657004,0.0
1690209715184987888,683976,0.4184647890510106,0.07788461765798471,0.0
1690209715185056332,683976,0.4184366604437866,0.0778963246722022,0.0
1690209715185067099,683976,0.4184591830877102,0.0778807266496722,0.0
1690209715193281401,683977,0.41850611908853547,0.0778170902057948,0.0
1690209715194976432,683977,0.41843195484377244,0.07787875843485963,0.0
1690209715195184939,683977,0.41843200807008146,0.07786449291895738,0.0
1690209715195679375,683977,0.41848634301159265,0.07777134597535634,0.0
1690209715195699920,683977,0.41851998155322784,0.07774222682459979,0.0
1690209715195711219,683977,0.4184785285808362,0.07777027946216576,0.0
1690209715195721306,683977,0.4184705476630547,0.07781384124822216,0.0
1690209715195732692,683977,0.4184827262309993,0.07776211183172028,0.0
1690209715195749067,683977,0.4184616697514265,0.07781137337947105,0.0
1690209715195770279,683977,0.41854706842595685,0.07776085445049853,0.0
1690209715201982964,683978,0.4185292489436949,0.07779049322144317,0.0
1690209715202130845,683978,0.418567107244743,0.07775977006688979,0.0
1690209715202437354,683978,0.4185226438080433,0.07781097326535395,0.0
1690209715202444690,683978,0.41857373388458086,0.07782574610208726,0.0
1690209715202450827,683978,0.4186019252781542,0.07774328939977554,0.0
1690209715202454421,683978,0.4185245033093867,0.0778151800062896,0.0
1690209715202458136,683978,0.4185500044242123,0.07778696739502175,0.0
1690209715202489722,683978,0.4184861443825785,0.07780435171147432,0.0
1690209715202503257,683978,0.41847765109330615,0.07783284348605807,0.0
1690209715202509600,683978,0.4183357402699027,0.07796309798645439,0.0
1690209715209017872,683979,0.41835234728187615,0.07793211222944982,0.0
1690209715209962765,683979,0.4183270499402402,0.07790129893190499,0.0
1690209715210293923,683979,0.4182996156481445,0.0779636716063942,0.0
1690209715210555930,683979,0.4183649486944063,0.07789382892694721,0.0
1690209715210581455,683979,0.4183230432402757,0.07788235274570551,0.0
1690209715210589984,683979,0.4183266989755662,0.07787043653094014,0.0
1690209715210595226,683979,0.41834116929502696,0.07786911821254688,0.0
1690209715210607157,683979,0.4184013954691744,0.07781007812205529,0.0
1690209715210620332,683979,0.4183063431308245,0.07789163945963791,0.0
1690209715210632074,683979,0.41828319201795955,0.0778982414054075,0.0
1690209715217059690,683980,0.41834719758663064,0.07781212853696595,0.0
1690209715217223668,683980,0.4183565104791375,0.07780931303764561,0.0
1690209715217621598,683980,0.4183082188186792,0.07787265720770305,0.0
1690209715217796604,683980,0.4183248150037189,0.07791076985659522,0.0
1690209715217908549,683980,0.4183372171516908,0.07787381461942959,0.0
1690209715218038460,683980,0.418310892995052,0.07792784039123513,0.0
1690209715218175197,683980,0.41836335174811,0.07791488852093151,0.0
1690209715218728964,683980,0.4183475748821126,0.07791574936408444,0.0
1690209715218982569,683980,0.41834633949178646,0.0778872957999151,0.0
1690209715219004047,683980,0.418274460244637,0.07794547809973144,0.0
1690209715226400149,683981,0.4182964173509256,0.07795423077613783,0.0
1690209715227496652,683981,0.41831495087936876,0.07784920181529452,0.0
1690209715227912376,683981,0.4182286291139894,0.07791563454857375,0.0
1690209715227927526,683981,0.41825758670251395,0.07789053709548996,0.0
1690209715227943373,683981,0.4183111555420689,0.07778985011087071,0.0
1690209715227957751,683981,0.4183198661748671,0.0777766064090645,0.0
1690209715227970340,683981,0.41822797497394815,0.07791424932208174,0.0
1690209715227979594,683981,0.41828958839345254,0.07783445876007634,0.0
1690209715228005565,683981,0.4182809535739628,0.07779531256330749,0.0
1690209715228018988,683981,0.41825845137347095,0.07786396908925379,0.0
1690209715234185983,683982,0.4183385330707553,0.07777864757776931,0.0
1690209715234907097,683982,0.4183266958634924,0.07774612745997467,0.0
1690209715235145064,683982,0.4183583523039889,0.07773754202656219,0.0
1690209715235362413,683982,0.4183739192892835,0.0777302512615422,0.0
1690209715235557887,683982,0.41847094595221035,0.07762235724100665,0.0
1690209715235748584,683982,0.41841643905487996,0.07766893078416368,0.0
1690209715235924234,683982,0.41839923300629656,0.07767827276298994,0.0
1690209715236135617,683982,0.4184582022591812,0.07761128632229443,0.0
1690209715236153478,683982,0.41848821364657507,0.07758621975048076,0.0
1690209715236178691,683982,0.4184552258398152,0.0776229038997788,0.0
1690209715241732504,683983,0.4184442608705472,0.07767025513761944,0.0
1690209715242500598,683983,0.4184828826953577,0.07762738834735784,0.0
1690209715242991611,683983,0.41848523391877246,0.07766377913015178,0.0
1690209715243319301,683983,0.4184833280581722,0.07767575390501365,0.0
1690209715243473967,683983,0.41848401726140444,0.07768755913569614,0.0
1690209715243479748,683983,0.41849324552760014,0.07763510675829367,0.0
1690209715243483625,683983,0.4183793424770656,0.07775221784636559,0.0
1690209715243495866,683983,0.418419752700263,0.07775455664283747,0.0
1690209715243571980,683983,0.4183543409214413,0.07774449286362427,0.0
1690209715243582785,683983,0.41827874908823065,0.07782236187383981,0.0
1690209715249527566,683984,0.4182628847549193,0.07779280835989187,0.0
1690209715250482902,683984,0.4183110505850056,0.07773183209749437,0.0
1690209715250829949,683984,0.41834107108163543,0.07769616892795257,0.0
1690209715250864785,683984,0.41818984736878334,0.07783157176518624,0.0
1690209715251004118,683984,0.4183209229282845,0.07771977403625267,0.0
1690209715251302485,683984,0.41832274800831304,0.07767353887555713,0.0
1690209715251324799,683984,0.41838607471286493,0.07766148574651054,0.0
1690209715251339218,683984,0.4183928997480303,0.07763445690137574,0.0
1690209715251350917,683984,0.41843785558024554,0.07760845183736291,0.0
1690209715251361757,683984,0.41848679783634174,0.0775668973739869,0.0
1690209715258135572,683985,0.4184593291428609,0.07761595175469516,0.0
1690209715258598588,683985,0.418517583523492,0.07759895890198223,0.0
1690209715259282910,683985,0.4184219460039059,0.07767304828783302,0.0
1690209715259545048,683985,0.41840535667237777,0.07766857005255275,0.0
1690209715259554695,683985,0.4183908650997633,0.07771189639414246,0.0
1690209715259754411,683985,0.4184268012167944,0.07768052746800173,0.0
1690209715260010021,683985,0.418384477748149,0.07770243069351497,0.0
1690209715260020337,683985,0.4183034569130481,0.07777197171437862,0.0
1690209715260033879,683985,0.4183556648040865,0.07773277886590169,0.0
1690209715260042261,683985,0.41838642111357904,0.07770714621586934,0.0
1690209715267740033,683986,0.4183356853627729,0.0777586445127382,0.0
1690209715268210111,683986,0.41833402846221696,0.07774528611904347,0.0
1690209715268937690,683986,0.4183446169043944,0.07765555653368376,0.0
1690209715269053976,683986,0.41834556399774736,0.07765667521431317,0.0
1690209715269500821,683986,0.41832805642136084,0.07766497391521054,0.0
1690209715269514944,683986,0.41832331996619937,0.07768666878530148,0.0
1690209715269544329,683986,0.4183392110923114,0.07762296853972085,0.0
1690209715269558633,683986,0.4183234996311126,0.07764220210854415,0.0
1690209715269572304,683986,0.4184388311559316,0.07755411783719002,0.0
1690209715269579985,683986,0.41842923146451844,0.0775409042697776,0.0
1690209715277197445,683987,0.41844468705338694,0.07753752314991416,0.0
1690209715277565506,683987,0.4184258415426863,0.07754673489104502,0.0
1690209715277726928,683987,0.41847515535142876,0.0775606607488819,0.0
1690209715278204045,683987,0.41852093653287453,0.07747982938220517,0.0
1690209715278212700,683987,0.41842316806359797,0.07757111571095676,0.0
1690209715278218862,683987,0.41842131237722036,0.07755190518489265,0.0
1690209715278233521,683987,0.41834662244845716,0.07758559692499611,0.0
1690209715278279161,683987,0.4183374797510289,0.07762415219664585,0.0
1690209715278292786,683987,0.4182338152270929,0.07771803350441402,0.0
1690209715278328754,683987,0.418228327241949,0.07771491173187625,0.0
1690209715284262519,683988,0.4182257349734009,0.07766486880077292,0.0
1690209715284583782,683988,0.41818434578846264,0.0777324656530806,0.0
1690209715285276463,683988,0.4182741434134113,0.07763306419528969,0.0
1690209715285595809,683988,0.4182377627462833,0.07762627517288402,0.0
1690209715285606772,683988,0.41825030172384614,0.07759725776397085,0.0
1690209715285651338,683988,0.41825935061582026,0.07759265838568517,0.0
1690209715285952962,683988,0.4182971346327795,0.07753762662283471,0.0
1690209715285960452,683988,0.4182337122255132,0.07759575408302333,0.0
1690209715285967115,683988,0.4182497272842005,0.07757733075768287,0.0
1690209715285987199,683988,0.4183119233978427,0.07746665511381085,0.0
1690209715291483743,683989,0.41832009986902163,0.07746520118910548,0.0
1690209715292047556,683989,0.4183056619179423,0.07746755252326591,0.0
1690209715292794919,683989,0.4183117459955351,0.0774860765844412,0.0
1690209715292941478,683989,0.4183304934531393,0.0774305112984763,0.0
1690209715293033272,683989,0.4183387586680389,0.07745731378953107,0.0
1690209715293289029,683989,0.41843404686996655,0.0773853515979045,0.0
1690209715293303414,683989,0.41841281506396555,0.07740451950655242,0.0
1690209715293322864,683989,0.41844586142638956,0.07739327030263411,0.0
1690209715293327595,683989,0.41837844686726955,0.07745136492145352,0.0
1690209715293330919,683989,0.4184347909227244,0.07748343532284328,0.0
1690209715302977017,683990,0.41837619817993776,0.07751381916812321,0.0
1690209715303219121,683990,0.4182737633103797,0.07762573750669599,0.0
1690209715303725862,683990,0.4182921274937267,0.0775937274083341,0.0
1690209715303735554,683990,0.4182300131983147,0.07762372857758743,0.0
1690209715303740576,683990,0.41823142438416433,0.07763186847864116,0.0
1690209715303744863,683990,0.4180737211154197,0.07776597124841078,0.0
1690209715303782523,683990,0.41811860351982133,0.07772723452316443,0.0
1690209715303800381,683990,0.41809187987475654,0.07768638567302975,0.0
1690209715303811146,683990,0.4181353088023285,0.07768175650970202,0.0
1690209715303824409,683990,0.41819785807115506,0.07762681625761397,0.0
1690209715308464403,683991,0.4181905311111751,0.0776366733100998,0.0
1690209715308708057,683991,0.41827457663677853,0.0775538706682503,0.0
1690209715309258410,683991,0.4182672140600846,0.07758118409105323,0.0
1690209715309524599,683991,0.4183497421283412,0.07754228315845173,0.0
1690209715310073782,683991,0.41828318793503505,0.0775832992641128,0.0
1690209715310084688,683991,0.41828904798334016,0.07756343286595807,0.0
1690209715310358661,683991,0.418278723692149,0.07753363282444002,0.0
1690209715310372215,683991,0.41827744093524155,0.07752788977376522,0.0
1690209715310377233,683991,0.41824133425441723,0.07753602968882076,0.0
1690209715310383292,683991,0.4181588031495907,0.07758636442587259,0.0
1690209715318736114,683992,0.4182076874190207,0.07749166858716787,0.0
1690209715319659933,683992,0.41820269586905473,0.07748717157608874,0.0
1690209715319969361,683992,0.4182537624892413,0.07742592181198522,0.0
1690209715320450290,683992,0.418266583722926,0.07739448511944694,0.0
1690209715320623632,683992,0.4183055145157164,0.07732764845597481,0.0
1690209715320956530,683992,0.418370156788583,0.07727293976649519,0.0
1690209715320979784,683992,0.4184054372703593,0.07729726591753433,0.0
1690209715320992353,683992,0.4183809718180507,0.07735568439670172,0.0
1690209715321004228,683992,0.4183753651445749,0.077377419168007,0.0
1690209715321014588,683992,0.41836969839887395,0.07739342626226085,0.0
1690209715325889738,683993,0.4183986005997003,0.07740044764289639,0.0
1690209715326005835,683993,0.41835547473826307,0.0774681807363426,0.0
1690209715326930858,683993,0.41824206741967607,0.07759695545726883,0.0
1690209715327004922,683993,0.4181728868454398,0.07767909525508307,0.0
1690209715327081107,683993,0.4181633933818684,0.07771547251988276,0.0
1690209715327402698,683993,0.4181851551435522,0.07769182293441361,0.0
1690209715327408175,683993,0.41808317113243354,0.07778919022475139,0.0
1690209715327430933,683993,0.4180398275994176,0.07776780843402699,0.0
1690209715327437911,683993,0.4180535722652995,0.07774760266256422,0.0
1690209715327443256,683993,0.41802970306140347,0.07778415430219178,0.0
1690209715333456306,683994,0.4180174214965098,0.07778236143472614,0.0
1690209715333712770,683994,0.41800341475541847,0.07778343630288007,0.0
1690209715333911972,683994,0.41800795622746284,0.07778301101005569,0.0
1690209715334438107,683994,0.41811782942250175,0.0777162055618759,0.0
1690209715334657215,683994,0.41816469280266994,0.07767395984880379,0.0
1690209715334847333,683994,0.41815302747472244,0.07773963454825247,0.0
1690209715334855153,683994,0.4181500460576779,0.07772044554794459,0.0
1690209715334874576,683994,0.41816286635809535,0.0777056417565186,0.0
1690209715334888290,683994,0.418176873724529,0.07769795632707367,0.0
1690209715334894908,683994,0.4181105077184699,0.0777431640033942,0.0
1690209715342742828,683995,0.4181253916667148,0.0777088464476414,0.0
1690209715343055807,683995,0.41811572258590846,0.07764039989688071,0.0
1690209715343480412,683995,0.4181414206286274,0.07761667554923561,0.0
1690209715344432176,683995,0.418118783456384,0.0776116349580102,0.0
1690209715344513812,683995,0.41812116813990163,0.07764521795148366,0.0
1690209715344913920,683995,0.4181576496085183,0.07757022986835997,0.0
1690209715344937164,683995,0.4181762600758115,0.07757357581637973,0.0
1690209715344959987,683995,0.41830343390975844,0.07749715093326263,0.0
1690209715345002883,683995,0.41828804247549245,0.07750771710645109,0.0
1690209715345014684,683995,0.41830654515792676,0.07752212526175965,0.0
1690209715350680884,683996,0.4182341095765738,0.07759494608819174,0.0
1690209715350963149,683996,0.418272456563036,0.07764152180965916,0.0
1690209715351090545,683996,0.4182584496336611,0.07762855764622777,0.0
1690209715351217635,683996,0.4181533349108941,0.07774295497020113,0.0
1690209715351403620,683996,0.4181588209584512,0.07772993805436333,0.0
1690209715351895443,683996,0.41808288474311517,0.07777151862351549,0.0
1690209715351909530,683996,0.41808877053487437,0.07778225095292068,0.0
1690209715352118336,683996,0.4179715791293919,0.07789424363565052,0.0
1690209715352124684,683996,0.41799899174412114,0.07786594666673795,0.0
1690209715352153738,683996,0.4179812368992421,0.07783155092076544,0.0
1690209715358767791,683997,0.4180017517804723,0.07784786064081889,0.0
1690209715360271225,683997,0.41806437677013997,0.07778698269193134,0.0
1690209715360357672,683997,0.4180287598995562,0.07779807750756133,0.0
1690209715360768090,683997,0.4180720211611634,0.07776677870525886,0.0
1690209715360791673,683997,0.4180749264310143,0.07776796970315944,0.0
1690209715360800897,683997,0.4181663159206368,0.07769385069374178,0.0
1690209715360810604,683997,0.4180963272170123,0.07774340722771747,0.0
1690209715360819967,683997,0.41809065547973956,0.07773942564596335,0.0
1690209715360897238,683997,0.41818534193301143,0.07763692985048555,0.0
1690209715360915673,683997,0.41819903241957,0.07763604964545041,0.0
1690209715366858096,683998,0.4181694501976856,0.07766124036889588,0.0
1690209715367329055,683998,0.418169265128525,0.07769119450437753,0.0
1690209715367992529,683998,0.41819875128805273,0.07762599672051632,0.0
1690209715368169527,683998,0.4181992076048458,0.07766272378866138,0.0
1690209715368369952,683998,0.41829684209355944,0.07760072319531704,0.0
1690209715368483092,683998,0.41830091968922506,0.07761520473141355,0.0
1690209715368746718,683998,0.4183478104785089,0.07757456860035476,0.0
1690209715368755656,683998,0.41829798508114535,0.07763101842744054,0.0
1690209715368764008,683998,0.4183579453264885,0.07765262196129653,0.0
1690209715368773252,683998,0.41832945913520203,0.07761055177744108,0.0
1690209715374786893,683999,0.41824037574248196,0.07768419269267268,0.0
1690209715375311350,683999,0.41824340887682676,0.07763072635783574,0.0
1690209715375461488,683999,0.4182267334002348,0.07760385908430378,0.0
1690209715375483659,683999,0.4182392574551437,0.07759512996052338,0.0
1690209715375605319,683999,0.4180794745014381,0.07774137553048598,0.0
1690209715375696736,683999,0.41818619980477606,0.0776358586354823,0.0
1690209715376048153,683999,0.4181856689042839,0.07757833449407724,0.0
1690209715376188669,683999,0.418185050161689,0.07762578774773732,0.0
1690209715376277756,683999,0.41824534114814554,0.07754512409154966,0.0
1690209715376289759,683999,0.41826490443498504,0.07751307424893365,0.0
1690209715385019672,684000,0.41826274877562614,0.07751832700810078,0.0
1690209715385159800,684000,0.41824828339041364,0.07753970851824714,0.0
1690209715385406870,684000,0.4183154149302034,0.07747342781682687,0.0
1690209715386410597,684000,0.41821378930186925,0.07756654614639755,0.0
1690209715386577408,684000,0.4182221306891176,0.07755576860590054,0.0
1690209715386655011,684000,0.4182530392006954,0.07754164618316695,0.0
1690209715386940179,684000,0.4182886479898159,0.07753094368138719,0.0
1690209715386958404,684000,0.4182415279379628,0.07758671598823903,0.0
1690209715386994852,684000,0.4182568622636209,0.07764875766148716,0.0
1690209715387006316,684000,0.4182863776224362,0.07764619609304817,0.0
1690209715392171665,684001,0.41828494162045515,0.07769469108237241,0.0
1690209715392549303,684001,0.4182357488871203,0.0777747672519644,0.0
1690209715392622100,684001,0.4182322293087756,0.07780516635599471,0.0
1690209715393291649,684001,0.4182177056000599,0.07776417276351821,0.0
1690209715393437703,684001,0.41807172274092846,0.07790890870747266,0.0
1690209715393497302,684001,0.41805951141145953,0.07791104687385829,0.0
1690209715393699435,684001,0.41805190345621684,0.07782722391975529,0.0
1690209715393714333,684001,0.4179878611127467,0.07783801058474515,0.0
1690209715393747941,684001,0.41796695116661403,0.0778323333043471,0.0
1690209715393754667,684001,0.4180936804414779,0.07766138089049719,0.0
1690209715400148781,684002,0.41811069773703075,0.07760503608632328,0.0
1690209715400527302,684002,0.4181694595315898,0.07756927627653644,0.0
1690209715400626195,684002,0.418344106736897,0.07738591162561155,0.0
1690209715400704351,684002,0.41842533781516167,0.07734409570717189,0.0
1690209715400978888,684002,0.4185045723252079,0.07727788840036706,0.0
1690209715401082545,684002,0.41855233671377534,0.07722917775436475,0.0
1690209715401269157,684002,0.4186219913750454,0.07720279084689811,0.0
1690209715401279386,684002,0.41860437968951403,0.07719108873729756,0.0
1690209715401288467,684002,0.4186275885158338,0.07718553566922783,0.0
1690209715401293883,684002,0.4185488952220642,0.0772987316072875,0.0
1690209715408915741,684003,0.4185275445798211,0.07730630133183146,0.0
1690209715409195312,684003,0.4184805311254605,0.0772750564053313,0.0
1690209715409806517,684003,0.4184106416691653,0.07737150262734058,0.0
1690209715410287921,684003,0.4184506226215243,0.07733547545717158,0.0
1690209715410505496,684003,0.41841529992085025,0.0773062464356794,0.0
1690209715410803808,684003,0.41832146545251375,0.07743573372833491,0.0
1690209715410821293,684003,0.41832488352504316,0.07745235271158203,0.0
1690209715410830570,684003,0.4183636071026394,0.07740186551506442,0.0
1690209715410836671,684003,0.418251442211927,0.07754350835737371,0.0
1690209715410866130,684003,0.4182047922412396,0.07763001482325217,0.0
1690209715418382482,684004,0.41821982177118755,0.07762758003435967,0.0
1690209715419745542,684004,0.41814744952576366,0.07773199694186095,0.0
1690209715419892829,684004,0.41807782398478427,0.07783667540492675,0.0
1690209715420232385,684004,0.41807092716256644,0.07786952534410027,0.0
1690209715420242171,684004,0.418028777575521,0.07793733730047803,0.0
1690209715420268897,684004,0.4179678486529224,0.07795543261329146,0.0
1690209715420275476,684004,0.4179401383786782,0.0779965052925786,0.0
1690209715420304461,684004,0.4179586689283702,0.07798473254230154,0.0
1690209715420323734,684004,0.4179463307360842,0.0779266803272786,0.0
1690209715420338994,684004,0.4179263625871207,0.07793820454680535,0.0
1690209715425230286,684005,0.41790343750436953,0.07792121913313693,0.0
1690209715425528212,684005,0.418023013815795,0.07775492461577188,0.0
1690209715425803528,684005,0.4180013820860197,0.07772162115485816,0.0
1690209715426493727,684005,0.4180316942480898,0.07771565447489338,0.0
1690209715426605941,684005,0.41813666371209013,0.07753930013046649,0.0
1690209715426996902,684005,0.41814379878980273,0.07748002055996721,0.0
1690209715427005632,684005,0.41818647474338366,0.07744424480703808,0.0
1690209715427013524,684005,0.41823460813209146,0.07735468930816107,0.0
1690209715427039240,684005,0.4182920013470419,0.07730389381344835,0.0
1690209715427091968,684005,0.4182361202956159,0.07734111336729185,0.0
1690209715434784234,684006,0.41830941781434405,0.07725351023585297,0.0
1690209715435088020,684006,0.4183438996635169,0.07721479951309826,0.0
1690209715435103935,684006,0.4183134466680563,0.07721235725320891,0.0
1690209715435114573,684006,0.4183532846747825,0.07715338197684668,0.0
1690209715435149874,684006,0.4183065628556526,0.0772067631365615,0.0
1690209715435170604,684006,0.41835178026945324,0.07717047212491449,0.0
1690209715435185135,684006,0.4183053078132982,0.07721068849170863,0.0
1690209715435199751,684006,0.4182630056046857,0.07727806392418676,0.0
1690209715435211807,684006,0.4182574256141188,0.07729612809623414,0.0
1690209715435224405,684006,0.41822901756656566,0.07731460696399572,0.0
1690209715443946365,684007,0.4181476065494627,0.07746260011357024,0.0
1690209715444322650,684007,0.41807086732775744,0.07756787980932586,0.0
1690209715444634962,684007,0.41801229734602985,0.0775942573369552,0.0
1690209715444650919,684007,0.417929836227016,0.07770800813677427,0.0
1690209715444660484,684007,0.41790044300994095,0.07773150740910817,0.0
1690209715444665576,684007,0.41788048815814505,0.07777947792442617,0.0
1690209715444693207,684007,0.4178182086084453,0.07786957705681434,0.0
1690209715444705446,684007,0.41778724263860734,0.07788128416769134,0.0
1690209715444712605,684007,0.4178805826258006,0.07777243450128643,0.0
1690209715444732418,684007,0.41783513437520636,0.0778217121899743,0.0
1690209715450112503,684008,0.4178645667999602,0.07782347773770713,0.0
1690209715451600847,684008,0.41786181196262395,0.07777917651992451,0.0
1690209715451611256,684008,0.4178692219301309,0.07778286821890605,0.0
1690209715451617799,684008,0.4179186448844197,0.07770738075421388,0.0
1690209715451647593,684008,0.4179031697852152,0.07767837439767197,0.0
1690209715451666564,684008,0.4179082241984288,0.07762086534430143,0.0
1690209715451678128,684008,0.4178696614208313,0.0776304130068202,0.0
1690209715451700580,684008,0.41795203731845915,0.07748185918892253,0.0
1690209715451723491,684008,0.4179560014052469,0.07744385124395031,0.0
1690209715451732231,684008,0.4180318829443559,0.07732713284865396,0.0
1690209715460015159,684009,0.41806236477385,0.07725587665063782,0.0
1690209715460707071,684009,0.4181005535469496,0.07722510685178846,0.0
1690209715461620813,684009,0.41816882503535796,0.07714827390718866,0.0
1690209715462067218,684009,0.4181816482540947,0.07716360490672662,0.0
1690209715462336222,684009,0.41820265086631914,0.07714704328662414,0.0
1690209715462637762,684009,0.4182426887266361,0.07713671083408255,0.0
1690209715462660417,684009,0.41824682870245905,0.07715239893096551,0.0
1690209715462677033,684009,0.41817239797803274,0.0773041416538286,0.0
1690209715462691743,684009,0.4181566886738476,0.0773634026368434,0.0
1690209715462701940,684009,0.4180538490694081,0.0774712872929574,0.0
1690209715466906582,684010,0.4180104906549102,0.07757656653710142,0.0
1690209715467300646,684010,0.4179563811322039,0.07761135289548714,0.0
1690209715467932094,684010,0.41786855363467906,0.0777291377585584,0.0
1690209715467936652,684010,0.41778212269609105,0.07782846477100183,0.0
1690209715468161624,684010,0.41773099208992126,0.07783518025015912,0.0
1690209715468170335,684010,0.41779035102655465,0.07777740925333099,0.0
1690209715468370300,684010,0.4176921885627005,0.07788452119583432,0.0
1690209715468379663,684010,0.4177581597450645,0.07782016087384695,0.0
1690209715468388829,684010,0.4177400308355148,0.07779345108662251,0.0
1690209715468403897,684010,0.4177427613202058,0.07780334094872031,0.0
1690209715477012466,684011,0.41784329753189364,0.07772516412287273,0.0
1690209715477675694,684011,0.4178377669208459,0.07770330628173412,0.0
1690209715477931916,684011,0.41782950156134663,0.07770415952188296,0.0
1690209715478973806,684011,0.4177973524111471,0.07775104123255212,0.0
1690209715479062905,684011,0.41785377541922913,0.07767540509365976,0.0
1690209715479329571,684011,0.4178229271736054,0.07770974043097015,0.0
1690209715479482739,684011,0.41768138837916163,0.07781142413849039,0.0
1690209715479874864,684011,0.41773700105280676,0.07773992542834399,0.0
1690209715479886787,684011,0.41775712562994727,0.07762893375462185,0.0
1690209715479910428,684011,0.4177441424602874,0.07763240522396894,0.0
1690209715484976025,684012,0.4177527225009212,0.07759578332978684,0.0
1690209715485191516,684012,0.4177554831006298,0.07753382056414997,0.0
1690209715486084948,684012,0.4178010003397894,0.0774679947769497,0.0
1690209715486325426,684012,0.41779537476832235,0.07748885678071417,0.0
1690209715486490960,684012,0.41792368667213914,0.07740454590237447,0.0
1690209715486503511,684012,0.4179132385189022,0.07739450854750698,0.0
1690209715486508851,684012,0.41786956353280374,0.07745038466489604,0.0
1690209715486513370,684012,0.41798441992952573,0.07737592730921299,0.0
1690209715486517720,684012,0.4180458648897776,0.0773826473261003,0.0
1690209715486539671,684012,0.4180117266495641,0.07741498971941381,0.0
1690209715492592810,684013,0.41797934127211106,0.0774723307752348,0.0
1690209715492796538,684013,0.4180265344560028,0.07742795869388476,0.0
1690209715493603923,684013,0.4180689954742054,0.07736599802033094,0.0
1690209715493697387,684013,0.41803800832624377,0.07741451539920603,0.0
1690209715493925017,684013,0.417922119962415,0.07753901047157945,0.0
1690209715494014372,684013,0.41798235748473533,0.07746292353549197,0.0
1690209715494026884,684013,0.417934150084799,0.0774700434280534,0.0
1690209715494040413,684013,0.41791346923384076,0.0775762851412879,0.0
1690209715494048997,684013,0.4179080054262618,0.07755850271112226,0.0
1690209715494053262,684013,0.41789756129569217,0.07751615251886439,0.0
1690209715500500918,684014,0.4178122930951994,0.07763484342751564,0.0
1690209715500719204,684014,0.4178682547472598,0.0775973842298421,0.0
1690209715501133543,684014,0.417905577399898,0.07754237838825626,0.0
1690209715501337107,684014,0.4177318062695694,0.0777050696313578,0.0
1690209715501571651,684014,0.41774190038637116,0.07768996910264624,0.0
1690209715501579404,684014,0.41777096619647247,0.07765660169911312,0.0
1690209715501584677,684014,0.4177354522042388,0.07771292330253018,0.0
1690209715501648083,684014,0.4176841069058978,0.07778915065369646,0.0
1690209715501655479,684014,0.41771139698950027,0.07775910240325458,0.0
1690209715501662983,684014,0.4177206577434505,0.07778571890764661,0.0
1690209715509223336,684015,0.4177215622988216,0.07779534474762553,0.0
1690209715509439030,684015,0.4176691438994736,0.07790211469271305,0.0
1690209715509726904,684015,0.4176584363857313,0.07793853518755404,0.0
1690209715510380472,684015,0.4176529690649694,0.07791662070025687,0.0
1690209715510435121,684015,0.4176179919341355,0.07799353295773943,0.0
1690209715510614737,684015,0.41757272784319677,0.07804562835201381,0.0
1690209715510624238,684015,0.4175483357184157,0.07803276327456998,0.0
1690209715510629657,684015,0.417449598150738,0.07808447833208122,0.0
1690209715510641184,684015,0.417435192738355,0.07809895348438789,0.0
1690209715510666695,684015,0.4175376314403913,0.07793592121726386,0.0
1690209715516765578,684016,0.41746669943302606,0.07797359404667181,0.0
1690209715517457468,684016,0.41749078511277504,0.0779110213543091,0.0
1690209715517626518,684016,0.4175752574502105,0.07777480152066743,0.0
1690209715517861872,684016,0.4176500529537773,0.07773696360075273,0.0
1690209715517869072,684016,0.41764154455255087,0.0777286760616036,0.0
1690209715517872940,684016,0.41766459763151287,0.07765327346220331,0.0
1690209715517879177,684016,0.4177273254064958,0.0775746284326653,0.0
1690209715517890831,684016,0.4177768434232984,0.07753094420868771,0.0
1690209715517895129,684016,0.4178596239744601,0.07744004375356069,0.0
1690209715517900900,684016,0.41779367642993914,0.07753704133886265,0.0
1690209715527209262,684017,0.41782053382107026,0.07747819550422144,0.0
1690209715527427450,684017,0.4178447207799525,0.07745954379655094,0.0
1690209715527501497,684017,0.4178457999334392,0.07748024884882662,0.0
1690209715528089255,684017,0.4178051858278131,0.07750934353444612,0.0
1690209715528162147,684017,0.41781569026372345,0.07749408234685497,0.0
1690209715528400464,684017,0.41774292636610244,0.07757419909867506,0.0
1690209715528412319,684017,0.4177646655294192,0.07757968669595929,0.0
1690209715528419939,684017,0.41767710449254586,0.07763374204511275,0.0
1690209715528428655,684017,0.417578003445076,0.07780187415313856,0.0
1690209715528480405,684017,0.4175598256094108,0.0778122156316538,0.0
1690209715533555812,684018,0.4175345558082943,0.07788852237546215,0.0
1690209715533693262,684018,0.417522054361223,0.07796363463176406,0.0
1690209715533794636,684018,0.4174462219969866,0.07807662502662778,0.0
1690209715533938512,684018,0.41745850136122414,0.0780984318602758,0.0
1690209715533947973,684018,0.4173391715912224,0.07825295866344208,0.0
1690209715533956469,684018,0.41734979938770134,0.07827177424305864,0.0
1690209715533960606,684018,0.41726647157901253,0.07830316958567524,0.0
1690209715533965459,684018,0.4171832220217646,0.07838343747551453,0.0
1690209715533980103,684018,0.4171662144464437,0.07829032642989714,0.0
1690209715533988423,684018,0.41716099928155304,0.07825425425793978,0.0
1690209715542268423,684019,0.4171628882440301,0.07821625193369422,0.0
1690209715542585602,684019,0.4171360917644613,0.07818182496005857,0.0
1690209715542730770,684019,0.41725370936419126,0.07800176806222013,0.0
1690209715542792235,684019,0.4173133245901811,0.07791672164027112,0.0
1690209715542801064,684019,0.41747341747439026,0.07776162188157243,0.0
1690209715542913287,684019,0.4175462980197938,0.07763651755797592,0.0
1690209715543236071,684019,0.4175879557491857,0.07762415252536901,0.0
1690209715543345981,684019,0.4176352446859913,0.0775413265057062,0.0
1690209715543437421,684019,0.4176694217719339,0.07754039865040362,0.0
1690209715543443723,684019,0.4176791830476721,0.07756158749279546,0.0
1690209715549952804,684020,0.41763979096628956,0.07759466173152482,0.0
1690209715550693526,684020,0.4176493952223673,0.07755467947305046,0.0
1690209715550732772,684020,0.4175790648587394,0.07763755170076843,0.0
1690209715550853433,684020,0.4175884515872923,0.07764850568941928,0.0
1690209715551022711,684020,0.41755600228465806,0.07766561356940865,0.0
1690209715551035363,684020,0.4174719903524269,0.07783033844294944,0.0
1690209715551041564,684020,0.4174591414483385,0.07782517858102253,0.0
1690209715551045998,684020,0.4174843940409039,0.07784105365827006,0.0
1690209715551058509,684020,0.41748225331954203,0.07790126995686786,0.0
1690209715551091395,684020,0.4174187300298293,0.07801807262996704,0.0
1690209715558672286,684021,0.4174293174338988,0.0780212110039365,0.0
1690209715559084836,684021,0.4173040774483456,0.07816605608186201,0.0
1690209715559894471,684021,0.4172874905925591,0.07822228212728412,0.0
1690209715560122082,684021,0.4171855596735003,0.07827082089040517,0.0
1690209715560433622,684021,0.4171081423130881,0.0783417935351595,0.0
1690209715560449385,684021,0.4170875808319139,0.07825616511258601,0.0
1690209715560914955,684021,0.4170833271094371,0.07821162367273954,0.0
1690209715560957801,684021,0.41712498634993017,0.07813994665199187,0.0
1690209715560971673,684021,0.4171060966565597,0.0781166132784851,0.0
1690209715560982327,684021,0.41711985036386856,0.0780447408029941,0.0
1690209715567084408,684022,0.4171459574028217,0.07799358704411197,0.0
1690209715568050035,684022,0.41733217522206023,0.07780856005463778,0.0
1690209715568456615,684022,0.41740709719743335,0.07768917626481267,0.0
1690209715568549268,684022,0.4174433286396222,0.07770762118031398,0.0
1690209715568892281,684022,0.41754051242605067,0.07757847216915889,0.0
1690209715568907882,684022,0.4175810859607679,0.07756520928963806,0.0
1690209715568917882,684022,0.4176010952798985,0.07758690590359935,0.0
1690209715568923979,684022,0.41757852692931124,0.07760470884244426,0.0
1690209715568935999,684022,0.4175709851993522,0.07757711638800432,0.0
1690209715568947015,684022,0.417467178901881,0.07769138802732008,0.0
1690209715577662587,684023,0.41747761921684234,0.07770742648672656,0.0
1690209715578019314,684023,0.4174373673454843,0.07771733028648087,0.0
1690209715578466468,684023,0.41732748483960636,0.07788334979008595,0.0
1690209715579157733,684023,0.4173197900367698,0.07786215163296746,0.0
1690209715579323293,684023,0.41726561288182884,0.07794673401959067,0.0
1690209715579556359,684023,0.417268609653049,0.07800139925245175,0.0
1690209715579578337,684023,0.4172026335035208,0.07809618756111203,0.0
1690209715579594895,684023,0.4172197604928478,0.07810445167532559,0.0
1690209715579618241,684023,0.417099363503514,0.07826974286688662,0.0
1690209715579624325,684023,0.41710866163582755,0.07829366339086288,0.0
1690209715584985753,684024,0.4170314517710479,0.07835110686865154,0.0
1690209715585436643,684024,0.4169796568677571,0.07841940669904199,0.0
1690209715586205532,684024,0.4169535380140924,0.07834527176260592,0.0
1690209715586459082,684024,0.4168966474454826,0.07836934142319768,0.0
1690209715586650641,684024,0.4168906419250646,0.07835446783998065,0.0
1690209715586661534,684024,0.41686285895329545,0.07832648547849272,0.0
1690209715586667929,684024,0.4169710652513426,0.0781771716715182,0.0
1690209715586733423,684024,0.4169620769076062,0.07816861046135244,0.0
1690209715586743930,684024,0.41716164051488713,0.07795408414883082,0.0
1690209715586762486,684024,0.4172019804521102,0.07786206930519475,0.0
1690209715592902841,684025,0.41727819089409307,0.07779691001858215,0.0
1690209715593106724,684025,0.41739030744448136,0.07764983317696436,0.0
1690209715593487439,684025,0.417439895646205,0.0776438027925512,0.0
1690209715593666642,684025,0.4174690936948652,0.07763293321634941,0.0
1690209715593995405,684025,0.4174424233043416,0.07762026685097041,0.0
1690209715594283453,684025,0.41747322100518014,0.07756856880044923,0.0
1690209715594928105,684025,0.4174164928151438,0.07763479442324937,0.0
1690209715594934512,684025,0.4174604996720024,0.0775936368738508,0.0
1690209715594973909,684025,0.4173410352893316,0.07769816282851508,0.0
1690209715594980837,684025,0.41725302189622226,0.0777671311250196,0.0
1690209715601365499,684026,0.4172512113361294,0.07773174556508003,0.0
1690209715601538352,684026,0.4172153309062612,0.07777819147926471,0.0
1690209715601631788,684026,0.41719810201154905,0.07780412633379499,0.0
1690209715601894042,684026,0.4171441634363536,0.07782348243840885,0.0
1690209715602074286,684026,0.4171419481522331,0.07783590586999231,0.0
1690209715602089467,684026,0.4171571377259493,0.077870070786413,0.0
1690209715602096738,684026,0.4171822742285639,0.07784681989995088,0.0
1690209715602280336,684026,0.41711903359075897,0.07799009682967291,0.0
1690209715602287444,684026,0.4171072947385009,0.07801445916384285,0.0
1690209715602291317,684026,0.4171367223035682,0.07800387544778403,0.0
1690209715609621052,684027,0.41709449942238597,0.07808751979951511,0.0
1690209715610879871,684027,0.41706663853012005,0.07815007959975444,0.0
1690209715611165848,684027,0.4170636215314126,0.0781448746887084,0.0
1690209715611562862,684027,0.41699296867173286,0.07821103397297152,0.0
1690209715611588762,684027,0.41696250002781426,0.07825398532219503,0.0
1690209715611682920,684027,0.41694475983387447,0.07821103649895336,0.0
1690209715611705409,684027,0.4168724634787676,0.07825934827886032,0.0
1690209715611723598,684027,0.4168529552766505,0.07819822651994969,0.0
1690209715611737250,684027,0.4168871958177094,0.07810827086307495,0.0
1690209715611749688,684027,0.416911532587218,0.07806538552922859,0.0
1690209715617569407,684028,0.4169148306035445,0.07802411155656326,0.0
1690209715617939436,684028,0.41696136317308896,0.07791384082536713,0.0
1690209715618078360,684028,0.4170020617182245,0.07783304146382855,0.0
1690209715618471870,684028,0.41710768779068025,0.0777238141447415,0.0
1690209715618589588,684028,0.41720569063386787,0.07757422272405096,0.0
1690209715618845522,684028,0.4172203053295382,0.07758055495565806,0.0
1690209715618954439,684028,0.4172310147070296,0.07753511832657163,0.0
1690209715619131695,684028,0.4172937582739278,0.07750726371938499,0.0
1690209715619141528,684028,0.4172933810257229,0.0775132773580955,0.0
1690209715619150316,684028,0.4172812125085485,0.07753375044428577,0.0
1690209715625211064,684029,0.4173175922083259,0.07751567144903385,0.0
1690209715625610535,684029,0.417241019042734,0.07758577762259584,0.0
1690209715625757218,684029,0.417242305900925,0.07763017168290588,0.0
1690209715626556752,684029,0.41716197683496803,0.07770221831964831,0.0
1690209715626760101,684029,0.41705653370306045,0.07786642754846203,0.0
1690209715627117545,684029,0.4169881076068122,0.07792408729735581,0.0
1690209715627127826,684029,0.41690936755588137,0.07799889321597643,0.0
1690209715627131650,684029,0.4169067409499599,0.07804098877388772,0.0
1690209715627165604,684029,0.4168650528175885,0.0780693914645559,0.0
1690209715627218910,684029,0.41682967116423525,0.078105381340321,0.0
1690209715634245703,684030,0.4167782427423223,0.07818101669216974,0.0
1690209715635448715,684030,0.4168091871096567,0.07815745955056744,0.0
1690209715635676386,684030,0.4168639505438175,0.07807017311952581,0.0
1690209715635830470,684030,0.4168317907526246,0.07811462473986076,0.0
1690209715636047731,684030,0.416905524221018,0.07802541088270501,0.0
1690209715636410926,684030,0.41693842122167346,0.07794865197961255,0.0
1690209715636434267,684030,0.41692998461840164,0.07794635915576786,0.0
1690209715636445329,684030,0.4169785664113254,0.07790349825184179,0.0
1690209715636462793,684030,0.4170098228724584,0.07778862120857112,0.0
1690209715636485456,684030,0.41701947928341393,0.07775484612659501,0.0
1690209715642342141,684031,0.4170136045310242,0.07774691324164078,0.0
1690209715642843493,684031,0.4170970377206321,0.07762285531418801,0.0
1690209715643112461,684031,0.41712280184021244,0.07755183530349015,0.0
1690209715643245585,684031,0.4170697357871639,0.07756223430031606,0.0
1690209715643416647,684031,0.417161136697648,0.07749854365003911,0.0
1690209715643616066,684031,0.41715495474940817,0.07744368233017752,0.0
1690209715644065565,684031,0.4171388668661024,0.07746070836065796,0.0
1690209715644192529,684031,0.4171651701157225,0.07743494800202132,0.0
1690209715644310293,684031,0.41714410352877834,0.07742927577193785,0.0
1690209715644317970,684031,0.41718399928784883,0.07741406820031238,0.0
1690209715650113897,684032,0.41704860124203547,0.07756090529471478,0.0
1690209715650454686,684032,0.4170476103851873,0.07763441166916421,0.0
1690209715651056674,684032,0.417025946496943,0.077638427521687,0.0
1690209715651524497,684032,0.41697178285400016,0.07775878518971047,0.0
1690209715651641015,684032,0.416971573612517,0.07781211612857582,0.0
1690209715651921659,684032,0.41693488311420757,0.07786144063234517,0.0
1690209715651937801,684032,0.41692013087354296,0.07792303592545563,0.0
1690209715651945658,684032,0.41675884870666396,0.07811322498389564,0.0
1690209715651953212,684032,0.41678777283781493,0.07809964413517154,0.0
1690209715651959047,684032,0.4166630716093282,0.07820754711065579,0.0
1690209715658638603,684033,0.4165627677270783,0.0783203153993391,0.0
1690209715658973349,684033,0.41655804967168275,0.07828902063948011,0.0
1690209715659851345,684033,0.4165137136520837,0.07833749886683275,0.0
1690209715659958413,684033,0.41647079239261575,0.07838663649402412,0.0
1690209715660309896,684033,0.41642095930441847,0.07841267098198562,0.0
1690209715660324284,684033,0.41647341991566605,0.07838116285831923,0.0
1690209715660331546,684033,0.4164825431514717,0.07836873632497701,0.0
1690209715660336170,684033,0.41655299591553013,0.07828596570880025,0.0
1690209715660367555,684033,0.41658578088166953,0.07822782445370688,0.0
1690209715660377638,684033,0.4166199971266038,0.07815080693323767,0.0
1690209715667366406,684034,0.41666046066902807,0.07806980419442233,0.0
1690209715668276975,684034,0.4166847542856204,0.07801086302265843,0.0
1690209715668373379,684034,0.4167045099429737,0.0779885853215281,0.0
1690209715668740651,684034,0.4167453447626903,0.07787324305912509,0.0
1690209715668770730,684034,0.4167958208085868,0.0777937412895221,0.0
1690209715668780954,684034,0.41688433849860634,0.0777027490856557,0.0
1690209715668786878,684034,0.416940486503369,0.07760281916755474,0.0
1690209715668809670,684034,0.4169195464503326,0.07765150779312179,0.0
1690209715668826294,684034,0.4169600712141195,0.07759067635934315,0.0
1690209715668840494,684034,0.41701516069939015,0.07757914142106752,0.0
1690209715675435118,684035,0.41704522212326417,0.0775607157625821,0.0
1690209715676852523,684035,0.41699433704840344,0.07759881432450697,0.0
1690209715676872331,684035,0.417020723379287,0.07756662321885277,0.0
1690209715677302771,684035,0.4169025328742021,0.07766853335975384,0.0
1690209715677328981,684035,0.41691792020869484,0.07769569347174549,0.0
1690209715677346794,684035,0.41677015621402524,0.07782228205338802,0.0
1690209715677359134,684035,0.4166778888268829,0.0779833986655432,0.0
1690209715677368827,684035,0.4166555749383603,0.07799377501499243,0.0
1690209715677393263,684035,0.4166140705401529,0.07808005654552763,0.0
1690209715677412831,684035,0.4166042105631833,0.0781472638622488,0.0
1690209715684400238,684036,0.416538278437278,0.07820647014957909,0.0
1690209715685573307,684036,0.4165386008684825,0.07823539764259983,0.0
1690209715685762200,684036,0.4163982668398552,0.07840849973582399,0.0
1690209715685981108,684036,0.41643167858490043,0.07839689902883326,0.0
1690209715685993922,684036,0.4163999733178039,0.07839275500447376,0.0
1690209715685999425,684036,0.4163097762765158,0.0784856185215842,0.0
1690209715686009413,684036,0.41631825715999426,0.07838502481253311,0.0
1690209715686039217,684036,0.4162681447067427,0.07839907519333723,0.0
1690209715686049995,684036,0.41625884197755114,0.07837620706742213,0.0
1690209715686064671,684036,0.4162145455325466,0.07836621742483661,0.0
1690209715691667242,684037,0.4163155969864285,0.07819966669175266,0.0
1690209715692582057,684037,0.4163252815615155,0.07815138632912393,0.0
1690209715692686178,684037,0.4165386624574356,0.07793547129218623,0.0
1690209715693095537,684037,0.4165824904325964,0.0778360402294517,0.0
1690209715693110548,684037,0.4166622533114098,0.07780291314919917,0.0
1690209715693118082,684037,0.41678103574329867,0.07763951610178856,0.0
1690209715693132930,684037,0.41682746120821246,0.07765999982171598,0.0
1690209715693142774,684037,0.41685660713415496,0.07767999093885217,0.0
1690209715693211863,684037,0.4168088925085644,0.07771069878028175,0.0
1690209715693240167,684037,0.41683669987295857,0.07765725652760751,0.0
1690209715700410978,684038,0.4166921266694854,0.0777890879134879,0.0
1690209715701325963,684038,0.41671465535546787,0.07777814389166696,0.0
1690209715701639699,684038,0.4166269499291886,0.07785240762097739,0.0
1690209715701821352,684038,0.416489208349902,0.07800056720224377,0.0
1690209715702281169,684038,0.4164963891564778,0.07796138694810743,0.0
1690209715702317436,684038,0.41645089281170855,0.07802183390622905,0.0
1690209715702330680,684038,0.4164447653967853,0.0780614207424169,0.0
1690209715702336644,684038,0.41640434791710257,0.07812518776590213,0.0
1690209715702360506,684038,0.4164475919741749,0.07809620318479302,0.0
1690209715702383018,684038,0.4164443434515757,0.07814376634936293,0.0
1690209715708944800,684039,0.41643881161060786,0.07817806312217117,0.0
1690209715709661923,684039,0.4163622582273889,0.07830555465368345,0.0
1690209715710123638,684039,0.4163391626083899,0.07834097983209135,0.0
1690209715710231215,684039,0.416314179997663,0.07830440679542565,0.0
1690209715710572765,684039,0.41629750920345604,0.0783464172871081,0.0
1690209715710589777,684039,0.4162594477312451,0.07834757562834972,0.0
1690209715710603947,684039,0.41622581118911334,0.0783187700055922,0.0
1690209715710618288,684039,0.41620895000369484,0.07829804827135825,0.0
1690209715710623796,684039,0.4162186942761325,0.07827647985665917,0.0
1690209715710659767,684039,0.41632607801432814,0.07813934265993158,0.0
1690209715717929285,684040,0.4162770487050075,0.07815824025488373,0.0
1690209715719311745,684040,0.41635047014316295,0.07813410750530435,0.0
1690209715719552200,684040,0.41647519579010944,0.07795924399286208,0.0
1690209715719938974,684040,0.4165148506350805,0.07796952909575608,0.0
1690209715719955200,684040,0.4165291784067025,0.07800773689085899,0.0
1690209715719962929,684040,0.4165710795691611,0.07795245034408785,0.0
1690209715719985974,684040,0.41659218507960444,0.07790590361938553,0.0
1690209715720010579,684040,0.41651556893305924,0.0780100903988425,0.0
1690209715720025297,684040,0.41656588724722066,0.07796842477490276,0.0
1690209715720038798,684040,0.4165768088364006,0.07793208989514386,0.0
1690209715724637190,684041,0.4164693020503524,0.07803361915611784,0.0
1690209715725898241,684041,0.4164697126779898,0.07802204525633602,0.0
1690209715725993399,684041,0.4165367591917493,0.07797288229965882,0.0
1690209715726433954,684041,0.41648134323675046,0.07802002406089287,0.0
1690209715726453298,684041,0.41644034553044085,0.07803827578314608,0.0
1690209715726467163,684041,0.41644735512926156,0.07802450398838658,0.0
1690209715726473904,684041,0.4164877346494891,0.07800084109365903,0.0
1690209715726482323,684041,0.41647816011222516,0.07801833425292687,0.0
1690209715726493411,684041,0.4163936166396782,0.0781339296860144,0.0
1690209715726507068,684041,0.41643785031676017,0.07809944838587583,0.0
1690209715734676292,684042,0.4164537999870229,0.07802500425226959,0.0
1690209715735331706,684042,0.41644886547336,0.07804458352036535,0.0
1690209715735897221,684042,0.41644250513452774,0.07807012132840804,0.0
1690209715736290075,684042,0.41642918462452855,0.07802816674559267,0.0
1690209715736475458,684042,0.4163535273797962,0.0780977941421092,0.0
1690209715736664333,684042,0.416357106711628,0.07811573979051105,0.0
1690209715736853071,684042,0.41639178808478117,0.07805653417088902,0.0
1690209715736874116,684042,0.4163185531206345,0.0781222607036798,0.0
1690209715736900200,684042,0.41621153899297464,0.0782048737441059,0.0
1690209715736910106,684042,0.41628297771049355,0.07813097286148474,0.0
1690209715741899134,684043,0.41628997694289865,0.07812642299493454,0.0
1690209715742234968,684043,0.4162135022434996,0.07822053738033571,0.0
1690209715743087688,684043,0.4162383312746275,0.0781960361984108,0.0
1690209715743294110,684043,0.4162139614426254,0.07816837902302212,0.0
1690209715743526392,684043,0.4163149090236774,0.07809610120910915,0.0
1690209715743539421,684043,0.41629548929287774,0.07812334976572115,0.0
1690209715743554651,684043,0.4163534560997604,0.07807156356349783,0.0
1690209715743570649,684043,0.41634861971087456,0.07805539944117762,0.0
1690209715743578785,684043,0.41633220612956723,0.0780591338689885,0.0
1690209715743592116,684043,0.4164404564181974,0.07800485844368119,0.0
1690209715750226489,684044,0.4163858374710796,0.07801987484508696,0.0
1690209715750738019,684044,0.4163573007004156,0.07803790368791128,0.0
1690209715751719204,684044,0.4163096112535492,0.07808132797810292,0.0
1690209715751864572,684044,0.41637554512615854,0.07796248647515706,0.0
1690209715752189904,684044,0.4163733658372366,0.07795666376683212,0.0
1690209715752203290,684044,0.4163136827380623,0.07796742281147433,0.0
1690209715752222678,684044,0.4163651402845603,0.07786573497084734,0.0
1690209715752232582,684044,0.41643598872336024,0.07775379728422449,0.0
1690209715752267167,684044,0.41647811357227815,0.07770410829757865,0.0
1690209715752286618,684044,0.4165352011412869,0.07768230224463385,0.0
1690209715758392799,684045,0.41652914451764866,0.07765386343006453,0.0
1690209715758683353,684045,0.4165764555780133,0.0776133451772817,0.0
1690209715759304796,684045,0.4165846072744216,0.0776207112716165,0.0
1690209715759409670,684045,0.41652544058346896,0.07773678313917226,0.0
1690209715759571227,684045,0.4165291201513808,0.07775015750728127,0.0
1690209715759579426,684045,0.4164097745650174,0.0779120953441221,0.0
1690209715760091764,684045,0.41642724368606043,0.07796352328679285,0.0
1690209715760199672,684045,0.41635959211169965,0.07804234356785113,0.0
1690209715760412385,684045,0.4162974193241097,0.0781510665804014,0.0
1690209715760430076,684045,0.4161836731026476,0.07828056525441134,0.0
1690209715767272161,684046,0.4161347292396793,0.07832324733661893,0.0
1690209715767964393,684046,0.41610714862382286,0.07835022019277457,0.0
1690209715768154840,684046,0.4160186326298828,0.07846721190561694,0.0
1690209715768356676,684046,0.4160108109426461,0.07840655352225098,0.0
1690209715769070502,684046,0.4159699050703928,0.07845517982383814,0.0
1690209715769108873,684046,0.41598559723690637,0.078441204445063,0.0
1690209715769315306,684046,0.4160020397252147,0.07837926089538282,0.0
1690209715769332082,684046,0.41600343062316425,0.07836015201237875,0.0
1690209715769347766,684046,0.41598466907234727,0.07833967154090617,0.0
1690209715769359692,684046,0.4161197093906052,0.07816976037199685,0.0
1690209715775355935,684047,0.41614564699846307,0.0780924495668258,0.0
1690209715775961910,684047,0.4161898081378005,0.07809461080556299,0.0
1690209715776400380,684047,0.4163040358109379,0.07792500132129644,0.0
1690209715776543647,684047,0.4162983776975818,0.0778903467082473,0.0
1690209715776787021,684047,0.4163890340066882,0.07782647403763547,0.0
1690209715776797589,684047,0.4164267626564185,0.07774697498335895,0.0
1690209715776814124,684047,0.4164866759477841,0.0777149599260484,0.0
1690209715776836441,684047,0.4164268013423249,0.07777912671487848,0.0
1690209715776846126,684047,0.41646090470733443,0.0777355315951265,0.0
1690209715776857951,684047,0.4165014765962801,0.07770860116097367,0.0
1690209715783600726,684048,0.41636434560101765,0.07783215477729107,0.0
1690209715784393667,684048,0.4163714058770916,0.07782955201213176,0.0
1690209715785480197,684048,0.41627852732865805,0.0778862402232427,0.0
1690209715785486479,684048,0.4162178639782356,0.07797107744887666,0.0
1690209715785691449,684048,0.4161574610485938,0.07800792623530917,0.0
1690209715785700262,684048,0.4161161937250784,0.07804691776231638,0.0
1690209715785705321,684048,0.41614231914157757,0.07804222496391297,0.0
1690209715785777995,684048,0.41608142940836546,0.07808689084292153,0.0
1690209715785787061,684048,0.4160999199942719,0.07816727610203017,0.0
1690209715785815299,684048,0.41610543561232544,0.07819893279691688,0.0
1690209715792226299,684049,0.4161175879203432,0.07822659979114854,0.0
1690209715792421379,684049,0.4160798664510542,0.0783108595633221,0.0
1690209715792842909,684049,0.4160717301824411,0.07837505605349863,0.0
1690209715793402199,684049,0.4160715024369045,0.07831673325108218,0.0
1690209715793616097,684049,0.4159217681664902,0.07846990132674332,0.0
1690209715793819509,684049,0.4159198908449146,0.07847321557174479,0.0
1690209715794057403,684049,0.41589685371595586,0.07840635343124766,0.0
1690209715794068557,684049,0.4158239152094523,0.07842362817970717,0.0
1690209715794082301,684049,0.4157809267029326,0.07838373153713336,0.0
1690209715794101418,684049,0.4159183165569672,0.07820377631660785,0.0
1690209715801018143,684050,0.41595517033913815,0.07813479301967557,0.0
1690209715801797914,684050,0.4159272056878804,0.07818708395508171,0.0
1690209715802112484,684050,0.41609987008057936,0.07800938729422262,0.0
1690209715802118899,684050,0.4161568414547924,0.0779705538867601,0.0
1690209715802417073,684050,0.4161637331905982,0.07801734813015128,0.0
1690209715802425557,684050,0.4161820489794822,0.07798198114834795,0.0
1690209715802581922,684050,0.41622402197231745,0.07796915968602026,0.0
1690209715802595273,684050,0.41619077483584255,0.07798354622257288,0.0
1690209715802603222,684050,0.41614273481447106,0.07803662554674091,0.0
1690209715802619617,684050,0.41613572879696775,0.07807255885571644,0.0
1690209715809976458,684051,0.41603612227508036,0.07815435824050343,0.0
1690209715811241828,684051,0.4160263499577074,0.0781278283862583,0.0
1690209715811535049,684051,0.41598555694492634,0.07820060854481665,0.0
1690209715811843987,684051,0.41600481456697,0.07818535104749577,0.0
1690209715811857985,684051,0.41596139407255023,0.0782166704499721,0.0
1690209715811871743,684051,0.41591566909442745,0.07826574543791258,0.0
1690209715811880838,684051,0.4159585511625628,0.07822533512924784,0.0
1690209715811902272,684051,0.4160150441367554,0.07816554667457543,0.0
1690209715811913355,684051,0.41596103803191864,0.07822179118756929,0.0
1690209715811953767,684051,0.4159451635920077,0.07825382510762263,0.0
1690209715818153883,684052,0.4159888547153351,0.07813719975761761,0.0
1690209715818435917,684052,0.4159604558660628,0.07817423772381149,0.0
1690209715819488017,684052,0.41593242938751923,0.07819997390381639,0.0
1690209715819614129,684052,0.4159306146161611,0.07821599096740893,0.0
1690209715819933803,684052,0.41592804616922585,0.07817375190676953,0.0
1690209715819953589,684052,0.4159090994657677,0.07820109696678368,0.0
1690209715819970561,684052,0.41602672062321533,0.07811549828953525,0.0
1690209715819978138,684052,0.4160115234176133,0.07813423246415592,0.0
1690209715819991707,684052,0.41603953884730666,0.07812833494620708,0.0
1690209715820015001,684052,0.4160104370566967,0.07816795992309737,0.0
1690209715825505206,684053,0.41606475701708145,0.0782113605090723,0.0
1690209715826603150,684053,0.41602200455287214,0.07822960503861032,0.0
1690209715826621437,684053,0.41591338382090204,0.0783582166086189,0.0
1690209715826892348,684053,0.41588761833106846,0.07833276379141398,0.0
1690209715826906932,684053,0.4158222951116981,0.07838250729895851,0.0
1690209715826918960,684053,0.4158209035311625,0.07840384145788433,0.0
1690209715826925562,684053,0.41566606581565074,0.07853620005954234,0.0
1690209715826930065,684053,0.41570943421582773,0.07850682739613933,0.0
1690209715826946531,684053,0.4156833437044124,0.07845874935438295,0.0
1690209715826956266,684053,0.4157467924861146,0.07841219761960683,0.0
1690209715833655041,684054,0.4157533049617009,0.07838482849967121,0.0
1690209715834008866,684054,0.4157382572198302,0.07838928718075848,0.0
1690209715835014548,684054,0.41581394018871703,0.07831117122347046,0.0
1690209715835148676,684054,0.41580286314121845,0.07833717316575202,0.0
1690209715835502790,684054,0.4158627863585289,0.0783066283730023,0.0
1690209715835516466,684054,0.4158237094844268,0.0783252791167121,0.0
1690209715835523105,684054,0.4158232012530052,0.078316106921558,0.0
1690209715835531896,684054,0.41588334213966505,0.07828176279883152,0.0
1690209715835550623,684054,0.41591758231661047,0.07823719141376727,0.0
1690209715835618653,684054,0.41592146082162484,0.07824077030430211,0.0
1690209715843595221,684055,0.41588131195942574,0.07825151966701323,0.0
1690209715844339725,684055,0.41592676061527606,0.07818938585002276,0.0
1690209715844571125,684055,0.41594074125805625,0.07817512432781691,0.0
1690209715845045565,684055,0.4158936310958905,0.07820169041838076,0.0
1690209715845056530,684055,0.41588745127460436,0.07816430996965032,0.0
1690209715845061325,684055,0.4158742087639017,0.07808830860775681,0.0
1690209715845429001,684055,0.4159399545927356,0.0780138231433368,0.0
1690209715845541054,684055,0.4159649561838336,0.07799161770949053,0.0
1690209715845769744,684055,0.4159499008434636,0.07802466578397284,0.0
1690209715845799229,684055,0.41599346540884896,0.0779753686832733,0.0
1690209715851152230,684056,0.41602869773575746,0.0779715582807259,0.0
1690209715852138765,684056,0.41611822635268414,0.07790852505139798,0.0
1690209715852279810,684056,0.4160976222693249,0.07794865179105713,0.0
1690209715852576214,684056,0.4160649473988552,0.07802257441265541,0.0
1690209715852602585,684056,0.41598376366367956,0.07810773252914527,0.0
1690209715852615212,684056,0.4160175181358272,0.07815137017867572,0.0
1690209715852623874,684056,0.4159549436682453,0.07820856329551523,0.0
1690209715852637521,684056,0.41586019812851965,0.0783145380907828,0.0
1690209715852649679,684056,0.41585128002761684,0.0782851983733459,0.0
1690209715852664487,684056,0.41577856378743083,0.07834623111881875,0.0
1690209715860344718,684057,0.41577065056526685,0.07836691318104436,0.0
1690209715860554635,684057,0.41570309482057316,0.07842287168615401,0.0
1690209715861033831,684057,0.4157080545099695,0.07842426012848125,0.0
1690209715861081312,684057,0.4156936325043743,0.07839829985975647,0.0
1690209715861096581,684057,0.4157660397220368,0.07836132111494797,0.0
1690209715861466203,684057,0.415811627760875,0.07832327407751966,0.0
1690209715861487523,684057,0.41579466344560523,0.07836076874824625,0.0
1690209715861498314,684057,0.4158502553699247,0.07831609146110334,0.0
1690209715861512571,684057,0.4158527157410563,0.07832614000510049,0.0
1690209715861522737,684057,0.41589453919184227,0.07831512012227168,0.0
1690209715868942874,684058,0.41582981233306565,0.07835052430762518,0.0
1690209715869303465,684058,0.41584620034182285,0.07830693774212798,0.0
1690209715869523974,684058,0.41584246369997063,0.07823676260772897,0.0
1690209715870103388,684058,0.4158674268156014,0.07820124016366484,0.0
1690209715870243415,684058,0.41585645250354414,0.07817070220302944,0.0
1690209715870585185,684058,0.4158374804234146,0.07819434865480555,0.0
1690209715870601132,684058,0.41585712011909415,0.07814589732700532,0.0
1690209715870612421,684058,0.4158786436887849,0.07815479528671072,0.0
1690209715870647640,684058,0.41600814644899897,0.07805416308527702,0.0
1690209715870659553,684058,0.41600801773596463,0.07806612275448864,0.0
1690209715876391811,684059,0.4160511807387454,0.07807498840688151,0.0
1690209715877241625,684059,0.41599931585743655,0.07813526335923404,0.0
1690209715877334914,684059,0.41603491851019914,0.0781814354541329,0.0
1690209715877619975,684059,0.41598591819761854,0.07823535329429111,0.0
1690209715877728241,684059,0.4158852261702892,0.0783415372151394,0.0
1690209715877740757,684059,0.41586354913497503,0.07830802555235282,0.0
1690209715877748864,684059,0.4157594129004389,0.07838310540003539,0.0
1690209715877767968,684059,0.4157521400112748,0.07840703740121263,0.0
1690209715877771671,684059,0.4156519043073141,0.07848714016148223,0.0
1690209715877837416,684059,0.4156592422125835,0.07847784384350137,0.0
1690209715884068377,684060,0.4156648203200329,0.07841657589112254,0.0
1690209715884933889,684060,0.4157022281919792,0.07842497672803632,0.0
1690209715885319766,684060,0.4157684375600772,0.07835443216372036,0.0
1690209715885340812,684060,0.41572480463792894,0.07835662976282227,0.0
1690209715885354013,684060,0.41574340690844436,0.0783341746858855,0.0
1690209715885598162,684060,0.41573676993195907,0.07834693318184015,0.0
1690209715885610896,684060,0.4158056478601588,0.07826393703249454,0.0
1690209715885623290,684060,0.41572191986243867,0.07831506483048083,0.0
1690209715885632797,684060,0.4157017497143324,0.07832421909094049,0.0
1690209715885639638,684060,0.4157747613374082,0.07822740657740924,0.0
1690209715893816560,684061,0.4157912491826056,0.07821946554048062,0.0
1690209715895951494,684061,0.415756505671215,0.07826273962064512,0.0
1690209715895977494,684061,0.4157738378866366,0.07830440280042,0.0
1690209715895987277,684061,0.41580375514623635,0.07827053165540643,0.0
1690209715896001924,684061,0.41576472485749616,0.07835611770172633,0.0
1690209715896047312,684061,0.4157354980082121,0.07841148544730651,0.0
1690209715896054519,684061,0.4157155547689546,0.07844087451432595,0.0
1690209715896096517,684061,0.41570426775380026,0.0783848961635133,0.0
1690209715896115835,684061,0.41556536062995797,0.0785175645973935,0.0
1690209715896130809,684061,0.41553800106146244,0.07851866553457572,0.0
1690209715900527014,684062,0.41554097107413784,0.0784354798585197,0.0
1690209715901208570,684062,0.4154798708673447,0.0784506194221657,0.0
1690209715901374862,684062,0.41545837893979665,0.0784321013568714,0.0
1690209715901386252,684062,0.41554077895390656,0.07828543615907502,0.0
1690209715902050685,684062,0.4155516554613782,0.07823643747029133,0.0
1690209715902188149,684062,0.4155665076129059,0.0781933204109146,0.0
1690209715902396681,684062,0.4156678338825955,0.07804787099052056,0.0
1690209715902409968,684062,0.4157647281386807,0.07797711498521352,0.0
1690209715902419055,684062,0.41576288515349713,0.0779468236696491,0.0
1690209715902430246,684062,0.41583392953646126,0.07785544008326578,0.0
1690209715909494989,684063,0.41588467107026655,0.07781400014755538,0.0
1690209715910479594,684063,0.4158854852029331,0.07777156104806952,0.0
1690209715910802462,684063,0.4158909110047289,0.0777356624750752,0.0
1690209715911098461,684063,0.4159565232966206,0.07766445284450896,0.0
1690209715911117197,684063,0.41599419632967294,0.0776206633813403,0.0
1690209715911132082,684063,0.41599351329511464,0.07762836983661305,0.0
1690209715911138121,684063,0.4159522565810572,0.0776902763423534,0.0
1690209715911154135,684063,0.41598390400391394,0.07766653469243072,0.0
1690209715911164687,684063,0.4159533660104681,0.07768055126614432,0.0
1690209715911173455,684063,0.41592117293578845,0.07780792301370172,0.0
1690209715918106757,684064,0.4158781571641916,0.07787139209825442,0.0
1690209715918125766,684064,0.4158541855275789,0.07788217653999092,0.0
1690209715918130251,684064,0.4157774063673666,0.07801548249143171,0.0
1690209715919229786,684064,0.4157138329994866,0.07810367134945483,0.0
1690209715919422295,684064,0.4156975271948564,0.07813862684571726,0.0
1690209715919636560,684064,0.415587133211465,0.07826913910836193,0.0
1690209715919648257,684064,0.415534682083393,0.07833780103154787,0.0
1690209715919654105,684064,0.4156286237389343,0.07821555366971869,0.0
1690209715919697558,684064,0.4155801581641205,0.0782974139001111,0.0
1690209715919711285,684064,0.4155981134652629,0.07828594346315985,0.0
1690209715926778943,684065,0.4155797757006154,0.07824978272160732,0.0
1690209715927551630,684065,0.4155892432835678,0.07825236351813358,0.0
1690209715928094970,684065,0.41560496343952025,0.0781895497276155,0.0
1690209715928104639,684065,0.41563110083232546,0.07814101537113331,0.0
1690209715928168584,684065,0.41563621129137507,0.0780845822088536,0.0
1690209715928364091,684065,0.41561985108622324,0.07807232246668819,0.0
1690209715928751576,684065,0.41571428570575053,0.07791894327285502,0.0
1690209715928769585,684065,0.4157022652952831,0.07791193571243164,0.0
1690209715928785529,684065,0.41576303088237343,0.07779996862044407,0.0
1690209715928799671,684065,0.4157840885431474,0.0777274347715288,0.0
1690209715934184813,684066,0.4158309084693284,0.07768016964988225,0.0
1690209715934813635,684066,0.4158847050834122,0.0776100971558537,0.0
1690209715935440752,684066,0.4159206839164871,0.07761039295352488,0.0
1690209715935545244,684066,0.41592660969043965,0.07757029837803649,0.0
1690209715935783938,684066,0.41596513450184014,0.07756008451292604,0.0
1690209715935798221,684066,0.4159830215308328,0.07755704864988132,0.0
1690209715935808926,684066,0.41595900924965057,0.0776609073296721,0.0
1690209715935820525,684066,0.41593932382560417,0.07769184359711245,0.0
1690209715935835908,684066,0.41578278475598385,0.07785107273584486,0.0
1690209715935842252,684066,0.4157888249587904,0.07790950511611015,0.0
1690209715942805272,684067,0.4157229098710149,0.077986441062942,0.0
1690209715943940796,684067,0.4156453097729261,0.07812033904078489,0.0
1690209715944082414,684067,0.41554630401793413,0.07823759465115405,0.0
1690209715944218370,684067,0.41550678559915394,0.07825524681669899,0.0
1690209715944233745,684067,0.41556658318760814,0.07818270700657558,0.0
1690209715944677011,684067,0.4154933347131536,0.07826800732784651,0.0
1690209715944833559,684067,0.4155383753955571,0.07819985410943435,0.0
1690209715945073425,684067,0.41552726054683453,0.07816543906824551,0.0
1690209715945086039,684067,0.4155092644885191,0.07818728445576187,0.0
1690209715945148254,684067,0.41558374426110545,0.07813021489936732,0.0
1690209715950471271,684068,0.41556687856906654,0.07811584387574476,0.0
1690209715951133729,684068,0.41555729790323964,0.0781173614055889,0.0
1690209715951284306,684068,0.4155045219502027,0.07817349532730875,0.0
1690209715951426967,684068,0.4155745284389233,0.0780892695878491,0.0
1690209715951584031,684068,0.415560159576576,0.07809509877092041,0.0
1690209715951753903,684068,0.41545992283012817,0.07816916621943336,0.0
1690209715951766332,684068,0.41550942208990993,0.07810114602024014,0.0
1690209715951969382,684068,0.4155279231214939,0.07800283370274069,0.0
1690209715952075907,684068,0.4155362848918172,0.07799238353914618,0.0
1690209715952087509,684068,0.4155381736386268,0.0780016817080822,0.0
1690209715960223072,684069,0.41553824486534524,0.07792457294819792,0.0
1690209715961109965,684069,0.4155563978778888,0.07791481310148231,0.0
1690209715961892363,684069,0.41558275778115406,0.07791869776827182,0.0
1690209715962084148,684069,0.41567567411864137,0.07787862660106704,0.0
1690209715962252087,684069,0.415651017446641,0.07791555716194622,0.0
1690209715962650946,684069,0.4155704894114084,0.07798804848060788,0.0
1690209715962685519,684069,0.4156264617628611,0.07795749000388452,0.0
1690209715962717249,684069,0.4156166418225954,0.0779454458936422,0.0
1690209715962728916,684069,0.41553262388179335,0.07804173319967543,0.0
1690209715962764576,684069,0.41558148888677154,0.07798506134582728,0.0
1690209715968518335,684070,0.4155693520109126,0.07793792516372414,0.0
1690209715968684213,684070,0.41561191702907907,0.0779314516570743,0.0
1690209715968805063,684070,0.4156508664935886,0.07789759691477992,0.0
1690209715969200209,684070,0.41571074493848525,0.07784141747075135,0.0
1690209715969208160,684070,0.4156524780834016,0.0778808149438051,0.0
1690209715969214036,684070,0.41565540258381595,0.07787191827378816,0.0
1690209715969224303,684070,0.4157721278364951,0.07779856627528184,0.0
1690209715969236396,684070,0.41572899386070805,0.0778397031086316,0.0
1690209715969271986,684070,0.4156973845939211,0.07786698449269538,0.0
1690209715969276792,684070,0.41571208203923293,0.07784721120757966,0.0
1690209715975921123,684071,0.4157949735542388,0.07777703017626629,0.0
1690209715976642115,684071,0.41576368837248623,0.07781769218569709,0.0
1690209715976748335,684071,0.4156972249786993,0.07791314668689982,0.0
1690209715977035010,684071,0.41574495553588847,0.07786285901466047,0.0
1690209715977047058,684071,0.4157379466132342,0.07782510705491945,0.0
1690209715977053545,684071,0.4157184627567136,0.07787439936760333,0.0
1690209715977071732,684071,0.41570699413703616,0.07791300646009984,0.0
1690209715977081568,684071,0.4156892719138865,0.07789657060465761,0.0
1690209715977097265,684071,0.415578489015644,0.07798219387051954,0.0
1690209715977104154,684071,0.4155695427887671,0.07799311799156967,0.0
1690209715983714004,684072,0.41566950174398176,0.07782099558361946,0.0
1690209715984754077,684072,0.4155823225546468,0.07788379825308071,0.0
1690209715984922362,684072,0.4155694777518514,0.07789264585530657,0.0
1690209715985451145,684072,0.4156565887416533,0.07774448782348607,0.0
1690209715985468038,684072,0.41568390631464847,0.07774950446371803,0.0
1690209715985485061,684072,0.4156840864571343,0.07779691382814316,0.0
1690209715985502885,684072,0.41573126411872574,0.07773919433848711,0.0
1690209715985513626,684072,0.41577710474040275,0.07766795355424269,0.0
1690209715985522592,684072,0.4157256893478516,0.07775521768117265,0.0
1690209715985574000,684072,0.41579975887756726,0.07770929635897436,0.0
1690209715992864072,684073,0.41574477619362304,0.0777591175055927,0.0
1690209715994206586,684073,0.41568279594390295,0.07781461628821565,0.0
1690209715994757530,684073,0.4156772279172067,0.07779294657233154,0.0
1690209715994965382,684073,0.4156445493594637,0.07785490839456928,0.0
1690209715995093947,684073,0.4156383021234398,0.07786495561816312,0.0
1690209715995112249,684073,0.4155975460471204,0.07783640394840291,0.0
1690209715995122830,684073,0.4156128248297152,0.07784275508197475,0.0
1690209715995201129,684073,0.41564812995031775,0.07782639029148568,0.0
1690209715995231479,684073,0.41565603624417846,0.07781132652836315,0.0
1690209715995238181,684073,0.41559792185301986,0.07793664529353132,0.0
1690209716000877580,684074,0.4156193678394363,0.07793617667841325,0.0
1690209716002042185,684074,0.41567852474816575,0.07788563676469297,0.0
1690209716002306844,684074,0.41563993641738745,0.07795220151115768,0.0
1690209716002590585,684074,0.415591415234392,0.07804370432384727,0.0
1690209716002604838,684074,0.41558751379385184,0.07803718214139037,0.0
1690209716002613072,684074,0.4154714272025622,0.07812928504505606,0.0
1690209716002621218,684074,0.4154712033603958,0.07815975936378032,0.0
1690209716002635541,684074,0.41547147564804243,0.07810612698594892,0.0
1690209716002649509,684074,0.415396354962293,0.07815193508551235,0.0
1690209716002669312,684074,0.41539076134764846,0.07806224295671213,0.0
1690209716009228566,684075,0.41541778136260854,0.07799383964765386,0.0
1690209716009546362,684075,0.4155186503036606,0.0779390263282607,0.0
1690209716010325375,684075,0.41550174086662167,0.07791788012006887,0.0
1690209716010419973,684075,0.41559530273156625,0.07782946235963252,0.0
1690209716010674972,684075,0.41565469312545,0.07775870310344174,0.0
1690209716011011347,684075,0.4157427690511898,0.07766834849621039,0.0
1690209716011026186,684075,0.41580121605189907,0.07759455329582382,0.0
1690209716011034375,684075,0.4157141952455398,0.07772254431351533,0.0
1690209716011047802,684075,0.4157576654743975,0.07766933452543329,0.0
1690209716011058522,684075,0.4157349728912579,0.07765596074001198,0.0
1690209716017625665,684076,0.41572506326681335,0.07772348884986431,0.0
1690209716017916516,684076,0.4156898343764006,0.07774161486021137,0.0
1690209716018663634,684076,0.4156612122492099,0.07769421346813046,0.0
1690209716018787912,684076,0.41559748387740014,0.07777713631948115,0.0
1690209716018940294,684076,0.415628656911691,0.0777746410623628,0.0
1690209716018949253,684076,0.41565877118867006,0.077720219242914,0.0
1690209716018959241,684076,0.41557568309647963,0.07786203008125282,0.0
1690209716018964901,684076,0.41556142415529795,0.0778785930304651,0.0
1690209716019001596,684076,0.4156089495598451,0.07786351886295426,0.0
1690209716019005851,684076,0.4155800661575983,0.07793268351317348,0.0
1690209716026589708,684077,0.4155416895256485,0.07805421598992104,0.0
1690209716026864514,684077,0.4155717748381813,0.07802675965154,0.0
1690209716027563211,684077,0.4154708633240118,0.07816564310385068,0.0
1690209716027597040,684077,0.41544479272074875,0.07823147449832824,0.0
1690209716027852711,684077,0.41534633824406336,0.07829621201019296,0.0
1690209716027866466,684077,0.41527516804930725,0.07837300621486228,0.0
1690209716027873516,684077,0.41522283818443384,0.07830475154474738,0.0
1690209716027878848,684077,0.4152150286781649,0.07828398016920927,0.0
1690209716027900244,684077,0.4152295689053536,0.07823374820823967,0.0
1690209716027920079,684077,0.4151740745804168,0.07821143560408798,0.0
1690209716033924829,684078,0.41530178081736696,0.07804168088757818,0.0
1690209716034761347,684078,0.4153334123120349,0.07796266410648302,0.0
1690209716034881943,684078,0.4155077648947932,0.07777197218616759,0.0
1690209716035089628,684078,0.4155930231276188,0.07765403232102913,0.0
1690209716035105225,684078,0.41559699170757836,0.07770344508461179,0.0
1690209716035126854,684078,0.41568163274815617,0.07759376341876582,0.0
1690209716035138112,684078,0.41568782640147783,0.07761614379731725,0.0
1690209716035147016,684078,0.41571290427243945,0.07764389841685855,0.0
1690209716035154884,684078,0.41568569340809614,0.07766473729954267,0.0
1690209716035170876,684078,0.4156985490952728,0.07765024961091405,0.0
1690209716043095121,684079,0.41563296780965764,0.07771561072174872,0.0
1690209716043099947,684079,0.41566572225460513,0.0777130548929164,0.0
1690209716043114315,684079,0.41561325918045766,0.07774276925210227,0.0
1690209716043134206,684079,0.41553279258212017,0.07789771452697186,0.0
1690209716043287903,684079,0.41552042607614004,0.0779205994379267,0.0
1690209716043297177,684079,0.41551593392567004,0.0779809377184403,0.0
1690209716043304630,684079,0.41550473454952985,0.07805750063821384,0.0
1690209716043310079,684079,0.41545220224870644,0.07814703574924062,0.0
1690209716043320840,684079,0.4154632479615402,0.07816247388832151,0.0
1690209716043328033,684079,0.4153785074580434,0.07829479473162007,0.0
1690209716051461252,684080,0.4153734835924987,0.078329453064681,0.0
1690209716051466566,684080,0.4153451506060161,0.07830930001493264,0.0
1690209716052363635,684080,0.4152976344259256,0.07835192334977104,0.0
1690209716052378182,684080,0.4152682569221133,0.0782654328513963,0.0
1690209716052667080,684080,0.4152897511319117,0.07818892585310457,0.0
1690209716052678131,684080,0.4153086731080351,0.07813756564521591,0.0
1690209716052682979,684080,0.41530981875556017,0.07810691472346108,0.0
1690209716052697152,684080,0.4153898767862233,0.07798016689592902,0.0
1690209716052704900,684080,0.4154453401022905,0.07789320509202573,0.0
1690209716052713501,684080,0.41551823106194496,0.07782247950768016,0.0
1690209716060056075,684081,0.4156121796518675,0.07770397352191269,0.0
1690209716060432705,684081,0.41559583705533376,0.07775868369964231,0.0
1690209716060595950,684081,0.41562347013706397,0.07771587716754708,0.0
1690209716060762416,684081,0.4156561005802869,0.07767937794038896,0.0
1690209716060809603,684081,0.4156674339949431,0.07768570666064849,0.0
1690209716060930203,684081,0.4156508954576487,0.07771551982544134,0.0
1690209716060938717,684081,0.4156147521060661,0.07774595410422193,0.0
1690209716060951624,684081,0.41555926347773753,0.07781051938871512,0.0
1690209716060960808,684081,0.41550206789510624,0.07790307183667085,0.0
1690209716060968160,684081,0.4154426691814973,0.0779805534639079,0.0
1690209716068449405,684082,0.4153210899356522,0.07813680971524246,0.0
1690209716069684609,684082,0.4152605268779476,0.07820930532218014,0.0
1690209716070047498,684082,0.4151741937136146,0.07825149952705993,0.0
1690209716070060513,684082,0.4151526805605865,0.0782972199979361,0.0
1690209716070080520,684082,0.41513371072545957,0.07830238084504637,0.0
1690209716070091167,684082,0.4150993038358144,0.07832496304613432,0.0
1690209716070110171,684082,0.41517708962369737,0.07826023510445493,0.0
1690209716070123497,684082,0.41521462982941076,0.07821271064029957,0.0
1690209716070133079,684082,0.41524811278575235,0.07818505141323327,0.0
1690209716070145433,684082,0.41532482048016284,0.07809404770136412,0.0
1690209716076457736,684083,0.4153574043061593,0.07802744288197032,0.0
1690209716076487004,684083,0.41535826419185834,0.07798840768143901,0.0
1690209716076675894,684083,0.4153822396388948,0.07792527729935543,0.0
1690209716076979441,684083,0.4154213348735689,0.07784623268486532,0.0
1690209716077339036,684083,0.41541784236627133,0.0777811832572381,0.0
1690209716077475457,684083,0.4154293154987266,0.07774448297023674,0.0
1690209716077692311,684083,0.4155542729266281,0.07758200558975432,0.0
1690209716077700996,684083,0.4156123016654975,0.07749271898991691,0.0
1690209716077706003,684083,0.41566368308775264,0.07747743570817142,0.0
1690209716077716391,684083,0.415728747333292,0.07747218554404531,0.0
1690209716086730423,684084,0.41581198369805933,0.07745728732844083,0.0
1690209716086867221,684084,0.415804278351197,0.07750227241204666,0.0
1690209716087367618,684084,0.4157808025818626,0.07758105624823904,0.0
1690209716087377203,684084,0.41580448061724573,0.07764212900019722,0.0
1690209716087382689,684084,0.41568420873453876,0.07774551858511906,0.0
1690209716087445418,684084,0.4155222312891851,0.07794123500098347,0.0
1690209716087456069,684084,0.41540165857644,0.07809445930216488,0.0
1690209716087464699,684084,0.4153568773505961,0.07811667016676654,0.0
1690209716087525470,684084,0.4152299682092725,0.07821458611896338,0.0
1690209716087548009,684084,0.4151203100961307,0.07829249918028053,0.0
1690209716092553675,684085,0.4151141513836399,0.07826985822744914,0.0
1690209716092681714,684085,0.4150768444281895,0.07824884336757017,0.0
1690209716093576775,684085,0.41510119605388174,0.078256146871615,0.0
1690209716094005291,684085,0.4151878439622627,0.07819101808136983,0.0
1690209716094086702,684085,0.4152678349882739,0.0780812073541467,0.0
1690209716094356390,684085,0.4152471314696855,0.07812164604970237,0.0
1690209716094421942,684085,0.4153154223968277,0.07805564963011684,0.0
1690209716094442239,684085,0.41542170884353113,0.07796174525542239,0.0
1690209716094451235,684085,0.415363180886409,0.07799613413553821,0.0
1690209716094459873,684085,0.4153600030735646,0.07800054335753179,0.0
1690209716103102315,684086,0.4153794657124571,0.07794359596921865,0.0
1690209716104481240,684086,0.4153957084967857,0.07793786951760541,0.0
1690209716104809887,684086,0.4153717687411338,0.07796801342461648,0.0
1690209716104901868,684086,0.4153498260294227,0.07795689883442221,0.0
1690209716104915319,684086,0.4154164290385401,0.0778863092943561,0.0
1690209716105092894,684086,0.4153964365292314,0.07785282605087673,0.0
1690209716105203425,684086,0.4154005241522378,0.0779073432974241,0.0
1690209716105446737,684086,0.41541899114508113,0.07788395289907812,0.0
1690209716105458459,684086,0.41537986353725187,0.0778827886219735,0.0
1690209716105469412,684086,0.4154116554043822,0.07788149164466361,0.0
1690209716110014094,684087,0.41543292056867936,0.07790133912169649,0.0
1690209716110214392,684087,0.4155093655371149,0.07783403233168264,0.0
1690209716110435794,684087,0.41539641151924495,0.07795573436138012,0.0
1690209716110685797,684087,0.4153529590511895,0.07804635265295139,0.0
1690209716110731605,684087,0.4154968087501071,0.0778637818468264,0.0
1690209716110746216,684087,0.41548326568718774,0.07792007016813653,0.0
1690209716110753441,684087,0.41547186029396366,0.07797685147790392,0.0
1690209716110760796,684087,0.4155111013733971,0.07788068780493232,0.0
1690209716110765910,684087,0.41552233744076755,0.0778616643559418,0.0
1690209716110805024,684087,0.4155030882144795,0.07794830504900899,0.0
1690209716117614603,684088,0.41545638609458,0.07798315166863516,0.0
1690209716117962835,684088,0.41545568621465545,0.07795653995442048,0.0
1690209716118083490,684088,0.41532598170240126,0.07810338619034564,0.0
1690209716118614470,684088,0.41536327224604613,0.07806758563768999,0.0
1690209716118690394,684088,0.4153832393481219,0.07806819902074777,0.0
1690209716118957274,684088,0.41528559920682867,0.07818216230524974,0.0
1690209716118972314,684088,0.4153091438359035,0.07817912932343775,0.0
1690209716118984049,684088,0.41534286783411883,0.07814310251324409,0.0
1690209716119002610,684088,0.41533649693602265,0.07818604808119858,0.0
1690209716119021680,684088,0.4153153796301592,0.07826987975335739,0.0
1690209716125750961,684089,0.41529664596110716,0.07827608705759148,0.0
1690209716126359786,684089,0.41523666838989165,0.07834076088535877,0.0
1690209716126486533,684089,0.41523691932104156,0.07831892287370822,0.0
1690209716126654532,684089,0.41517039563861263,0.078379862863299,0.0
1690209716127139271,684089,0.4151181009077287,0.07841178715234856,0.0
1690209716127285049,684089,0.4150428416964332,0.07837706285206256,0.0
1690209716127645129,684089,0.4150535746843672,0.07832194090295082,0.0
1690209716127769904,684089,0.4150686491710581,0.07828447099960416,0.0
1690209716127787229,684089,0.41515283922033364,0.07816295106932296,0.0
1690209716127798806,684089,0.41521545925919146,0.07806522633740771,0.0
1690209716135236630,684090,0.41527297996198126,0.07802105824398856,0.0
1690209716135412059,684090,0.4154722365693636,0.07781663914386765,0.0
1690209716135733482,684090,0.4155386978093906,0.07778128029274539,0.0
1690209716135746262,684090,0.4155694880233885,0.07783100296858363,0.0
1690209716135757325,684090,0.4156116227261538,0.07778634579768617,0.0
1690209716135766975,684090,0.4156187048149959,0.07777072761358154,0.0
1690209716135805918,684090,0.4155664212917703,0.07787346842281355,0.0
1690209716135814026,684090,0.4155281557686208,0.07791839386861005,0.0
1690209716135861709,684090,0.41542695228406085,0.07797077916721942,0.0
1690209716135869553,684090,0.4153389290165585,0.0780655693726821,0.0
1690209716141791659,684091,0.41533990083190914,0.07802772079696937,0.0
1690209716142432498,684091,0.41528536691314905,0.0780949152896741,0.0
1690209716142606639,684091,0.4152392558083789,0.07818865121774238,0.0
1690209716142703251,684091,0.4152206740765111,0.07816284264701062,0.0
1690209716143168257,684091,0.415252525821303,0.07818044770272116,0.0
1690209716143391772,684091,0.4152548023128074,0.07824328949757556,0.0
1690209716143711734,684091,0.41528752865808566,0.0782619418156184,0.0
1690209716143734079,684091,0.4152544644947946,0.078310771300698,0.0
1690209716143759382,684091,0.4151414948779354,0.07844889275129738,0.0
1690209716143770411,684091,0.41520906563121196,0.07841030801472425,0.0
1690209716150503069,684092,0.41513707491221263,0.07844949384640217,0.0
1690209716151671943,684092,0.41505585579860027,0.07854699127501187,0.0
1690209716152179032,684092,0.41500754265586715,0.07852154644975198,0.0
1690209716152213261,684092,0.41500234474059516,0.07847418475141497,0.0
1690209716152357055,684092,0.4150137482238341,0.07846876722554771,0.0
1690209716152541671,684092,0.4149897663927606,0.07846625340275803,0.0
1690209716152738448,684092,0.41508326002992685,0.0783284715359475,0.0
1690209716152761804,684092,0.41511138897900624,0.0782054141801721,0.0
1690209716152778060,684092,0.4151928673988568,0.07812519893238526,0.0
1690209716152820643,684092,0.4153207028492633,0.07798895865904952,0.0
1690209716159730960,684093,0.4153439793672682,0.07793172856288713,0.0
1690209716160837874,684093,0.41538631937577764,0.07783090977937668,0.0
1690209716161079610,684093,0.41542563000216803,0.07779528268103174,0.0
1690209716161325570,684093,0.4155647855340323,0.0776466768993999,0.0
1690209716161587761,684093,0.41554096861354745,0.07764273698157287,0.0
1690209716161597403,684093,0.4154842562564714,0.07771927359227855,0.0
1690209716161609245,684093,0.41556327553961997,0.07763935152165605,0.0
1690209716161618484,684093,0.41562284638491603,0.07760590113284778,0.0
1690209716161629297,684093,0.415577035967281,0.07767388155047782,0.0
1690209716161655603,684093,0.4155596002469347,0.07775411600824347,0.0
1690209716168864576,684094,0.4155911807552709,0.07772884563983096,0.0
1690209716169309129,684094,0.4155472312420244,0.07783420636127857,0.0
1690209716170135987,684094,0.4155295826389126,0.07791654347309014,0.0
1690209716170141943,684094,0.41546864192789107,0.07801652209520135,0.0
1690209716170495473,684094,0.41537300301269453,0.07813570899464041,0.0
1690209716170505900,684094,0.41523058581089134,0.0782790310622757,0.0
1690209716170518789,684094,0.41526432390967055,0.07831962843015085,0.0
1690209716170529885,684094,0.41522743536860196,0.07835538545340341,0.0
1690209716170546286,684094,0.4151165034657336,0.0784887460515255,0.0
1690209716170556888,684094,0.4150759146204154,0.0784785375439761,0.0
1690209716176111840,684095,0.4150740744336182,0.07847802991990592,0.0
1690209716176299711,684095,0.415079388572645,0.07848206470113608,0.0
1690209716176606643,684095,0.4150076953679804,0.07854341188153742,0.0
1690209716176699047,684095,0.4151125492475457,0.07842076389151457,0.0
1690209716176935974,684095,0.4151168713971427,0.07831516285599344,0.0
1690209716177443611,684095,0.4151690910749876,0.07827016298976285,0.0
1690209716177546543,684095,0.4152354397846243,0.0781675322524116,0.0
1690209716177779325,684095,0.4152547174684379,0.07812036671466215,0.0
1690209716177794786,684095,0.4152988629568198,0.07802531096035746,0.0
1690209716177817328,684095,0.41533718174494283,0.07798886103818772,0.0
1690209716184320582,684096,0.41551353419468123,0.07782147863125623,0.0
1690209716185326267,684096,0.41552089845083406,0.07778299021300368,0.0
1690209716185471363,684096,0.415549302345788,0.0777703841067636,0.0
1690209716185851801,684096,0.4156348151466563,0.07767774152769592,0.0
1690209716185860819,684096,0.41571759612493614,0.07763472709928704,0.0
1690209716185864969,684096,0.41571097071203555,0.07768623036771877,0.0
1690209716185901957,684096,0.41568673297161896,0.0777731702167267,0.0
1690209716185915463,684096,0.4157169384758983,0.07776782881186887,0.0
1690209716185924289,684096,0.41562422584156583,0.07789819034526681,0.0
1690209716185934898,684096,0.4155862687971257,0.07799612617945009,0.0
1690209716193500634,684097,0.41547312535094383,0.07814867672851086,0.0
1690209716194837723,684097,0.41539962329064495,0.07824544689495688,0.0
1690209716195093610,684097,0.41524819441346333,0.07838566481997394,0.0
1690209716195522274,684097,0.415221052034221,0.0784541951716999,0.0
1690209716195552995,684097,0.41520250016470195,0.0784455551623944,0.0
1690209716195574211,684097,0.41508170838780134,0.07854743499660359,0.0
1690209716195584732,684097,0.4150992313742574,0.07852117972811128,0.0
1690209716195592908,684097,0.41511059878826334,0.07848157839610098,0.0
1690209716195602336,684097,0.41512584086408033,0.07846831975528294,0.0
1690209716195632199,684097,0.41508604909668206,0.07851726377440761,0.0
1690209716202692137,684098,0.41517064638698803,0.07841648987805505,0.0
1690209716202800378,684098,0.41521724706389296,0.07828367715686564,0.0
1690209716203129392,684098,0.4151829642262176,0.07831333289796542,0.0
1690209716203141412,684098,0.41526172886172363,0.07818996956434475,0.0
1690209716203151061,684098,0.41526021187468154,0.07813626800899037,0.0
1690209716203162006,684098,0.41520776499675677,0.07811436775419801,0.0
1690209716203171041,684098,0.4152464585980275,0.07806011919528227,0.0
1690209716203176728,684098,0.41538079388679927,0.07788782374371443,0.0
1690209716203183441,684098,0.41539040751182144,0.07786520055380776,0.0
1690209716203216637,684098,0.4154133192216962,0.07790382764661782,0.0
1690209716210219796,684099,0.41551843158165197,0.07778831757620791,0.0
1690209716210251237,684099,0.4155693146029628,0.07781258436541388,0.0
1690209716210417991,684099,0.41555956685532264,0.0778917291534672,0.0
1690209716210544326,684099,0.4155163346385901,0.07798779728009557,0.0
1690209716210821207,684099,0.41551795764037325,0.07802130862187594,0.0
1690209716211120507,684099,0.4153619186517044,0.07815535092991233,0.0
1690209716211966192,684099,0.41532651751192173,0.07823113802512965,0.0
1690209716212064414,684099,0.4152698732436009,0.07827219481529404,0.0
1690209716212319944,684099,0.41517713651458044,0.07837271679139982,0.0
1690209716212327298,684099,0.41519299126825415,0.07834595561105029,0.0
1690209716218950505,684100,0.41519484221845493,0.07835814849017021,0.0
1690209716219516267,684100,0.4153026718787687,0.0782647986039264,0.0
1690209716220250352,684100,0.4152751645595648,0.0782598932431406,0.0
1690209716220402206,684100,0.41533382429538224,0.07825395663201262,0.0
1690209716220722807,684100,0.4153742147557041,0.07820624841935463,0.0
1690209716220731280,684100,0.41540603099493817,0.07816142636419957,0.0
1690209716220735677,684100,0.41539275417768534,0.07819308702448176,0.0
1690209716220760302,684100,0.41536947519911216,0.07818716931359075,0.0
1690209716220767596,684100,0.4153591783296073,0.07809411778594735,0.0
1690209716220796796,684100,0.4153188827383908,0.07813123984229492,0.0
1690209716225882182,684101,0.41534860733990286,0.07806912743777898,0.0
1690209716226753325,684101,0.41534039503154996,0.07801773718457032,0.0
1690209716226888381,684101,0.41530375793442953,0.07804236161226717,0.0
1690209716226997574,684101,0.41534796108989896,0.07799416549318897,0.0
1690209716227016736,684101,0.41549881958946655,0.07785816616217389,0.0
1690209716227207768,684101,0.41548891363213264,0.07787683350367465,0.0
1690209716227343455,684101,0.41547142889124755,0.07798525908712867,0.0
1690209716227601753,684101,0.41553945365479583,0.07791831064773613,0.0
1690209716227615749,684101,0.415443608264395,0.07805203868365122,0.0
1690209716227632124,684101,0.4154149798803074,0.07813949466213817,0.0
1690209716233391767,684102,0.4153394369975382,0.0781835825838699,0.0
1690209716234072073,684102,0.41524046755680255,0.07827894045935363,0.0
1690209716234538834,684102,0.4151016520070945,0.07836434308171333,0.0
1690209716234615281,684102,0.4150844789013334,0.07836253771286633,0.0
1690209716234959242,684102,0.41501336358599866,0.07841815321521678,0.0
1690209716234971500,684102,0.4149441476285466,0.07848871965712498,0.0
1690209716234979595,684102,0.4149747627570449,0.07840914847801915,0.0
1690209716234988226,684102,0.41498785773586416,0.07839918031568727,0.0
1690209716234999780,684102,0.4149502826983229,0.07846052920082958,0.0
1690209716235015581,684102,0.4149566444927863,0.07840491503682687,0.0
1690209716243327984,684103,0.41499520333504136,0.07839293662706,0.0
1690209716244690711,684103,0.4149628096424566,0.0784253738549798,0.0
1690209716244698441,684103,0.41499384446025656,0.07838742595068386,0.0
1690209716245068975,684103,0.4149684961821555,0.07839262849428892,0.0
1690209716245094076,684103,0.4149548591455059,0.07841708786012963,0.0
1690209716245106673,684103,0.415001154651905,0.07834692750243034,0.0
1690209716245115601,684103,0.41498194326308635,0.0783432206991489,0.0
1690209716245129598,684103,0.4149983276542177,0.07834356211538672,0.0
1690209716245141401,684103,0.4149994944541837,0.0783408971175118,0.0
1690209716245152782,684103,0.4150431842029053,0.07833803153633606,0.0
1690209716250639557,684104,0.4150320022324624,0.0783709844095287,0.0
1690209716251294874,684104,0.41508228127454744,0.07832158077883677,0.0
1690209716251448831,684104,0.4151131982370017,0.07830903951731574,0.0
1690209716251667318,684104,0.41512772549504345,0.07830880497560376,0.0
1690209716251683114,684104,0.4151633359746369,0.07827354155196421,0.0
1690209716251691363,684104,0.4151234062211042,0.07837844323526082,0.0
1690209716252103356,684104,0.4151092925226615,0.07840105606755933,0.0
1690209716252188238,684104,0.4151135346658256,0.0783675910298342,0.0
1690209716252315977,684104,0.41506526348160405,0.0784303347963737,0.0
1690209716252328591,684104,0.4150344007998197,0.0784337992828742,0.0
1690209716259814266,684105,0.4150473168734133,0.07838493237349808,0.0
1690209716260022175,684105,0.41494237486172114,0.07850399690178061,0.0
1690209716261175846,684105,0.4149833133498291,0.0784800666452563,0.0
1690209716261299508,684105,0.41498658778285485,0.07841986238118176,0.0
1690209716261633011,684105,0.4149462386472359,0.07849074891137339,0.0
1690209716261650390,684105,0.4149118599498167,0.07854834076662225,0.0
1690209716261677368,684105,0.41496368279786505,0.07845043773205053,0.0
1690209716261728911,684105,0.41497713897747857,0.07846423923722275,0.0
1690209716261770056,684105,0.41489130178914146,0.0785639699299499,0.0
1690209716261819638,684105,0.41496662845253424,0.07846959263372656,0.0
1690209716267651609,684106,0.414915051227207,0.07850406292566342,0.0
1690209716268743028,684106,0.4149005401038171,0.07854095671950766,0.0
1690209716268852547,684106,0.4149773275552501,0.07851408899570504,0.0
1690209716269067473,684106,0.4149597109603749,0.07853861445626666,0.0
1690209716269404081,684106,0.4149282194419073,0.0786046659490078,0.0
1690209716269417294,684106,0.41490569130300087,0.07864055602753728,0.0
1690209716269433366,684106,0.41489632906960483,0.07869253989242601,0.0
1690209716269442720,684106,0.4148524222087882,0.07876300435238792,0.0
1690209716269459590,684106,0.4148035392191287,0.07876905990779877,0.0
1690209716269471916,684106,0.41483939298939787,0.07874779024782268,0.0
1690209716277057816,684107,0.4148357852118622,0.07869716947609716,0.0
1690209716278422420,684107,0.41483558181594243,0.07868044258343615,0.0
1690209716278755145,684107,0.4148612648884536,0.07867849326094908,0.0
1690209716279169864,684107,0.41485903508962624,0.07863468681234319,0.0
1690209716279194651,684107,0.41497500210901767,0.07848982592194796,0.0
1690209716279222258,684107,0.41499061492858125,0.07846225154877584,0.0
1690209716279230878,684107,0.4150683482438188,0.07839019095384361,0.0
1690209716279239335,684107,0.41512245522393987,0.07829410958414676,0.0
1690209716279263143,684107,0.4150465474919796,0.07839753955378752,0.0
1690209716279281239,684107,0.41513073583131355,0.07836710052681917,0.0
1690209716284376704,684108,0.4150837190572125,0.07835426849376073,0.0
1690209716285433463,684108,0.4150521388640158,0.07840711082608431,0.0
1690209716285594094,684108,0.4149882791014401,0.07847102510772107,0.0
1690209716285730145,684108,0.4149800159332296,0.07844307066815062,0.0
1690209716285929844,684108,0.4149706699149161,0.07847156668468862,0.0
1690209716285943638,684108,0.4148698190517187,0.07859653000500973,0.0
1690209716285957340,684108,0.4149468581573717,0.07850123467585134,0.0
1690209716285965281,684108,0.4149179067368473,0.07855923375935757,0.0
1690209716285975913,684108,0.4149083737771726,0.07861701372769747,0.0
1690209716285984555,684108,0.4149350195395012,0.0786630760765281,0.0
1690209716293841291,684109,0.4149129661691803,0.07870345550310817,0.0
1690209716293994540,684109,0.41480586306362544,0.07884710621645383,0.0
1690209716294653906,684109,0.4148052683025768,0.07887977622548696,0.0
1690209716294752972,684109,0.41479535515525867,0.07888931063035688,0.0
1690209716295230567,684109,0.4147002030952268,0.07900728218417803,0.0
1690209716295242207,684109,0.4145840656603625,0.07904136842012849,0.0
1690209716295249063,684109,0.4146063806108837,0.07899012015453141,0.0
1690209716295259363,684109,0.4146230257351404,0.07889432638579286,0.0
1690209716295290071,684109,0.41458024821772665,0.07889200634450971,0.0
1690209716295494502,684109,0.41469103514089944,0.07875624953565996,0.0
1690209716300308644,684110,0.41471310559772634,0.07867581742799463,0.0
1690209716301144408,684110,0.4148562847610944,0.07853138770103192,0.0
1690209716301304772,684110,0.41494750120709406,0.07842384980005325,0.0
1690209716301313594,684110,0.4150683465513548,0.07831788091427667,0.0
1690209716301435138,684110,0.41513683666310264,0.07821977368562472,0.0
1690209716301635238,684110,0.41510627211024653,0.07827884718131091,0.0
1690209716301646879,684110,0.41520973120656174,0.07820713875036364,0.0
1690209716301666617,684110,0.4151833183723522,0.0782356389256397,0.0
1690209716301674542,684110,0.4151294022426002,0.07831638095287874,0.0
1690209716301690699,684110,0.4151281292492115,0.07831603547297192,0.0
1690209716310692741,684111,0.4151806835641606,0.07826209082400874,0.0
1690209716311996341,684111,0.41516097129449747,0.0783157712473417,0.0
1690209716312367555,684111,0.41514406314818,0.07845025582045319,0.0
1690209716312411594,684111,0.41519786809977305,0.07838930448652184,0.0
1690209716312569186,684111,0.4151422729447092,0.07847868043750246,0.0
1690209716312579881,684111,0.4151400701494061,0.07854067349160433,0.0
1690209716312653455,684111,0.41521071668237286,0.07849953786890258,0.0
1690209716312666405,684111,0.4151412000393843,0.07857364409138036,0.0
1690209716312674944,684111,0.41506602149084953,0.07868538814578953,0.0
1690209716312711516,684111,0.4150836477203265,0.07866573477018167,0.0
1690209716317781201,684112,0.41517485841047264,0.07853668950695307,0.0
1690209716318815409,684112,0.4151382057883534,0.07858427255334781,0.0
1690209716318923918,684112,0.4151542886211212,0.07858153919452945,0.0
1690209716319208396,684112,0.41523563654801765,0.07844047621303911,0.0
1690209716319220476,684112,0.41522919197743263,0.07837796094036167,0.0
1690209716319227178,684112,0.41526717448916267,0.07836308981956407,0.0
1690209716319232987,684112,0.41530696498463393,0.07831368410344271,0.0
1690209716319240753,684112,0.41530453534576184,0.07825790922001677,0.0
1690209716319257716,684112,0.41524821361177183,0.07832229215405156,0.0
1690209716319267948,684112,0.4153201819133061,0.07826022663188383,0.0
1690209716327090338,684113,0.4153384571934519,0.07820744197692653,0.0
1690209716327993887,684113,0.4152709068455332,0.07829375312242692,0.0
1690209716328169184,684113,0.4152174719637437,0.07836850697047851,0.0
1690209716328342489,684113,0.415250396854038,0.07834405385643332,0.0
1690209716328775182,684113,0.4152117641774355,0.07837965118235779,0.0
1690209716329030505,684113,0.4151312190987674,0.07853074949902164,0.0
1690209716329230121,684113,0.41515490193728183,0.07851431043140768,0.0
1690209716329241534,684113,0.41502938730503036,0.07859906771582773,0.0
1690209716329263849,684113,0.4150114251548055,0.0786847173210457,0.0
1690209716329280013,684113,0.4149631432666393,0.07875881354122441,0.0
1690209716334488669,684114,0.4149461697566509,0.07877565368722327,0.0
1690209716335019770,684114,0.41482514988222763,0.0788423448091784,0.0
1690209716335143360,684114,0.41482428668056215,0.07884834693655321,0.0
1690209716335602369,684114,0.41492158628198406,0.07876739892127455,0.0
1690209716335720315,684114,0.4148489373557317,0.07882172382515128,0.0
1690209716335814077,684114,0.4149126075438071,0.0787891385559688,0.0
1690209716335999653,684114,0.41493710794167216,0.07873294603727364,0.0
1690209716336012432,684114,0.4150714233157674,0.07858096406695038,0.0
1690209716336030735,684114,0.41511402604932746,0.07853392356504381,0.0
1690209716336034462,684114,0.4151374040268359,0.07853008572115973,0.0
1690209716343578439,684115,0.4152084191837375,0.07841721531243678,0.0
1690209716343942728,684115,0.415208008681271,0.07833412090176442,0.0
1690209716344849773,684115,0.41526803435733073,0.07826938530791613,0.0
1690209716345280063,684115,0.415282485585546,0.07824171219741216,0.0
1690209716345458022,684115,0.41526242646859085,0.07818512488050784,0.0
1690209716345715790,684115,0.41529746855014665,0.07812360696106745,0.0
1690209716345738632,684115,0.41538466604807645,0.07803621815157172,0.0
1690209716345755806,684115,0.41547465070293255,0.07794848017993725,0.0
1690209716345769274,684115,0.4154618473987431,0.07802181927092641,0.0
1690209716345780521,684115,0.41542142437083646,0.07811635426102626,0.0
1690209716350273592,684116,0.41549707003104097,0.07807935356262441,0.0
1690209716350600699,684116,0.4154963081125219,0.07812855383392682,0.0
1690209716351403731,684116,0.41543140934158707,0.07826973497697894,0.0
1690209716351693287,684116,0.4154099281995637,0.07829647020114693,0.0
1690209716351830383,684116,0.41529332424141063,0.07839842353505519,0.0
1690209716351847565,684116,0.4152665766359322,0.07847824113845463,0.0
1690209716351859502,684116,0.4152799879408382,0.07845017287777324,0.0
1690209716351869705,684116,0.41522775694252045,0.07848548479287323,0.0
1690209716351879272,684116,0.41516808268315686,0.0785622588663721,0.0
1690209716351887234,684116,0.4151844503291403,0.07850576670626273,0.0
1690209716359175000,684117,0.41522256846805006,0.07848049543107159,0.0
1690209716359420049,684117,0.41521961553068487,0.0785253070160577,0.0
1690209716359663471,684117,0.4152169188461856,0.07851478323652775,0.0
1690209716359982673,684117,0.41524219091729664,0.078470273046496,0.0
1690209716360089335,684117,0.41521292375708174,0.07852256696862152,0.0
1690209716360407660,684117,0.4152512110461544,0.07848133733216889,0.0
1690209716360526949,684117,0.41521087234698417,0.07851281826817726,0.0
1690209716360732328,684117,0.4151568747956711,0.07855623164931583,0.0
1690209716360746647,684117,0.41520997237944257,0.0784395385058395,0.0
1690209716360757931,684117,0.41520354921394553,0.07841377328642618,0.0
1690209716367588532,684118,0.41521440601396675,0.07838605303325241,0.0
1690209716367884948,684118,0.4151930560987128,0.07836431006596287,0.0
1690209716368983637,684118,0.4152146102944734,0.07826651821205854,0.0
1690209716369157024,684118,0.4152522965832656,0.07823452722702905,0.0
1690209716369466253,684118,0.4153654581591938,0.07813529627512629,0.0
1690209716369478823,684118,0.41536071495710003,0.0781630571601488,0.0
1690209716369488871,684118,0.4153561632522438,0.07822607152445435,0.0
1690209716369514621,684118,0.41539631200715926,0.0781412801520725,0.0
1690209716369520873,684118,0.4154269683147537,0.07817851331117372,0.0
1690209716369532978,684118,0.4153962888156841,0.0782380294706089,0.0
1690209716376512467,684119,0.4153392657671812,0.07827001305903938,0.0
1690209716376728084,684119,0.4153783529020058,0.07825428777956676,0.0
1690209716377365367,684119,0.4152985805978989,0.07832745320620035,0.0
1690209716377951263,684119,0.41539417369629256,0.07824224020326687,0.0
1690209716378041793,684119,0.4153865079824136,0.07822830815981108,0.0
1690209716378506794,684119,0.4153742918041741,0.0782965036220716,0.0
1690209716378535494,684119,0.41542909394324523,0.07822268811477168,0.0
1690209716378554074,684119,0.41545226833970283,0.07823521196843446,0.0
1690209716378572747,684119,0.41548104928426227,0.07826348237364239,0.0
1690209716378588584,684119,0.41543770497483623,0.07828622688068561,0.0
1690209716384679963,684120,0.415453760046411,0.0782531488910311,0.0
1690209716385007838,684120,0.41541033176865305,0.07833511161283888,0.0
1690209716385063212,684120,0.41544241652140834,0.07829290576154195,0.0
1690209716385382723,684120,0.41539860114693417,0.07831890290171277,0.0
1690209716385514193,684120,0.41532575847044784,0.07840537324592195,0.0
1690209716385522487,684120,0.41537706066299146,0.07828726061645261,0.0
1690209716385535873,684120,0.41538895507905144,0.07828067841020658,0.0
1690209716385544555,684120,0.4153818983345663,0.07828377083853225,0.0
1690209716385549487,684120,0.4153587373529923,0.07830922973306546,0.0
1690209716385579489,684120,0.41538158278293585,0.07822971473904482,0.0
1690209716393198190,684121,0.4153602521966816,0.07826703710444458,0.0
1690209716394086520,684121,0.41546952287302524,0.07818600543139478,0.0
1690209716394529286,684121,0.41543933471059186,0.07820979794348723,0.0
1690209716394636576,684121,0.4154211468792492,0.07828178243497139,0.0
1690209716395077317,684121,0.41544513556148494,0.07818718318108535,0.0
1690209716395143257,684121,0.4154703522915742,0.07820759925628007,0.0
1690209716395154010,684121,0.4154724525862349,0.07823199831831561,0.0
1690209716395173285,684121,0.4154278947934721,0.07827602500930014,0.0
1690209716395187368,684121,0.41551052462156474,0.07819406239528176,0.0
1690209716395194264,684121,0.41553551846977815,0.07815992400323599,0.0
1690209716400948719,684122,0.41566323638505454,0.07806137979048028,0.0
1690209716401440923,684122,0.4156443633342369,0.0780538111286049,0.0
1690209716402162211,684122,0.41560655676204933,0.07814131970075963,0.0
1690209716402340384,684122,0.4156308618426292,0.07806604283985756,0.0
1690209716402678085,684122,0.41562461127958655,0.07809538492789678,0.0
1690209716402690208,684122,0.4156516511179909,0.07811023678248087,0.0
1690209716402698795,684122,0.41559135131787067,0.07813608543457351,0.0
1690209716402705736,684122,0.4155972847293934,0.07811332269969709,0.0
1690209716402715213,684122,0.4155772713741681,0.07815125633256224,0.0
1690209716402741093,684122,0.4156453115298326,0.07808459594239185,0.0
1690209716410370359,684123,0.41559013876357226,0.07812116472346305,0.0
1690209716411429132,684123,0.415534723919057,0.0782294896293212,0.0
1690209716411541142,684123,0.41559377368112094,0.07812417113994864,0.0
1690209716411887452,684123,0.41560537004786396,0.07812519257124421,0.0
1690209716411907148,684123,0.41560359334903535,0.07813641376887183,0.0
1690209716411915422,684123,0.41557743041973,0.07816551512308285,0.0
1690209716411954282,684123,0.41561380436076983,0.07807993161182007,0.0
1690209716411967237,684123,0.415500081356343,0.07820565336374787,0.0
1690209716411985096,684123,0.4156027317194421,0.07812087823045506,0.0
1690209716411997630,684123,0.4155763575881444,0.07810358281851318,0.0
1690209716416969463,684124,0.4155463241857975,0.07816959156261521,0.0
1690209716417366185,684124,0.4155645866712843,0.07808534850414388,0.0
1690209716418281215,684124,0.4156310326396777,0.07808881036826068,0.0
1690209716418406957,684124,0.41565130217186935,0.07807648257230984,0.0
1690209716418895337,684124,0.4156221016800584,0.07809554646694448,0.0
1690209716418914050,684124,0.4157044880402203,0.0780225056144171,0.0
1690209716418929436,684124,0.4156359865566367,0.0780624906074658,0.0
1690209716418948019,684124,0.41575752253604803,0.07797343971690263,0.0
1690209716418968764,684124,0.41570573630282476,0.07801278817621644,0.0
1690209716418980227,684124,0.415699020933156,0.07805436963693638,0.0
1690209716426036129,684125,0.41572422810664456,0.07796761832128683,0.0
1690209716426295315,684125,0.41567116477181437,0.0780328906369583,0.0
1690209716426573448,684125,0.4157238412836203,0.07802768537473555,0.0
1690209716426589250,684125,0.4156536255728307,0.07801875865234853,0.0
1690209716426600440,684125,0.41566854630430705,0.07801245086984601,0.0
1690209716426609539,684125,0.41564578032469496,0.07806070269572875,0.0
1690209716426623173,684125,0.4157599049172944,0.07793915136907867,0.0
1690209716426634730,684125,0.41569398935163593,0.0779901547889349,0.0
1690209716426641040,684125,0.41565986368230556,0.07809635696182766,0.0
1690209716426647683,684125,0.4157562507300947,0.07802086645696109,0.0
1690209716433764394,684126,0.4157538200234696,0.07807736797384521,0.0
1690209716434908186,684126,0.41573107747261384,0.0781760082372383,0.0
1690209716435175133,684126,0.4157233744511842,0.07822138905534377,0.0
1690209716435441694,684126,0.4157226582506786,0.07823167523392316,0.0
1690209716435455508,684126,0.41558590833671927,0.07840473363291518,0.0
1690209716435464231,684126,0.41557102855019634,0.07843660613594122,0.0
1690209716435472162,684126,0.4155533887588865,0.0783938087329381,0.0
1690209716435523819,684126,0.41546191754706446,0.07841876040452132,0.0
1690209716435559284,684126,0.41545712878055635,0.07838113494791915,0.0
1690209716435570723,684126,0.4154908475051115,0.07830035331945916,0.0
1690209716441343653,684127,0.41550495050684955,0.07823478177731587,0.0
1690209716441908952,684127,0.415504259019799,0.0782364797609589,0.0
1690209716442685405,684127,0.41559566808608833,0.0781277662970553,0.0
1690209716442835596,684127,0.41569970922770355,0.07799238507979078,0.0
1690209716443162980,684127,0.4156848405159397,0.0780141843486924,0.0
1690209716443184167,684127,0.4157019026578204,0.07801453230570055,0.0
1690209716443197132,684127,0.41578497393831404,0.07792338032238141,0.0
1690209716443209558,684127,0.4157081853330189,0.07798619619155532,0.0
1690209716443220807,684127,0.4157058961588179,0.07803294541503913,0.0
1690209716443228722,684127,0.4157170272289239,0.07799146406278426,0.0
1690209716450158270,684128,0.4156996274000963,0.0780036678237516,0.0
1690209716451104131,684128,0.41564565804370185,0.0780814113010294,0.0
1690209716451395925,684128,0.41564754137765214,0.0781018920836268,0.0
1690209716451426436,684128,0.4157045885150865,0.07806620076872191,0.0
1690209716451433818,684128,0.4156147127044743,0.07820533900660598,0.0
1690209716451451139,684128,0.4156058488728166,0.078278848304359,0.0
1690209716451601317,684128,0.4156424041468284,0.07827673113568141,0.0
1690209716451760301,684128,0.4155890088780799,0.07832641045704156,0.0
1690209716451927383,684128,0.41557665345609496,0.07840354844586742,0.0
1690209716451944663,684128,0.4155855426340267,0.07839874199173091,0.0
1690209716459122078,684129,0.4155504273975485,0.07843399432492097,0.0
1690209716459275471,684129,0.41546302952619213,0.07855150286976956,0.0
1690209716459478848,684129,0.4154423365269414,0.0785583561808888,0.0
1690209716459485143,684129,0.41551489513995665,0.07844174185220322,0.0
1690209716459595135,684129,0.41549450205814575,0.07840953973170244,0.0
1690209716459839910,684129,0.41555239442874414,0.07836715424849051,0.0
1690209716459862538,684129,0.41565069729048165,0.07826487291839594,0.0
1690209716459870216,684129,0.41565350283341096,0.07822775499824958,0.0
1690209716459877610,684129,0.41568753213023657,0.0782292045467123,0.0
1690209716459885383,684129,0.4157365823260002,0.07817290219134601,0.0
1690209716468012696,684130,0.4157981316967955,0.07808890344089331,0.0
1690209716468158138,684130,0.41575208074405545,0.07814280801179024,0.0
1690209716468928742,684130,0.4156845290778222,0.07824256393434748,0.0
1690209716469214648,684130,0.4157331476378771,0.07817734472041994,0.0
1690209716469223451,684130,0.4156225219335348,0.07827838692739135,0.0
1690209716469405577,684130,0.4156020121878453,0.07834442152955089,0.0
1690209716469646223,684130,0.41560782965083776,0.07833788871215384,0.0
1690209716469665641,684130,0.4155793409649724,0.07834536101219688,0.0
1690209716469676711,684130,0.41554992025107607,0.07845598405283932,0.0
1690209716469690372,684130,0.4155367868176181,0.0784945001621813,0.0
1690209716475715783,684131,0.41551906672527494,0.0785285645508648,0.0
1690209716476382376,684131,0.4154386383608068,0.07864796795705091,0.0
1690209716476806212,684131,0.41539512970811165,0.07871723976958815,0.0
1690209716477024207,684131,0.4154238196072787,0.07872473197641208,0.0
1690209716477268436,684131,0.41532993758499415,0.07876024981654046,0.0
1690209716477280457,684131,0.415304395728871,0.07880469616150225,0.0
1690209716477289252,684131,0.4153329259590798,0.07877313775097407,0.0
1690209716477305966,684131,0.4153112750860868,0.07879477279671517,0.0
1690209716477321798,684131,0.41537472082544785,0.07875480033727159,0.0
1690209716477331265,684131,0.41533008577373676,0.07876113479004837,0.0
1690209716485071634,684132,0.4154722122589607,0.07861858332623055,0.0
1690209716486409623,684132,0.41552776225020044,0.07848930845106832,0.0
1690209716486505004,684132,0.41556095496441536,0.07848694735627094,0.0
1690209716486906366,684132,0.4156069061178665,0.0783757005462509,0.0
1690209716486929136,684132,0.4155994524287094,0.07832676711912961,0.0
1690209716486940620,684132,0.41565528628273,0.07825375403112604,0.0
1690209716486956683,684132,0.4156392538134067,0.07823267170456652,0.0
1690209716486978241,684132,0.41575641872878966,0.0780705703910826,0.0
1690209716486992443,684132,0.41575401535983547,0.07805005993987592,0.0
1690209716487048883,684132,0.41585547483547286,0.07797986003567059,0.0
1690209716491789352,684133,0.4159322914763555,0.07788281238050272,0.0
1690209716492625750,684133,0.4159672633245731,0.07796251061944974,0.0
1690209716492729324,684133,0.41600267337018004,0.07793434616799721,0.0
1690209716493070492,684133,0.41603346348431336,0.07796771505156676,0.0
1690209716493084963,684133,0.4160931423033477,0.07797961781556195,0.0
1690209716493093318,684133,0.41602981203874745,0.07808136403309632,0.0
1690209716493099593,684133,0.4160067448924487,0.0781325066836617,0.0
1690209716493112551,684133,0.41576333705790014,0.0783897124306522,0.0
1690209716493125034,684133,0.4157282000196166,0.07846481251174495,0.0
1690209716493131539,684133,0.4156375296690852,0.07847688240403708,0.0
1690209716501118917,684134,0.41548953002986244,0.0786532349965458,0.0
1690209716501576524,684134,0.4154539736748668,0.07866057248406792,0.0
1690209716501873349,684134,0.41543922439802156,0.07858886058368975,0.0
1690209716501884162,684134,0.41543672591767933,0.07861560736062286,0.0
1690209716502167935,684134,0.4154035917848305,0.07867289240506939,0.0
1690209716502184240,684134,0.4155421491194342,0.07851629663999161,0.0
1690209716502210967,684134,0.41550855147698984,0.07853744539357246,0.0
1690209716502226586,684134,0.4155334886426134,0.07853266813187602,0.0
1690209716502236334,684134,0.4156742973153566,0.0784036878163815,0.0
1690209716502244751,684134,0.4156734731347434,0.07841617314844122,0.0
1690209716509238410,684135,0.41563930525170956,0.07843185375849283,0.0
1690209716510001644,684135,0.4156904391715508,0.07837578051916069,0.0
1690209716510100189,684135,0.4157308231493661,0.07835323997177447,0.0
1690209716510307425,684135,0.4157165276233513,0.07837765760440484,0.0
1690209716510321212,684135,0.4156657209401432,0.07839592194897989,0.0
1690209716510329013,684135,0.4156770007783287,0.07837166183855131,0.0
1690209716510345625,684135,0.415737660715266,0.07825848127703697,0.0
1690209716510351270,684135,0.4157194561161035,0.07827376751107538,0.0
1690209716510363254,684135,0.4157411354829488,0.07831151847398654,0.0
1690209716510373119,684135,0.415742894617378,0.07827285914967042,0.0
1690209716517794966,684136,0.415758872494515,0.07826763353383578,0.0
1690209716518756958,684136,0.415792276999335,0.07826275370360342,0.0
1690209716518946598,684136,0.4159074473018163,0.07817390470322305,0.0
1690209716519024492,684136,0.41589538540652593,0.07816999386000649,0.0
1690209716519036745,684136,0.41576922766419483,0.07834251447033921,0.0
1690209716519052408,684136,0.4158548927729482,0.07828872071120989,0.0
1690209716519059747,684136,0.4158804189115484,0.07827033387700284,0.0
1690209716519067328,684136,0.4157988492518478,0.07837484527916055,0.0
1690209716519073427,684136,0.41577305014551846,0.07837885360073828,0.0
1690209716519088525,684136,0.415815885068965,0.07831808680632309,0.0
1690209716525395388,684137,0.4157561490883213,0.07838755306681663,0.0
1690209716525962809,684137,0.4157180471357913,0.07844134326260557,0.0
1690209716527110388,684137,0.41571065473055185,0.07843520652060569,0.0
1690209716527119122,684137,0.4156938507066056,0.0784392868447989,0.0
1690209716527129021,684137,0.4157728589889863,0.07833696181137272,0.0
1690209716527138793,684137,0.41578155441200215,0.07834602552149281,0.0
1690209716527146088,684137,0.4158075793852167,0.07834288720515056,0.0
1690209716527162199,684137,0.41581131788248527,0.07827551334273679,0.0
1690209716527166134,684137,0.41584344105738347,0.0782651037952516,0.0
1690209716527182395,684137,0.41585872338954516,0.07832093241655051,0.0
1690209716533642004,684138,0.41588052778441786,0.0782850817956651,0.0
1690209716534223885,684138,0.415870074305744,0.07828503887849182,0.0
1690209716534311163,684138,0.41584278685642323,0.07832412929023169,0.0
1690209716534480580,684138,0.41596430063922213,0.07820962538647264,0.0
1690209716534493367,684138,0.41591562723221115,0.0782426194469307,0.0
1690209716534498613,684138,0.41583248118255767,0.07835559968212955,0.0
1690209716534504482,684138,0.4158823003033434,0.07828962987605283,0.0
1690209716534509942,684138,0.41590454895123347,0.07824516633127686,0.0
1690209716534516194,684138,0.4158823958141212,0.07830290882290941,0.0
1690209716534520544,684138,0.4158646547332614,0.07833665187984785,0.0
1690209716541638098,684139,0.4158737626383626,0.07829773141621252,0.0
1690209716541752569,684139,0.41584593545076015,0.0782835949686709,0.0
1690209716541989955,684139,0.4158623257104773,0.07829825566579084,0.0
1690209716542058396,684139,0.4158608756270996,0.07833140903795936,0.0
1690209716542204480,684139,0.4157969723009397,0.07837822064213716,0.0
1690209716542213079,684139,0.4157690910865605,0.0783534952182302,0.0
1690209716542265343,684139,0.4158073737938538,0.07833908330428606,0.0
1690209716542274140,684139,0.415859383552337,0.07826759800152287,0.0
1690209716542278703,684139,0.4158349821939983,0.07830171395225213,0.0
1690209716542282168,684139,0.41591013504668733,0.07825218122453598,0.0
1690209716552248393,684140,0.4159882245168973,0.07816463742175316,0.0
1690209716552873068,684140,0.4160877493842241,0.07805805698136876,0.0
1690209716554084845,684140,0.41607706770049663,0.07809604307320629,0.0
1690209716554398947,684140,0.4161070665632222,0.07810398237493776,0.0
1690209716554707679,684140,0.41616446498400217,0.07800310840046432,0.0
1690209716554724306,684140,0.41610219545683114,0.0780812129338687,0.0
1690209716554731414,684140,0.4161253964751209,0.07813049587162768,0.0
1690209716554742280,684140,0.41609699182183296,0.07811519984005537,0.0
1690209716554811549,684140,0.4160248101478086,0.07817669888799805,0.0
1690209716554848082,684140,0.41595053803124404,0.07825568867799106,0.0
1690209716558211576,684141,0.4160366708769289,0.07819663984620909,0.0
1690209716558987445,684141,0.41601487500370193,0.07821333050043001,0.0
1690209716559430738,684141,0.4158996979879779,0.07833768725054105,0.0
1690209716559492040,684141,0.4159728859331413,0.07828388375867937,0.0
1690209716559697201,684141,0.41601257957240995,0.07826070901046227,0.0
1690209716559708557,684141,0.41600172128999713,0.07830316481028252,0.0
1690209716559731830,684141,0.41593598489866784,0.07841012641823551,0.0
1690209716559745962,684141,0.4159716866070805,0.07838473240406457,0.0
1690209716559755052,684141,0.41596066029700085,0.07836883730506208,0.0
1690209716559775449,684141,0.4159224642382955,0.07844285089264101,0.0
1690209716566129523,684142,0.41589498324817537,0.07849364791286356,0.0
1690209716566679407,684142,0.41584837924811335,0.07851602358367349,0.0
1690209716567239676,684142,0.415815065538419,0.07845525895562519,0.0
1690209716567343692,684142,0.415830437537449,0.0784549508179217,0.0
1690209716567629446,684142,0.4159355475177967,0.07832726454324877,0.0
1690209716567639127,684142,0.41593166664152736,0.07828342547423035,0.0
1690209716567646072,684142,0.41604488317933624,0.07818465762533597,0.0
1690209716567652075,684142,0.4161140611414635,0.07808163815944268,0.0
1690209716567682944,684142,0.416283390607018,0.07795586478177144,0.0
1690209716567689265,684142,0.4162858461857725,0.07794991893613798,0.0
1690209716575919265,684143,0.4162872795029794,0.07797951814668404,0.0
1690209716577470392,684143,0.41639627080752245,0.07785653291286115,0.0
1690209716577576840,684143,0.4163471878224766,0.07788522274423829,0.0
1690209716577955508,684143,0.41638514056648934,0.07791736736842779,0.0
1690209716577968739,684143,0.4162365588208389,0.07804299766989481,0.0
1690209716577980184,684143,0.4162219778049282,0.07804519777608561,0.0
1690209716577993317,684143,0.41616397543112,0.07808237231162715,0.0
1690209716578002499,684143,0.41614118352111673,0.07814384276373507,0.0
1690209716578010595,684143,0.4161422456200053,0.078146971721939,0.0
1690209716578046369,684143,0.41607134407937624,0.07821562539214955,0.0
1690209716583827220,684144,0.41612782043603147,0.07819675275384115,0.0
1690209716584784395,684144,0.41614248466614795,0.07824273942547055,0.0
1690209716584979678,684144,0.41621243753952875,0.07820824895007054,0.0
1690209716585289256,684144,0.4161521969138236,0.07833663549777428,0.0
1690209716585306408,684144,0.4161380543229812,0.07835582999635227,0.0
1690209716585317792,684144,0.4161082442711121,0.07842979733964538,0.0
1690209716585333233,684144,0.41604817970728714,0.07852731771958318,0.0
1690209716585343928,684144,0.415980676295694,0.078588942099925,0.0
1690209716585354111,684144,0.415910307326358,0.07866885399720797,0.0
1690209716585362618,684144,0.4158570279215755,0.07868098037918447,0.0
1690209716592542269,684145,0.41586622369676446,0.0786574036803894,0.0
1690209716593705023,684145,0.4158342178707526,0.07866560237904742,0.0
1690209716594064422,684145,0.41584006196089146,0.0786557876431407,0.0
1690209716594222566,684145,0.4159323124440025,0.0784833453593668,0.0
1690209716594623422,684145,0.41594729007446324,0.07843565206895577,0.0
1690209716594642211,684145,0.4159752431934825,0.07837693781203156,0.0
1690209716594659326,684145,0.41604541529489214,0.07825072761750258,0.0
1690209716594681349,684145,0.4160918398754452,0.07816861600126182,0.0
1690209716594699254,684145,0.41607516062204414,0.0781491940928607,0.0
1690209716594707008,684145,0.41620916004210184,0.07799637234058819,0.0
1690209716600918421,684146,0.4162772116361396,0.07789883454283332,0.0
1690209716602208110,684146,0.4163193674913952,0.07787938991811538,0.0
1690209716602363004,684146,0.41639080037412046,0.07780102911309852,0.0
1690209716602560484,684146,0.4164557185284746,0.07778446375222003,0.0
1690209716602841015,684146,0.4165166898805095,0.0777325252411386,0.0
1690209716602861229,684146,0.4164826965205621,0.0777917490059492,0.0
1690209716602886192,684146,0.41652098863847764,0.0778412436812588,0.0
1690209716602900613,684146,0.41649206910939096,0.07789307503270267,0.0
1690209716602912664,684146,0.41646190530206467,0.0779509210923459,0.0
1690209716602921381,684146,0.41634917081860123,0.0781161574981484,0.0
1690209716610873155,684147,0.41631296032433396,0.07819936374902742,0.0
1690209716611120881,684147,0.41625479360581097,0.078230455108691,0.0
1690209716611224428,684147,0.4160791789929791,0.07845832414925766,0.0
1690209716611441287,684147,0.41608294140857716,0.07846640582789123,0.0
1690209716611643634,684147,0.416061449891766,0.07839536064233221,0.0
1690209716611654568,684147,0.4159919624704747,0.07849295983968005,0.0
1690209716611659205,684147,0.4159944577681968,0.07851774626574227,0.0
1690209716611663784,684147,0.4160686138447137,0.07838125418548644,0.0
1690209716611728284,684147,0.4160509370679204,0.07842125726493292,0.0
1690209716611780491,684147,0.41606384223755544,0.07844143042410376,0.0
1690209716617494094,684148,0.4161976500308355,0.07830922178967994,0.0
1690209716618434212,684148,0.4161996995722376,0.07831293791709454,0.0
1690209716618920868,684148,0.41615006653338593,0.0783955812773146,0.0
1690209716619019449,684148,0.41621373926470884,0.07830756297590238,0.0
1690209716619309978,684148,0.41622845800908626,0.0782727071724978,0.0
1690209716619323397,684148,0.41616998824597157,0.07832879835617,0.0
1690209716619333838,684148,0.41615493238776186,0.07830959814590674,0.0
1690209716619356654,684148,0.4162031291145612,0.07821857601961618,0.0
1690209716619364151,684148,0.41618123661671563,0.0781490455485939,0.0
1690209716619372062,684148,0.41616542567820036,0.07815430842444537,0.0
1690209716625561223,684149,0.416194655182592,0.07808024790960157,0.0
1690209716626119984,684149,0.416227021752442,0.07801190201255509,0.0
1690209716626247184,684149,0.416233606631231,0.07796357011052579,0.0
1690209716626796969,684149,0.4162573597744327,0.07801247341243157,0.0
1690209716626921773,684149,0.4163916992394144,0.07788381149008858,0.0
1690209716626929401,684149,0.4163924605703353,0.07786927957296351,0.0
1690209716627189283,684149,0.4164096053188632,0.07794668846590139,0.0
1690209716627206453,684149,0.4164741996513583,0.07790608594716075,0.0
1690209716627216058,684149,0.41650044917003487,0.0779590493109587,0.0
1690209716627233807,684149,0.41640951078707944,0.0780871773577805,0.0
1690209716636158571,684150,0.41639595306069466,0.07811858525742557,0.0
1690209716636387215,684150,0.4165020569065664,0.07798735379597996,0.0
1690209716637126248,684150,0.41634802908276514,0.07814134288649663,0.0
1690209716637211914,684150,0.4163575166858272,0.07817946636649614,0.0
1690209716637544752,684150,0.41638983402740287,0.07809664926899382,0.0
1690209716637562353,684150,0.4163544878419511,0.07815123909206967,0.0
1690209716637577091,684150,0.41635047531143865,0.0781723374649289,0.0
1690209716637590562,684150,0.4163069550328239,0.0782139279466166,0.0
1690209716637609586,684150,0.41634151596006985,0.07816698523629388,0.0
1690209716637634885,684150,0.41623976708835886,0.07822851701262781,0.0
1690209716642978412,684151,0.41629628805438706,0.07818477427942667,0.0
1690209716643585719,684151,0.41630402660221466,0.07819564570565339,0.0
1690209716643998350,684151,0.4162841222981738,0.07819723412301491,0.0
1690209716644191684,684151,0.416291862478163,0.0782007133086867,0.0
1690209716644423327,684151,0.4163465459874922,0.07817129989438583,0.0
1690209716644434453,684151,0.41641733989254404,0.07813191991508407,0.0
1690209716644448925,684151,0.4163759079965135,0.07823165637461255,0.0
1690209716644460614,684151,0.4163409508532567,0.07827301314307414,0.0
1690209716644477201,684151,0.41631005756526074,0.07831864871115905,0.0
1690209716644488380,684151,0.4163096217091622,0.0783395955001832,0.0
1690209716649991875,684152,0.41627433605825925,0.07841924510334665,0.0
1690209716650552620,684152,0.41622028062211264,0.0784672630754339,0.0
1690209716650761980,684152,0.4161856668642965,0.07844790149711389,0.0
1690209716651528513,684152,0.41618716137578604,0.07841665263687717,0.0
1690209716651592832,684152,0.41621042478975045,0.07838593066174128,0.0
1690209716652001888,684152,0.4161817214870634,0.07838417813913924,0.0
1690209716652017311,684152,0.41614383002010336,0.07837821880915227,0.0
1690209716652027643,684152,0.4161588706674316,0.0783075061419105,0.0
1690209716652040182,684152,0.416282670062647,0.07816137889027833,0.0
1690209716652049619,684152,0.4163633481425697,0.07806069655207643,0.0
1690209716659907010,684153,0.41639831715183717,0.0780193433856287,0.0
1690209716659976635,684153,0.41650495536023624,0.07790365433561944,0.0
1690209716660163884,684153,0.4165929007630575,0.07781470189300692,0.0
1690209716660437481,684153,0.41668769438158704,0.0778380005082474,0.0
1690209716660457059,684153,0.4167142749781218,0.0778070854312484,0.0
1690209716660483698,684153,0.4167003223060992,0.07779886094081984,0.0
1690209716660832599,684153,0.41671058131367117,0.07783605439239392,0.0
1690209716660951763,684153,0.4167016215616026,0.07782911357850365,0.0
1690209716661129571,684153,0.4166969016172973,0.07785139635480011,0.0
1690209716661139812,684153,0.41651220551542145,0.07800944496909469,0.0
1690209716666837273,684154,0.41652537609482365,0.0780010764472341,0.0
1690209716667381632,684154,0.4165216811486254,0.07793741860438418,0.0
1690209716667490101,684154,0.41643657103298665,0.07806077241749398,0.0
1690209716668134195,684154,0.41642940439920456,0.07806473417829989,0.0
1690209716668261228,684154,0.4164160867728627,0.07802515747656077,0.0
1690209716668476553,684154,0.4164707372898688,0.07800869190315267,0.0
1690209716668488958,684154,0.4164489786532594,0.07806451542586029,0.0
1690209716668501566,684154,0.41648602811529406,0.07807729009333882,0.0
1690209716668507175,684154,0.41640971815216876,0.0781767383512618,0.0
1690209716668514543,684154,0.41636277703834773,0.07824863814342257,0.0
1690209716677296928,684155,0.41640842436451836,0.07827754120053662,0.0
1690209716678800719,684155,0.4163595732112011,0.07838949913395235,0.0
1690209716679014374,684155,0.41630661508956446,0.07845662056498082,0.0
1690209716679382211,684155,0.4161902788635796,0.07858080239930124,0.0
1690209716679399227,684155,0.4162167880504497,0.07860694205875592,0.0
1690209716679407740,684155,0.41621953986306115,0.07858854469702485,0.0
1690209716679424829,684155,0.4160924355745509,0.07869846926818033,0.0
1690209716679452684,684155,0.4161098777070631,0.0786675374896171,0.0
1690209716679476309,684155,0.4161449421393578,0.07852315798826127,0.0
1690209716679485707,684155,0.41613374410382964,0.07851226261130718,0.0
1690209716685145139,684156,0.4161188715431014,0.07849576052885554,0.0
1690209716686168023,684156,0.41619821569993176,0.07835595444027031,0.0
1690209716686175822,684156,0.4162278657893593,0.07824791587158247,0.0
1690209716686519771,684156,0.41623090847470257,0.0782503746883382,0.0
1690209716686524873,684156,0.41645998425600317,0.07800073179326635,0.0
1690209716686529079,684156,0.4164685257347372,0.07795373048069057,0.0
1690209716686545594,684156,0.41645107606144915,0.07798283092956623,0.0
1690209716686558382,684156,0.4165423151022698,0.07786844617420552,0.0
1690209716686562069,684156,0.4165875120801979,0.07784477358906809,0.0
1690209716686600524,684156,0.4165713490542347,0.07788503134628774,0.0
1690209716692843347,684157,0.4165254116339129,0.07792618971911977,0.0
1690209716693600975,684157,0.41653381498200365,0.0779101444794357,0.0
1690209716693774636,684157,0.41650663319766906,0.07797099615935182,0.0
1690209716694068805,684157,0.4164719441524551,0.07804553897909242,0.0
1690209716694313731,684157,0.4163909635524919,0.07818402631411131,0.0
1690209716694536382,684157,0.4163281995882806,0.07826141327406412,0.0
1690209716694797275,684157,0.41628518806868176,0.07829949859472801,0.0
1690209716694807644,684157,0.4162606185559532,0.07837829738665687,0.0
1690209716694812152,684157,0.4162338260068678,0.07845764096936213,0.0
1690209716694914020,684157,0.41617092256140753,0.07851086855433463,0.0
1690209716700724212,684158,0.4160516582587718,0.07865412725434975,0.0
1690209716701983267,684158,0.4160521503108357,0.07870472933394074,0.0
1690209716702051768,684158,0.4160764948875405,0.07864317004543181,0.0
1690209716702436901,684158,0.41594682545853884,0.07878253781530276,0.0
1690209716702444982,684158,0.4159720440354037,0.07876148713377736,0.0
1690209716702451092,684158,0.4159949451397814,0.07863372281916611,0.0
1690209716702461265,684158,0.4159877177424186,0.0786230807372523,0.0
1690209716702473376,684158,0.415984539874438,0.07861495819983798,0.0
1690209716702491741,684158,0.4160334183493603,0.07849918977886404,0.0
1690209716702499564,684158,0.41606084549985356,0.0784079240420203,0.0
1690209716711642620,684159,0.41607808326727685,0.07839802122354532,0.0
1690209716712005485,684159,0.41629445792159225,0.07815928280560942,0.0
1690209716712941347,684159,0.41632308352185576,0.0781024522223878,0.0
1690209716713200557,684159,0.4163146794247516,0.07810087992059714,0.0
1690209716713761890,684159,0.41643026794755417,0.07797582624660364,0.0
1690209716714129852,684159,0.41649199894259925,0.07795398439587399,0.0
1690209716714304020,684159,0.41649786312450104,0.0779867597254819,0.0
1690209716714605074,684159,0.41648118976345716,0.07801506493477885,0.0
1690209716714631780,684159,0.416531412826467,0.07796196916262613,0.0
1690209716714657744,684159,0.416452862573707,0.07806476636614208,0.0
1690209716718468446,684160,0.4163809439271763,0.0781729057564629,0.0
1690209716718783233,684160,0.41627912628648966,0.07830564253847958,0.0
1690209716718887360,684160,0.41616956943050437,0.07844937602462462,0.0
1690209716718996139,684160,0.4160878094378046,0.07848371191405328,0.0
1690209716719094831,684160,0.41611015875577106,0.07852622124956936,0.0
1690209716719186771,684160,0.41609432952816594,0.07855730158115032,0.0
1690209716719457096,684160,0.41600652787364784,0.0786265881382685,0.0
1690209716719544948,684160,0.41605772203395985,0.07860126520803067,0.0
1690209716719630563,684160,0.41608315872373713,0.07859230891710377,0.0
1690209716719639379,684160,0.416215831028959,0.07847749331655714,0.0
1690209716726457673,684161,0.41618579765464014,0.07848960186736537,0.0
1690209716726680561,684161,0.41624594866559483,0.07847630163107902,0.0
1690209716726911972,684161,0.4163167964704083,0.07830740900969442,0.0
1690209716727564883,684161,0.41630897757565594,0.07829375790120036,0.0
1690209716727582238,684161,0.416364046698474,0.07825393591966621,0.0
1690209716727836400,684161,0.4163295990980299,0.07821824946357948,0.0
1690209716727851372,684161,0.4163669965458956,0.07812620071523961,0.0
1690209716727859505,684161,0.41635748630581904,0.0781333117432277,0.0
1690209716727872249,684161,0.4165286742632832,0.07796158990425589,0.0
1690209716727899847,684161,0.4165564471659451,0.07791679406981765,0.0
1690209716734215003,684162,0.4164924031530125,0.07802800083268355,0.0
1690209716734797692,684162,0.4166191675200758,0.07790362456727928,0.0
1690209716735488511,684162,0.4166553252671676,0.07791829594538861,0.0
1690209716735694261,684162,0.41664626063745125,0.07799797052092679,0.0
1690209716735856885,684162,0.41661055241886413,0.078082546485481,0.0
1690209716736125536,684162,0.41663775992814067,0.07805177438331673,0.0
1690209716736145131,684162,0.4164790611417405,0.07824727849212275,0.0
1690209716736159254,684162,0.41644827405524965,0.07833660819205937,0.0
1690209716736167606,684162,0.4163934304369121,0.07836385521981752,0.0
1690209716736177218,684162,0.4162372955044642,0.07853047235274939,0.0
1690209716742553335,684163,0.41616912234043074,0.07853126912840189,0.0
1690209716743461704,684163,0.41621841144843685,0.07850678002543376,0.0
1690209716743843382,684163,0.416234009446947,0.078497151686007,0.0
1690209716744019371,684163,0.4161680704833321,0.07858615365593696,0.0
1690209716744425474,684163,0.4162734748229342,0.07848738268427452,0.0
1690209716744441669,684163,0.4162932058084227,0.0784480835200594,0.0
1690209716744460721,684163,0.4164144616266536,0.07835929414559469,0.0
1690209716744492570,684163,0.4164209655201889,0.078338387061131,0.0
1690209716744508028,684163,0.4164794962157171,0.07829670504246038,0.0
1690209716744513375,684163,0.41655101099052927,0.07812822295346937,0.0
1690209716750512931,684164,0.4165818008028267,0.07808857071020113,0.0
1690209716750890502,684164,0.41666868990537276,0.07803348892106939,0.0
1690209716751414655,684164,0.41664406321077185,0.07798811057374054,0.0
1690209716751870497,684164,0.41666579814203003,0.07790879106278485,0.0
1690209716752029238,684164,0.41667464931068754,0.07789848428205894,0.0
1690209716752280087,684164,0.41679671713996247,0.07776929400797507,0.0
1690209716752381437,684164,0.4168037970854797,0.07774008512032772,0.0
1690209716752392821,684164,0.41669838724354635,0.07792143164043064,0.0
1690209716752398389,684164,0.41677359394563573,0.07785300837277039,0.0
1690209716752431055,684164,0.4167909759749781,0.07786611703463642,0.0
1690209716758883030,684165,0.41674651771322285,0.07799635314408693,0.0
1690209716759836950,684165,0.41673433979924435,0.07805967788980556,0.0
1690209716760217567,684165,0.41674769147608837,0.07805014110961284,0.0
1690209716760373632,684165,0.4165805348375531,0.07824763410161661,0.0
1690209716760391726,684165,0.41653416840874624,0.07834639255392416,0.0
1690209716760678436,684165,0.41649401311259815,0.07835868682599649,0.0
1690209716760696581,684165,0.4163492653941176,0.07851227135513211,0.0
1690209716760716094,684165,0.4162876554868281,0.07852173361878363,0.0
1690209716760731580,684165,0.4163278877541689,0.07850743419055539,0.0
1690209716760739711,684165,0.4163320223873801,0.07850904290301765,0.0
1690209716768224633,684166,0.41629909417775024,0.0785389426151758,0.0
1690209716768434175,684166,0.4163701295110649,0.07846465273019848,0.0
1690209716768914195,684166,0.41639745431239594,0.07843398433562565,0.0
1690209716768936763,684166,0.4165127326664586,0.07832318224391702,0.0
1690209716768961878,684166,0.41648849728996074,0.07831852589585209,0.0
1690209716768975457,684166,0.41653239749377874,0.07829716399231468,0.0
1690209716768996792,684166,0.4165628014720977,0.0781582957803305,0.0
1690209716769007349,684166,0.41655245377533007,0.07815288008731576,0.0
1690209716769079955,684166,0.4166143759460508,0.07813188942506455,0.0
1690209716769089655,684166,0.4165910879533904,0.07807726986761941,0.0
1690209716776362867,684167,0.4166247754025587,0.07798856929080543,0.0
1690209716777642832,684167,0.41660114546626736,0.0779898223726487,0.0
1690209716777650364,684167,0.41675044507384107,0.07783751755680986,0.0
1690209716777797124,684167,0.41674934567257443,0.07780999427378174,0.0
1690209716778083852,684167,0.41666656681798686,0.07797387050595778,0.0
1690209716778098795,684167,0.4167561372140597,0.07790143274948828,0.0
1690209716778112881,684167,0.4167847676431341,0.07790342801120713,0.0
1690209716778119928,684167,0.41673830613091367,0.07803500071535617,0.0
1690209716778127877,684167,0.4167215654543695,0.07809200706495578,0.0
1690209716778150237,684167,0.41671580268106384,0.07807523515229903,0.0
1690209716785073774,684168,0.41657194464614267,0.07826068708182009,0.0
1690209716786608267,684168,0.41653688599992367,0.07836012337715081,0.0
1690209716787163822,684168,0.4165332916632016,0.07833947858271609,0.0
1690209716787478205,684168,0.4163976693156251,0.07848600378174131,0.0
1690209716787497304,684168,0.4163450468804033,0.078510034668387,0.0
1690209716787510162,684168,0.41642109254305093,0.07843439833026175,0.0
1690209716787528947,684168,0.4164000166092978,0.07844014139178206,0.0
1690209716787568631,684168,0.41638095910374723,0.07846566525588958,0.0
1690209716787581623,684168,0.41647094155447617,0.07834957356010822,0.0
1690209716787589459,684168,0.41652769789980326,0.07825173529154289,0.0
1690209716792061060,684169,0.4165846849620699,0.07823634759224864,0.0
1690209716792504170,684169,0.4166502525872744,0.07813213971059493,0.0
1690209716793334942,684169,0.4166792044731013,0.07808158716506901,0.0
1690209716793494755,684169,0.4166792886528769,0.07801337894887943,0.0
1690209716793634629,684169,0.4167386728318338,0.0779245800198875,0.0
1690209716793803859,684169,0.41683858527018314,0.07787585031312126,0.0
1690209716793815677,684169,0.41684021279825445,0.07785457964636401,0.0
1690209716793824880,684169,0.4168135167451904,0.07787678093044884,0.0
1690209716793829346,684169,0.4168670421528292,0.07783730615126894,0.0
1690209716793864304,684169,0.41686227217024385,0.0778562794244639,0.0
1690209716800769225,684170,0.4168257645994806,0.07792620491073908,0.0
1690209716800781872,684170,0.41673399774685715,0.07808127879925326,0.0
1690209716802017490,684170,0.41667044084266003,0.07816138332024687,0.0
1690209716802027724,684170,0.41662743102529604,0.07820292050989784,0.0
1690209716802354717,684170,0.41661631405491434,0.07828911773676173,0.0
1690209716802369604,684170,0.41660325077810745,0.07834298771768244,0.0
1690209716802389077,684170,0.4165317254897995,0.07838992218209687,0.0
1690209716802408557,684170,0.41650476641723255,0.07844389657386472,0.0
1690209716802425431,684170,0.416534067698082,0.0784437853095903,0.0
1690209716802438494,684170,0.4166555906375296,0.07831765422662718,0.0
1690209716809099308,684171,0.41657991146667445,0.07837211574822442,0.0
1690209716809869038,684171,0.4166231263161781,0.07836037626486292,0.0
1690209716810741229,684171,0.41670060547500887,0.07821078350814148,0.0
1690209716810850349,684171,0.4166707811456488,0.07822984125297458,0.0
1690209716811294810,684171,0.41672918189074065,0.078186610191259,0.0
1690209716811310446,684171,0.4167227896683071,0.0781172773805045,0.0
1690209716811330049,684171,0.41676917040444456,0.07799971590896994,0.0
1690209716811339839,684171,0.4167208653084327,0.07803230902001745,0.0
1690209716811367027,684171,0.41687373144929507,0.07785518619364006,0.0
1690209716811375469,684171,0.41689022109573204,0.07780173078187322,0.0
1690209716816798453,684172,0.41683108599311275,0.07791932571755378,0.0
1690209716817184002,684172,0.4169580273810002,0.0777998919376175,0.0
1690209716817498421,684172,0.41701827815312076,0.07777839209340677,0.0
1690209716817768355,684172,0.4169866883567235,0.07787863874592033,0.0
1690209716817875118,684172,0.4169850168286096,0.07795026375608491,0.0
1690209716818111209,684172,0.4169974190513766,0.0779253284706926,0.0
1690209716818120894,684172,0.416845122111107,0.07811625249759846,0.0
1690209716818135223,684172,0.41679068881094,0.0782309471710446,0.0
1690209716818141542,684172,0.41670958483860093,0.0782938734172786,0.0
1690209716818152656,684172,0.41656417090148584,0.07846060222620453,0.0
1690209716825685671,684173,0.41647695517662964,0.07846609134855886,0.0
1690209716826728480,684173,0.4164648731560331,0.07849137839085302,0.0
1690209716826958661,684173,0.4164705248679432,0.07847985130277953,0.0
1690209716827306555,684173,0.4164195662244573,0.07851285166088205,0.0
1690209716827327123,684173,0.4165008499792559,0.07841999203965593,0.0
1690209716827343987,684173,0.41652425750761474,0.07840352019830896,0.0
1690209716827360187,684173,0.416640929412392,0.07829977119370501,0.0
1690209716827466977,684173,0.41666423003672404,0.07827014403836427,0.0
1690209716827484315,684173,0.4167066629154625,0.07825589213002851,0.0
1690209716827578769,684173,0.41676526497487465,0.07810536576795998,0.0
1690209716835611931,684174,0.4167556589998007,0.0780913143248934,0.0
1690209716836140476,684174,0.4167718896710728,0.07805062094377062,0.0
1690209716836619545,684174,0.41675681537614273,0.07800853914403455,0.0
1690209716836869933,684174,0.4167607669634539,0.07792985302512759,0.0
1690209716837175467,684174,0.41677410784226626,0.07790027673286695,0.0
1690209716837195390,684174,0.41694097564248256,0.0777228122179247,0.0
1690209716837206383,684174,0.4169316412582194,0.07768931856884678,0.0
1690209716837223074,684174,0.4169643595855669,0.07775476334205716,0.0
1690209716837237849,684174,0.4170655700406599,0.07766025240280122,0.0
1690209716837258830,684174,0.4171237810193569,0.07769898962616652,0.0
1690209716842606231,684175,0.41713138668737515,0.07776261177654355,0.0
1690209716843698955,684175,0.4170771691667972,0.07787004526540485,0.0
1690209716844075877,684175,0.4170861233496765,0.0778820634986354,0.0
1690209716844233790,684175,0.4168607819924173,0.07811767687228048,0.0
1690209716844567935,684175,0.4168317998502618,0.07820576793138316,0.0
1690209716844589766,684175,0.4167417302907088,0.0782501122908384,0.0
1690209716844598757,684175,0.41658158400032635,0.07842243363231476,0.0
1690209716844609409,684175,0.41653211581948235,0.07840601988133848,0.0
1690209716844620968,684175,0.41652734838027045,0.07839792783053483,0.0
1690209716844635522,684175,0.4165259574945712,0.0783971110022567,0.0
1690209716851415959,684176,0.4164679192295964,0.07842296445779069,0.0
1690209716852140818,684176,0.41658424259886473,0.07831511119933533,0.0
1690209716852255594,684176,0.41662583968345424,0.07828821471581837,0.0
1690209716852685418,684176,0.41666925308471464,0.07825344261611002,0.0
1690209716852698651,684176,0.41668012006969235,0.07821491541735162,0.0
1690209716852706707,684176,0.41670371237613996,0.07822573424604551,0.0
1690209716852717720,684176,0.41671523783312403,0.07815232462074746,0.0
1690209716852744593,684176,0.4167217065295484,0.07811790073492667,0.0
1690209716852748963,684176,0.4167349064563687,0.07808246771549866,0.0
1690209716852777457,684176,0.4167366167700342,0.0780444276875922,0.0
1690209716858838969,684177,0.4167387476669499,0.07796665798154209,0.0
1690209716859556095,684177,0.4167419648042712,0.07795333791442541,0.0
1690209716859989614,684177,0.41689644059254216,0.0778003916435375,0.0
1690209716860000007,684177,0.4169010699747353,0.07776439128253566,0.0
1690209716860329353,684177,0.41692739145083324,0.07783609292430677,0.0
1690209716860541461,684177,0.41702018851546524,0.07774912893796863,0.0
1690209716860853111,684177,0.41704330850816707,0.0778057707814989,0.0
1690209716860880700,684177,0.4170455854316999,0.07786740941721851,0.0
1690209716860891049,684177,0.4170150086680843,0.07792075612913064,0.0
1690209716860899475,684177,0.4170189499328958,0.07795682464544772,0.0
1690209716869114994,684178,0.4168379264085563,0.07814969775005752,0.0
1690209716869821196,684178,0.41680067777659546,0.07821965073746844,0.0
1690209716870640983,684178,0.41680884547663577,0.07818107210418132,0.0
1690209716870656177,684178,0.41669214681128086,0.07830657773497093,0.0
1690209716871116573,684178,0.41669870483714266,0.07829920666760458,0.0
1690209716871135523,684178,0.4167423981602053,0.07824168452614153,0.0
1690209716871174722,684178,0.41674683939922236,0.07824760094520244,0.0
1690209716871188356,684178,0.41673878462062836,0.07829598729759941,0.0
1690209716871202878,684178,0.4167592633765074,0.07825231559397793,0.0
1690209716871233161,684178,0.41676731375343334,0.07821879508028513,0.0
1690209716876158439,684179,0.41674214669204357,0.07827890768295731,0.0
1690209716876920530,684179,0.4167489256548852,0.0782585304520805,0.0
1690209716877028487,684179,0.41677312803439337,0.07823215699586561,0.0
1690209716877311814,684179,0.41669767824401754,0.07823115263624086,0.0
1690209716877320666,684179,0.4167259569519405,0.07819648778738289,0.0
1690209716877331993,684179,0.41675863898351256,0.0781255051536246,0.0
1690209716877341411,684179,0.41673561326908753,0.07812254878019775,0.0
1690209716877347797,684179,0.4167359157177016,0.07811304265137789,0.0
1690209716877386520,684179,0.41676269029663326,0.0780723894849638,0.0
1690209716877390964,684179,0.4168097115684998,0.07802498181772463,0.0
1690209716885288276,684180,0.416796065147969,0.07804915801617326,0.0
1690209716886896688,684180,0.41674980715183885,0.07817115682318822,0.0
1690209716887161034,684180,0.4167697533092956,0.07816483020418387,0.0
1690209716887679457,684180,0.4167225685438204,0.07818676221558447,0.0
1690209716887716072,684180,0.41671451468958864,0.07824502976066101,0.0
1690209716887745390,684180,0.41671600817542875,0.07824517628761522,0.0
1690209716887760261,684180,0.4166706673886147,0.07824609213707054,0.0
1690209716887774387,684180,0.41669825569303864,0.07823347354441666,0.0
1690209716887784691,684180,0.4167040534280984,0.07823452603667538,0.0
1690209716887813351,684180,0.4168237965570716,0.07812904713228788,0.0
1690209716892654815,684181,0.41682601012807485,0.07812946424056319,0.0
1690209716893384581,684181,0.41683573869257196,0.07814476078231519,0.0
1690209716893543715,684181,0.41692612478160673,0.07805532139297593,0.0
1690209716894023360,684181,0.4168941248550983,0.07808072534476794,0.0
1690209716894190877,684181,0.4169066125571778,0.07811172243465628,0.0
1690209716894314781,684181,0.41689156656122045,0.07809623571939349,0.0
1690209716894325095,684181,0.41689244255312524,0.07805685725479185,0.0
1690209716894345984,684181,0.4168926928319682,0.07805599728786784,0.0
1690209716894352196,684181,0.4169711443185536,0.07797919653194983,0.0
1690209716894357637,684181,0.41697560878249385,0.07794469327308867,0.0
1690209716901968316,684182,0.4170303585485904,0.07793837882012462,0.0
1690209716903091220,684182,0.417062608400278,0.07789596420322505,0.0
1690209716903311859,684182,0.4171149890878835,0.07792500785065386,0.0
1690209716903876251,684182,0.4171130490277011,0.07796485345381723,0.0
1690209716904053753,684182,0.41708701631584816,0.07804596472056448,0.0
1690209716904682040,684182,0.41710480294966923,0.07805623145840856,0.0
1690209716904693781,684182,0.41691304927475076,0.07827748818886825,0.0
1690209716904712374,684182,0.4168832354216036,0.07836092155913554,0.0
1690209716904727516,684182,0.41683871060697114,0.07835578064382201,0.0
1690209716904745497,684182,0.4166943260557735,0.07851367664087193,0.0
1690209716909008490,684183,0.4166520580591508,0.07850321912897967,0.0
1690209716909374248,684183,0.4166694623729132,0.07846657236583728,0.0
1690209716909896647,684183,0.4166525574936123,0.07850255621137746,0.0
1690209716910195434,684183,0.41661757348969153,0.0785412532962287,0.0
1690209716910497346,684183,0.41669746516467454,0.0784515258977331,0.0
1690209716910509352,684183,0.4167427431961902,0.07841854397763842,0.0
1690209716910514048,684183,0.4167422173055581,0.07844651408494373,0.0
1690209716910531551,684183,0.41677294620130323,0.07840610469647809,0.0
1690209716910538525,684183,0.4167950156374193,0.0783871327452113,0.0
1690209716910563538,684183,0.4167985329047204,0.07829231860417546,0.0
1690209716918675776,684184,0.4167852320166868,0.07828392216063661,0.0
1690209716919759446,684184,0.4168148515886827,0.07820446511260962,0.0
1690209716920500291,684184,0.41680021551075924,0.07816873329621565,0.0
1690209716920654766,684184,0.41681535847547074,0.07808386583579793,0.0
1690209716921103186,684184,0.41685563683073684,0.07803958172139501,0.0
1690209716921129036,684184,0.41703569312946887,0.07786585305959046,0.0
1690209716921143055,684184,0.41703151271286754,0.0778399083043341,0.0
1690209716921158561,684184,0.4170448436395592,0.07792872280543814,0.0
1690209716921183545,684184,0.41713386755480936,0.07785300358248302,0.0
1690209716921200698,684184,0.4171667751697175,0.07789512604132216,0.0
1690209716925596299,684185,0.4171702795990996,0.07797734478530016,0.0
1690209716926721763,684185,0.41712230484066176,0.07804691180550635,0.0
1690209716927097646,684185,0.41709812964820353,0.07807051297298802,0.0
1690209716927370785,684185,0.4169035669991278,0.0782987402502951,0.0
1690209716927485972,684185,0.4168761859730603,0.07835872031176706,0.0
1690209716927494752,684185,0.4168607966331622,0.07831324711938807,0.0
1690209716927498563,684185,0.41670508215514224,0.07848646800918378,0.0
1690209716927539656,684185,0.4166367493987043,0.07850794204241453,0.0
1690209716927552135,684185,0.4166466697758334,0.0784783860506298,0.0
1690209716927557450,684185,0.4166488103966623,0.07848766175276872,0.0
1690209716934336425,684186,0.4165988488757264,0.0785600124685848,0.0
1690209716935867870,684186,0.4166890093121203,0.07845730608877796,0.0
1690209716936248225,684186,0.41673743857550105,0.07839501252153687,0.0
1690209716936264560,684186,0.41678440436926495,0.07837165134407328,0.0
1690209716936274265,684186,0.4168244887690722,0.07831638343588773,0.0
1690209716936304723,684186,0.4168737834041468,0.07827064160591388,0.0
1690209716936323824,684186,0.4168699566365692,0.07817227086488385,0.0
1690209716936368628,684186,0.4168841720089401,0.07813582266497833,0.0
1690209716936381594,684186,0.4169466052120829,0.0780693005311097,0.0
1690209716936390138,684186,0.4168927127515629,0.07805467205883161,0.0
1690209716941811443,684187,0.4168977934011687,0.07797161168591797,0.0
1690209716942424925,684187,0.4168984629461874,0.07794793452630637,0.0
1690209716943082332,684187,0.4170520224911762,0.0777934549390241,0.0
1690209716943265655,684187,0.41703774387850434,0.07779322945868251,0.0
1690209716943539186,684187,0.4169152870364422,0.0779878127303969,0.0
1690209716943552739,684187,0.41697780589763644,0.0779077545097576,0.0
1690209716943562240,684187,0.4169925976817119,0.07790614394444575,0.0
1690209716943569843,684187,0.41693746871580517,0.0780468466348086,0.0
1690209716943578636,684187,0.41691354896850125,0.07812359539380322,0.0
1690209716943585009,684187,0.41686035973904334,0.07814281539525299,0.0
1690209716950379638,684188,0.41675222854770766,0.0782982260748943,0.0
1690209716950880734,684188,0.41671734003718686,0.07838384382085231,0.0
1690209716951115003,684188,0.41673133092270087,0.07834575666710425,0.0
1690209716951133087,684188,0.4165976361991913,0.07848094871722412,0.0
1690209716951478548,684188,0.416546222464969,0.07849296955181305,0.0
1690209716951554021,684188,0.41662310317797874,0.07838899160427273,0.0
1690209716951749481,684188,0.4165958721599503,0.07840743674277317,0.0
1690209716951927236,684188,0.41654752136452666,0.07844462443971251,0.0
1690209716951941236,684188,0.4166408339639313,0.07832672362260545,0.0
1690209716951963891,684188,0.41667768824456497,0.07821403480401991,0.0
1690209716959197681,684189,0.41676317137234636,0.07815423572246098,0.0
1690209716959955738,684189,0.41690792881993394,0.07798393243041597,0.0
1690209716960145375,684189,0.4169226612964003,0.07794790349914445,0.0
1690209716960405601,684189,0.41703185909700613,0.07780802289543406,0.0
1690209716960561244,684189,0.4170773974490787,0.07772682577257133,0.0
1690209716960821368,684189,0.4171939065865834,0.0776962591252821,0.0
1690209716960836678,684189,0.41717637177379224,0.07770939081506456,0.0
1690209716960847889,684189,0.41717557328225574,0.07769015136992859,0.0
1690209716960870246,684189,0.41718308514652186,0.07770253482183458,0.0
1690209716960891529,684189,0.41715593071697393,0.07773587291696098,0.0
1690209716966854318,684190,0.4171477711106863,0.07775794673316108,0.0
1690209716967718157,684190,0.41698938237572125,0.07795778883175918,0.0
1690209716968053158,684190,0.41698280488910683,0.07798328864632892,0.0
1690209716968242828,684190,0.4169599101155047,0.07798713755155959,0.0
1690209716968289008,684190,0.41689608463864614,0.07810616120438513,0.0
1690209716968502666,684190,0.4168843097310315,0.07818991848475015,0.0
1690209716968735669,684190,0.4168380736039985,0.07820124924589729,0.0
1690209716968748491,684190,0.41675776618790084,0.07831639499878558,0.0
1690209716968756211,684190,0.41674336911914206,0.0783998651733871,0.0
1690209716968763551,684190,0.4167048170835344,0.07842636804578741,0.0
1690209716976584333,684191,0.4165951902664245,0.07855332535174057,0.0
1690209716977730634,684191,0.41652779021211084,0.07857382709497976,0.0
1690209716977910761,684191,0.41656987071894985,0.07847425604746047,0.0
1690209716977920441,684191,0.41656152331793816,0.078473382903549,0.0
1690209716978297353,684191,0.41655158739755577,0.07845647972359952,0.0
1690209716978310792,684191,0.4166334138075638,0.07834112488586323,0.0
1690209716978318890,684191,0.4166895460087714,0.07822036748869958,0.0
1690209716978330021,684191,0.4167973131939164,0.07812894322426206,0.0
1690209716978344019,684191,0.4169653600771393,0.07794031872236014,0.0
1690209716978373324,684191,0.4170124023712043,0.07789168443306924,0.0
1690209716984033514,684192,0.4171033563492734,0.07780578119308976,0.0
1690209716984785643,684192,0.4171813619813426,0.07770475860961899,0.0
1690209716984895987,684192,0.4172664573888738,0.07770727479724007,0.0
1690209716985313022,684192,0.4172542513246962,0.07773196317769156,0.0
1690209716985443657,684192,0.41722530170320776,0.0777381066877513,0.0
1690209716985629852,684192,0.41721863740758597,0.07773201801982689,0.0
1690209716985700210,684192,0.41720178414406867,0.07777474945218733,0.0
1690209716985899989,684192,0.41715811184288054,0.07783293780638834,0.0
1690209716985912578,684192,0.4170509027642988,0.07797322383791189,0.0
1690209716985928124,684192,0.4169872194877521,0.07805152083179187,0.0
1690209716991582732,684193,0.4169680949659316,0.07808656798129417,0.0
1690209716991965718,684193,0.4169490974932192,0.07818045233926935,0.0
1690209716992841249,684193,0.4169195924174521,0.07827017243767292,0.0
1690209716993010355,684193,0.41689359315313496,0.07829337475716179,0.0
1690209716993389117,684193,0.41681717665371915,0.07839674759731334,0.0
1690209716993404647,684193,0.4168022578811218,0.07847321882535986,0.0
1690209716993422605,684193,0.4167529728591604,0.07849698278001513,0.0
1690209716993437405,684193,0.41662793551669386,0.07862471885835325,0.0
1690209716993457707,684193,0.4165849390373624,0.07861883418741394,0.0
1690209716993471611,684193,0.416600922707799,0.07852530374145787,0.0
1690209717001762062,684194,0.41660664220223365,0.0785118251002006,0.0
1690209717002065876,684194,0.4165627520192152,0.07850400972621357,0.0
1690209717002279192,684194,0.41665139700932463,0.07836281928081883,0.0
1690209717002436876,684194,0.41668983706705315,0.0782572924176466,0.0
1690209717003494763,684194,0.4167994966866128,0.0781573202280138,0.0
1690209717003666018,684194,0.41699525319203035,0.07792984432426409,0.0
1690209717003817816,684194,0.41701139848834967,0.0778927190601925,0.0
1690209717003988064,684194,0.417069920318735,0.07783896191401828,0.0
1690209717003999593,684194,0.41714991317260386,0.07773665068282175,0.0
1690209717004004433,684194,0.41722862603122995,0.07774414812165484,0.0
1690209717009478573,684195,0.4172115287115335,0.07776917907326804,0.0
1690209717010078448,684195,0.4172141714035505,0.07775221186003625,0.0
1690209717010252926,684195,0.4171909713288829,0.07777559601382841,0.0
1690209717010277733,684195,0.417152282838058,0.07782191338101012,0.0
1690209717010300042,684195,0.4171288984177352,0.07786171838081393,0.0
1690209717010437809,684195,0.41701117680698,0.07798951162860016,0.0
1690209717010759221,684195,0.4169527508932734,0.07806605621654819,0.0
1690209717010894195,684195,0.41694268164063986,0.07807510467883975,0.0
1690209717011027490,684195,0.41693615783649246,0.07814306582885369,0.0
1690209717011042783,684195,0.41689838749439084,0.07822368571547463,0.0
1690209717017020149,684196,0.4168681812842959,0.0782406647915111,0.0
1690209717017641099,684196,0.41675682006988707,0.07837633306940157,0.0
1690209717017800953,684196,0.4167501379487937,0.07844160652468793,0.0
1690209717017986806,684196,0.41670770993706574,0.07846953275462894,0.0
1690209717017991984,684196,0.4165790660576752,0.07860351479524298,0.0
1690209717017995028,684196,0.41649945964321167,0.07860698407975483,0.0
1690209717018004016,684196,0.41651616660765767,0.07852139789717369,0.0
1690209717018012200,684196,0.4165121517944904,0.0784864896286821,0.0
1690209717018034396,684196,0.4164922102812176,0.07846800102188257,0.0
1690209717018041145,684196,0.41656577850549426,0.07836054155189366,0.0
1690209717025688082,684197,0.4166037129819156,0.07825566461466991,0.0
1690209717026503659,684197,0.4167501458700971,0.07811219633472,0.0
1690209717026991219,684197,0.41691137393159455,0.07792873526775672,0.0
1690209717027058660,684197,0.41697288405640187,0.07788886585747876,0.0
1690209717027278702,684197,0.41703217833478623,0.07783478079258671,0.0
1690209717027291345,684197,0.4171208696879938,0.07774321935498882,0.0
1690209717027298217,684197,0.4171938161270187,0.07774130657760639,0.0
1690209717027308861,684197,0.4171472372276076,0.07780161056842927,0.0
1690209717027325124,684197,0.41712921801488906,0.07778365399011099,0.0
1690209717027339575,684197,0.41709176251704116,0.077802915745315,0.0
1690209717033803472,684198,0.41705590500215367,0.07785770379705824,0.0
1690209717033895823,684198,0.4170254032949217,0.0779017260987144,0.0
1690209717034009241,684198,0.41697641721850165,0.07796597999656903,0.0
1690209717034236652,684198,0.41691407380904644,0.07804055852132927,0.0
1690209717034335444,684198,0.41691719596902166,0.07805362692906188,0.0
1690209717034492114,684198,0.4169648191195492,0.07806193339372111,0.0
1690209717034503011,684198,0.4169156506437035,0.07817373759236217,0.0
1690209717034512979,684198,0.41689963418898096,0.07821058744550731,0.0
1690209717034521696,684198,0.41678375464884626,0.07832748855224456,0.0
1690209717034527790,684198,0.41679188758030883,0.07834363378879182,0.0
1690209717042398816,684199,0.4167293944550282,0.07839417677013724,0.0
1690209717042498624,684199,0.41665350190050415,0.07847798400238208,0.0
1690209717043260382,684199,0.41661793465915553,0.07840884991219879,0.0
1690209717043346624,684199,0.4166387942193139,0.07831948110966547,0.0
1690209717043518985,684199,0.4166998416719653,0.07824082269619549,0.0
1690209717043529649,684199,0.4167609563844783,0.07822490534967853,0.0
1690209717043533962,684199,0.41684262156993446,0.07810503288828945,0.0
1690209717043557623,684199,0.4168520250547222,0.07807802597004544,0.0
1690209717043561749,684199,0.4169263847494412,0.07802729535691891,0.0
1690209717043564788,684199,0.4169524195320865,0.07797244292026365,0.0
1690209717050961081,684200,0.41695340430629646,0.07799318261102758,0.0
1690209717051467843,684200,0.41685283111575844,0.07806207486782278,0.0
1690209717051492516,684200,0.4168423172542093,0.07806761419478787,0.0
1690209717051730141,684200,0.41683461417230583,0.07804260655756337,0.0
1690209717051738552,684200,0.41676121869828203,0.07812962551570732,0.0
1690209717051747063,684200,0.4167351584946908,0.07814960585799073,0.0
1690209717051753771,684200,0.41667590708350566,0.07816346452897435,0.0
1690209717051758060,684200,0.416766789905415,0.0781075156486292,0.0
1690209717051773884,684200,0.41677118928090684,0.07813258795304968,0.0
1690209717051783431,684200,0.4167884079596946,0.07816253111404795,0.0
1690209717059358542,684201,0.41676286044368355,0.0781881997238593,0.0
1690209717060160017,684201,0.4167648821959802,0.07823071056494102,0.0
1690209717060231272,684201,0.41682392302969024,0.07819576371632567,0.0
1690209717060459011,684201,0.41678468454246725,0.07827682131282514,0.0
1690209717060467841,684201,0.41674416675640136,0.0783044612823801,0.0
1690209717060478638,684201,0.416640215068562,0.07840010903721815,0.0
1690209717060486765,684201,0.4166679373916645,0.07835828251178856,0.0
1690209717060496962,684201,0.41670665777481875,0.07827324165548856,0.0
1690209717060503011,684201,0.41673788713249266,0.07823145718736615,0.0
1690209717060571592,684201,0.4167200477721932,0.07817448549813817,0.0
1690209717066823583,684202,0.41679081538117013,0.07810693247256208,0.0
1690209717067158527,684202,0.4168944802461947,0.07799912282304683,0.0
1690209717067608165,684202,0.4169381816813841,0.07801171025363218,0.0
1690209717068294875,684202,0.4169937428518201,0.0779815777038698,0.0
1690209717068430046,684202,0.4170001243277922,0.07796680738877099,0.0
1690209717068721775,684202,0.417032090971125,0.07795265820234057,0.0
1690209717068738980,684202,0.4170437170015814,0.07794629737102715,0.0
1690209717068765825,684202,0.4170202363300173,0.07799813448511891,0.0
1690209717068777585,684202,0.4170093785658298,0.07797308170744009,0.0
1690209717068784145,684202,0.4169708858377312,0.07800780925860153,0.0
1690209717075368752,684203,0.4169819103729906,0.07798895966831546,0.0
1690209717076624841,684203,0.4170157037948266,0.07798834134758441,0.0
1690209717076717172,684203,0.4169808342855891,0.0780188250135278,0.0
1690209717077027369,684203,0.41696293629660064,0.07805194265686402,0.0
1690209717077045028,684203,0.4170398598935203,0.07799722679391294,0.0
1690209717077055993,684203,0.41703454797283984,0.07801284108927346,0.0
1690209717077063671,684203,0.4170399953380853,0.07809664709533268,0.0
1690209717077083697,684203,0.41703083757393855,0.07810069969604587,0.0
1690209717077100734,684203,0.4170489548478135,0.07809435343746884,0.0
1690209717077109550,684203,0.4170451635489661,0.07807188811952151,0.0
1690209717084386959,684204,0.41703240282781634,0.07811111459168547,0.0
1690209717084707969,684204,0.41702958510674765,0.07809135700438272,0.0
1690209717085629269,684204,0.41689788988426024,0.07818259240511846,0.0
1690209717085781546,684204,0.416905814492068,0.07818377888675034,0.0
1690209717086128006,684204,0.4169073342082414,0.07813722302588838,0.0
1690209717086144682,684204,0.4169243517618381,0.07810741435851996,0.0
1690209717086151455,684204,0.4168945309673196,0.07807022265227792,0.0
1690209717086166646,684204,0.41689141355200987,0.07808342178191871,0.0
1690209717086175707,684204,0.4169780960385407,0.07799008386142088,0.0
1690209717086210629,684204,0.4170044771694928,0.07799368996187489,0.0
1690209717092320646,684205,0.41707062294454317,0.07795556157322459,0.0
1690209717092862978,684205,0.41707641050635086,0.07792373385163898,0.0
1690209717093722364,684205,0.4170927366872677,0.07791736683798438,0.0
1690209717093799117,684205,0.4171219364538417,0.07790811932426218,0.0
1690209717094085103,684205,0.41714224364722013,0.07792955745942412,0.0
1690209717094100561,684205,0.41717959500091595,0.07786546246365755,0.0
1690209717094107803,684205,0.41713971898239616,0.07791164514109261,0.0
1690209717094130643,684205,0.4171583257119412,0.07790557698485465,0.0
1690209717094143944,684205,0.4172104978224996,0.07785750298655515,0.0
1690209717094158613,684205,0.4171631963068327,0.07787747612925894,0.0
1690209717100750490,684206,0.4171416271342414,0.07790102007231141,0.0
1690209717101887577,684206,0.4171968069112686,0.07783807243621249,0.0
1690209717102089330,684206,0.4172067699097767,0.07779790359063203,0.0
1690209717102216322,684206,0.41719462222341624,0.07787664140790694,0.0
1690209717102506645,684206,0.4172311070485204,0.07784141203850298,0.0
1690209717102518525,684206,0.4172485662003344,0.0778226621057828,0.0
1690209717102525604,684206,0.41728839790848044,0.07777611036483766,0.0
1690209717102535885,684206,0.4172907083921438,0.07779504324941615,0.0
1690209717102555421,684206,0.4172958427832365,0.07781439561683161,0.0
1690209717102573989,684206,0.4171685379991355,0.07792407088388097,0.0
1690209717110014662,684207,0.4171869168525585,0.07792837294455435,0.0
1690209717111121667,684207,0.4172775235080434,0.07780970623135876,0.0
1690209717111569861,684207,0.4172325067995204,0.0778501813400787,0.0
1690209717111842664,684207,0.4172435208638406,0.07786156911083486,0.0
1690209717111853579,684207,0.4171763056133031,0.07790789379598445,0.0
1690209717111868083,684207,0.4171884373258802,0.07789965345869315,0.0
1690209717111879071,684207,0.41721060342146593,0.07791161099364818,0.0
1690209717111889019,684207,0.4171707877623186,0.07797188309386989,0.0
1690209717111897869,684207,0.417192402126828,0.07792703873443722,0.0
1690209717111918630,684207,0.41708771835857184,0.07798689422398222,0.0
1690209717117839100,684208,0.4171597698395805,0.07793413597638893,0.0
1690209717118491022,684208,0.4171623129378238,0.07793771027873052,0.0
1690209717118680682,684208,0.4171463263282076,0.07792205156261925,0.0
1690209717118918521,684208,0.4171587031477458,0.07791546307357275,0.0
1690209717118938444,684208,0.41716637072958757,0.07789641287210498,0.0
1690209717119245111,684208,0.4172357002095571,0.07782589102662163,0.0
1690209717119391199,684208,0.41718053412197886,0.07791584137390138,0.0
1690209717119620361,684208,0.41717631373180747,0.07789712773774195,0.0
1690209717119630269,684208,0.41718015934605035,0.07789177870528015,0.0
1690209717119639310,684208,0.41718926176501436,0.07787131671031655,0.0
1690209717126164572,684209,0.417177952902659,0.07793419821887666,0.0
1690209717126749842,684209,0.4172472553427041,0.07787381499535295,0.0
1690209717126916811,684209,0.4171977863651916,0.07785916725861011,0.0
1690209717127129318,684209,0.41724786741334313,0.07786910163744776,0.0
1690209717127136319,684209,0.4173351957858651,0.07777277245999409,0.0
1690209717127140339,684209,0.41736415207376104,0.0777910166261158,0.0
1690209717127168533,684209,0.4173973695375396,0.07778509826367122,0.0
1690209717127184424,684209,0.41738648614829366,0.07777487774459123,0.0
1690209717127203376,684209,0.41756761097658623,0.07762625743860312,0.0
1690209717127224492,684209,0.41751859366098387,0.07767018031349596,0.0
1690209717134355631,684210,0.4175235468669872,0.07771047319235233,0.0
1690209717134801406,684210,0.4174622677375918,0.07773013832903394,0.0
1690209717135562793,684210,0.41738773198522117,0.07780375522729382,0.0
1690209717135569857,684210,0.4173961274983,0.077809033249743,0.0
1690209717135695405,684210,0.41729346668433953,0.07790782814975794,0.0
1690209717136030102,684210,0.4173004416431436,0.07788401286090513,0.0
1690209717136044495,684210,0.4172153405547066,0.07794277635474241,0.0
1690209717136066168,684210,0.41727047582195265,0.07788226360303563,0.0
1690209717136075687,684210,0.41728450132670736,0.07787957929090628,0.0
1690209717136086713,684210,0.41724724494675747,0.07796840415658843,0.0
1690209717143038622,684211,0.41720127384925815,0.07799935789875063,0.0
1690209717144026902,684211,0.41721298686920716,0.07799724806930919,0.0
1690209717144213292,684211,0.4172090232131242,0.07795497867553026,0.0
1690209717144530966,684211,0.417179462369854,0.07801986435667502,0.0
1690209717144542367,684211,0.41717108721645474,0.07801347895863887,0.0
1690209717144849893,684211,0.4170637244971128,0.07808473206895948,0.0
1690209717144865216,684211,0.4170866035233663,0.07807758027786361,0.0
1690209717144883749,684211,0.41706282392314004,0.07806038949814433,0.0
1690209717144902585,684211,0.4170270588427865,0.07808476492410125,0.0
1690209717144924050,684211,0.4169847050898179,0.07807321536241738,0.0
1690209717152126420,684212,0.4168899270867833,0.07817053318091698,0.0
1690209717152537887,684212,0.4169459355639469,0.07811555688495832,0.0
1690209717152699489,684212,0.4169182360072169,0.07812104547250677,0.0
1690209717153285200,684212,0.4169232695930802,0.07813265758150527,0.0
1690209717153791575,684212,0.41695821489305307,0.07808824312595614,0.0
1690209717154094111,684212,0.4169326362387084,0.07809044510042668,0.0
1690209717154304126,684212,0.41702981538533557,0.07801570823367883,0.0
1690209717154327906,684212,0.4170215336717611,0.07803340008134657,0.0
1690209717154341289,684212,0.41698600215461495,0.0780319583944617,0.0
1690209717154349987,684212,0.4169644611846878,0.07804350307871626,0.0
1690209717158560006,684213,0.4169905409602283,0.07801788469436698,0.0
1690209717159174112,684213,0.4170380582543361,0.07796737908359422,0.0
1690209717159259235,684213,0.4170039447290579,0.07800187862077095,0.0
1690209717159638343,684213,0.41699288365507264,0.07799090214060578,0.0
1690209717159691620,684213,0.4170421856214451,0.07793409779610909,0.0
1690209717159918018,684213,0.4170461293068182,0.07788648460171388,0.0
1690209717159925881,684213,0.41703155347348897,0.07797297800150364,0.0
1690209717159930473,684213,0.4171005247064409,0.07790181603722608,0.0
1690209717159934359,684213,0.4170810907364763,0.07788111595802319,0.0
1690209717159953288,684213,0.41711867170305694,0.07788660229524602,0.0
1690209717166543089,684214,0.4171693839630246,0.07783765793037857,0.0
1690209717166982487,684214,0.41719844553601765,0.07787596413645478,0.0
1690209717167629581,684214,0.4171166545893267,0.07795771994998112,0.0
1690209717167964111,684214,0.4171028212357194,0.07798756487629654,0.0
1690209717167974187,684214,0.41723550322877523,0.07785629983033282,0.0
1690209717167978655,684214,0.41711580464880105,0.07796623027254365,0.0
1690209717167982617,684214,0.4171296508052797,0.07799867722586173,0.0
1690209717168041752,684214,0.4170580171026753,0.0780278992028785,0.0
1690209717168063003,684214,0.4170115805473069,0.07809855851496365,0.0
1690209717168069837,684214,0.4169997769935993,0.0781297374643183,0.0
1690209717176935633,684215,0.4169772924246785,0.07814881699536215,0.0
1690209717177100739,684215,0.4169940219036767,0.078140510312676,0.0
1690209717177259531,684215,0.41691039985125933,0.07822771838883155,0.0
1690209717178043088,684215,0.41700278413693237,0.07813881248243232,0.0
1690209717178199347,684215,0.4170367812436961,0.07811517353593887,0.0
1690209717178654944,684215,0.4169284296419366,0.07820753675889743,0.0
1690209717178671970,684215,0.4169038243140064,0.07822221244922788,0.0
1690209717178681626,684215,0.41692960081777497,0.07817843541030813,0.0
1690209717178697636,684215,0.41692876353799413,0.07813280233773151,0.0
1690209717178757248,684215,0.41691589751634645,0.0781638195237516,0.0
1690209717183652793,684216,0.41693343587083487,0.07809120446842555,0.0
1690209717184736362,684216,0.41693667881773644,0.07806416945368283,0.0
1690209717184798334,684216,0.4169315371225812,0.07806785294662333,0.0
1690209717185233366,684216,0.41693469354313184,0.0781047487141667,0.0
1690209717185243091,684216,0.41699543714561377,0.07804653811196147,0.0
1690209717185253762,684216,0.41694141290501324,0.07804880882498436,0.0
1690209717185259792,684216,0.4169083228079258,0.07815518208650404,0.0
1690209717185267993,684216,0.41696534491303205,0.07810585472318349,0.0
1690209717185273580,684216,0.41691155887734255,0.0781501467901919,0.0
1690209717185291413,684216,0.4168756341429976,0.07823950236038735,0.0
1690209717193000820,684217,0.4168839346282603,0.07824110135100126,0.0
1690209717194179440,684217,0.41699189719526625,0.07809469591339668,0.0
1690209717194574783,684217,0.4169222061928208,0.07819129566020709,0.0
1690209717194844773,684217,0.4169579140070123,0.07820775897493555,0.0
1690209717195206268,684217,0.4170433925982947,0.07807056813575815,0.0
1690209717195218072,684217,0.416989474558751,0.07813658247531617,0.0
1690209717195227434,684217,0.4170199786495442,0.07816752773647129,0.0
1690209717195261185,684217,0.4171147582137828,0.0780559254942603,0.0
1690209717195284275,684217,0.4171037558623142,0.07804437264018019,0.0
1690209717195305227,684217,0.41706198009818,0.07813219101158943,0.0
1690209717201317248,684218,0.41712456372471163,0.07805212187582199,0.0
1690209717202274194,684218,0.41714269819886135,0.07801685527621385,0.0
1690209717203184094,684218,0.41706920073080034,0.0780976794656767,0.0
1690209717203196978,684218,0.41708845254164983,0.07805502622665329,0.0
1690209717203208332,684218,0.4171163493774528,0.07797163167339168,0.0
1690209717203471041,684218,0.4171160605482739,0.07793215346360398,0.0
1690209717203489811,684218,0.41714932362373863,0.07792034125814883,0.0
1690209717203512628,684218,0.4172072178329256,0.077897455621448,0.0
1690209717203524209,684218,0.4172039210180465,0.07789662708316346,0.0
1690209717203541732,684218,0.41719358263678497,0.07794094809354774,0.0
1690209717210254063,684219,0.4172203791407221,0.07799341315632068,0.0
1690209717210274704,684219,0.41716396472806266,0.07805955276926577,0.0
1690209717210279624,684219,0.4171120928441835,0.0780951874375874,0.0
1690209717210283761,684219,0.41699530965026504,0.07826033312581795,0.0
1690209717210293892,684219,0.41696838518297635,0.07829480590431508,0.0
1690209717210339643,684219,0.4168778807430041,0.07832138934106123,0.0
1690209717210442356,684219,0.41681483933605623,0.07840164326300875,0.0
1690209717210553129,684219,0.416832213502068,0.07836349330794311,0.0
1690209717210557408,684219,0.41690873578830345,0.07822690626869684,0.0
1690209717210560037,684219,0.4169394262302873,0.07822215471365015,0.0
1690209717218249360,684220,0.4169750209716394,0.07824178932137121,0.0
1690209717218768688,684220,0.41709435039047493,0.07809697104387431,0.0
1690209717218867298,684220,0.41704943765969105,0.07813636027340755,0.0
1690209717219143865,684220,0.4171113775461803,0.0781381310573533,0.0
1690209717219164129,684220,0.4171510866885739,0.07806031013223134,0.0
1690209717219203947,684220,0.41712142762628535,0.07807130241029522,0.0
1690209717219330793,684220,0.41709023315079685,0.07809774737682552,0.0
1690209717219339414,684220,0.41715200204166153,0.07802821288339745,0.0
1690209717219345570,684220,0.4171825493650669,0.07794548062556692,0.0
1690209717219349032,684220,0.41715888391619455,0.07803072284386342,0.0
1690209717225415177,684221,0.4172154572061525,0.07795773037418917,0.0
1690209717225565682,684221,0.4172492636383616,0.07791978637355142,0.0
1690209717225913502,684221,0.417305170682047,0.07788799589093603,0.0
1690209717226205590,684221,0.41735157918868415,0.0778791166562718,0.0
1690209717226379268,684221,0.41741313231097427,0.07789047372161954,0.0
1690209717226563666,684221,0.4172731500079526,0.07802912239707255,0.0
1690209717226740402,684221,0.41724268159003997,0.0780867913751629,0.0
1690209717226753207,684221,0.4172196942539266,0.07809116615873735,0.0
1690209717226764197,684221,0.4170616402050367,0.07823565176653116,0.0
1690209717226776503,684221,0.41701689494132194,0.07826173917743269,0.0
1690209717234246306,684222,0.41687541433960995,0.07835897898981697,0.0
1690209717234389667,684222,0.41683862235551533,0.07838700354208115,0.0
1690209717234615217,684222,0.41676959796598134,0.07840580131882373,0.0
1690209717234732836,684222,0.4168149186484455,0.07839445313084355,0.0
1690209717235282518,684222,0.41683454111965623,0.0783578143736283,0.0
1690209717235463701,684222,0.4168891857818206,0.07828020903669623,0.0
1690209717235720056,684222,0.41698368093846505,0.07820173667156854,0.0
1690209717235734780,684222,0.417016838595805,0.07822837197425038,0.0
1690209717235747737,684222,0.4170808430723701,0.07814701966914059,0.0
1690209717235769912,684222,0.4170348367351382,0.07817029734770839,0.0
1690209717242360669,684223,0.4170868002095002,0.07815961726313102,0.0
1690209717242724936,684223,0.4171258225461542,0.07806440281835124,0.0
1690209717243716115,684223,0.4171022790640287,0.07806262525193497,0.0
1690209717243867684,684223,0.4170517720710866,0.0780922852904167,0.0
1690209717244160177,684223,0.4170943914293011,0.07803635304467386,0.0
1690209717244178136,684223,0.4171061904061786,0.07796748551744002,0.0
1690209717244188841,684223,0.41706932981212286,0.07804449578606042,0.0
1690209717244206797,684223,0.4172119477028848,0.07789874862968549,0.0
1690209717244219427,684223,0.41722808079743307,0.07786976676304637,0.0
1690209717244233469,684223,0.4172621199886025,0.07788721600275954,0.0
1690209717251887276,684224,0.4173151929875341,0.0778770429339969,0.0
1690209717252351543,684224,0.4173695812120854,0.0778967553660376,0.0
1690209717253514005,684224,0.4172365963216782,0.07804519618789488,0.0
1690209717253744493,684224,0.4172126572954851,0.07811363713476065,0.0
1690209717254065056,684224,0.41723821683526374,0.07806518189187855,0.0
1690209717254081578,684224,0.4171002514759765,0.07821207078327977,0.0
1690209717254092580,684224,0.4170230157963384,0.07825943094277261,0.0
1690209717254105784,684224,0.4168942986889423,0.07832282083607385,0.0
1690209717254123849,684224,0.41683892452919846,0.07838611374094379,0.0
1690209717254158944,684224,0.41680368250539357,0.07839155369414516,0.0
1690209717259696991,684225,0.4168373083302692,0.07837994181905965,0.0
1690209717261613796,684225,0.4168500048357826,0.07834381791110924,0.0
1690209717261634852,684225,0.41687182154600977,0.07829601367173482,0.0
1690209717261865460,684225,0.4169857576822325,0.07820215311825655,0.0
1690209717261884383,684225,0.41700130552219666,0.0782214111134763,0.0
1690209717261899814,684225,0.41702789870701396,0.07816760648656136,0.0
1690209717261912857,684225,0.41699777750991035,0.07817917167653443,0.0
1690209717261921099,684225,0.4170544213793133,0.07813691439141554,0.0
1690209717261930668,684225,0.4170732426757552,0.07806714697689898,0.0
1690209717261954837,684225,0.4170550334199311,0.07805842395762899,0.0
1690209717267446556,684226,0.41702923303427614,0.07802278628647714,0.0
1690209717267989259,684226,0.4170873791076158,0.07793218138686156,0.0
1690209717268069886,684226,0.41709631365886546,0.07788548923639221,0.0
1690209717268178062,684226,0.417116144039492,0.07792914896655831,0.0
1690209717268666453,684226,0.41726875455489465,0.0777774264290722,0.0
1690209717268744324,684226,0.4172641461397752,0.07778947072011953,0.0
1690209717268941695,684226,0.4173040851536674,0.0778438757944706,0.0
1690209717268955571,684226,0.4173634608447167,0.07781900445870085,0.0
1690209717268970126,684226,0.4173719961964445,0.07786049840497393,0.0
1690209717268983310,684226,0.4172607175625072,0.07803225454872026,0.0
1690209717275218003,684227,0.417240191282052,0.07808891156179977,0.0
1690209717276240231,684227,0.41723503999589145,0.07803921303015575,0.0
1690209717276254722,684227,0.41708468907419055,0.07820829900623105,0.0
1690209717276681870,684227,0.417059084333847,0.07824385964718675,0.0
1690209717276689769,684227,0.41712364350040343,0.078137835237953,0.0
1690209717276706868,684227,0.4170742275878313,0.07819603197209092,0.0
1690209717276719753,684227,0.4170937497301943,0.07821820367274719,0.0
1690209717276758596,684227,0.4172637020227778,0.07805619570992704,0.0
1690209717276770275,684227,0.4172624578019669,0.07803571067477098,0.0
1690209717276781323,684227,0.4172626550519163,0.078082557957269,0.0
1690209717285253682,684228,0.41734969537040256,0.07798095114242254,0.0
1690209717286795485,684228,0.41739602893949235,0.07794212446169219,0.0
1690209717287296978,684228,0.41733548144504606,0.07798261462494828,0.0
1690209717287314298,684228,0.41734251064688477,0.07793619752911837,0.0
1690209717287325825,684228,0.41737851953826965,0.07785140587276672,0.0
1690209717287347014,684228,0.41736667369335806,0.0778069535196404,0.0
1690209717287361207,684228,0.41738362340881136,0.07778765149464618,0.0
1690209717287431092,684228,0.41742819951687604,0.07774731486525784,0.0
1690209717287442295,684228,0.4174405356067047,0.07770488039284541,0.0
1690209717287448616,684228,0.41742006492769135,0.07774244246858587,0.0
1690209717292357140,684229,0.4174401538783375,0.07778393031403971,0.0
1690209717292605439,684229,0.41746882065722535,0.07775907079951333,0.0
1690209717292718339,684229,0.41740039083230646,0.07778345532304586,0.0
1690209717292947716,684229,0.4173478351021467,0.07790513311139691,0.0
1690209717293453964,684229,0.41738782109588235,0.0778656993683126,0.0
1690209717293582031,684229,0.417302746385657,0.07789091276968564,0.0
1690209717293754423,684229,0.41728962812215376,0.07793692667040385,0.0
1690209717293761977,684229,0.41728925969263675,0.07791838840761807,0.0
1690209717293771387,684229,0.4173908641126592,0.07777619949412685,0.0
1690209717293785625,684229,0.41742546942572206,0.07775559896292696,0.0
1690209717301800985,684230,0.4174507159240681,0.0777918333088962,0.0
1690209717302037324,684230,0.41755193729694884,0.07765834503975597,0.0
1690209717302380187,684230,0.417529175955796,0.0776809080226197,0.0
1690209717302396104,684230,0.41756986383356115,0.07771089165509598,0.0
1690209717302436614,684230,0.41763210616172564,0.0776181438484152,0.0
1690209717302449184,684230,0.4176049167248007,0.07762021083286831,0.0
1690209717302457938,684230,0.4175451714961494,0.0776797799978167,0.0
1690209717302481332,684230,0.41758256567018104,0.07762067921476683,0.0
1690209717302492229,684230,0.41759444135613744,0.07754718420505541,0.0
1690209717302539022,684230,0.41754783240767274,0.07763132298948411,0.0
1690209717308521729,684231,0.4176443707838301,0.07751362761472123,0.0
1690209717308865993,684231,0.41767739983908836,0.07748218777067094,0.0
1690209717309230102,684231,0.4177162621010084,0.07747865770358835,0.0
1690209717309358668,684231,0.4177625381059221,0.0774649213147946,0.0
1690209717310007833,684231,0.4177997430007176,0.07750460866927289,0.0
1690209717310373181,684231,0.41769044419100443,0.0776402454317212,0.0
1690209717310563118,684231,0.4176757309888207,0.07769180213901865,0.0
1690209717310571215,684231,0.41769602248577836,0.07764589545667636,0.0
1690209717310575460,684231,0.41755676812965903,0.07778220941981258,0.0
1690209717310625638,684231,0.41755514112455905,0.07778732577528931,0.0
1690209717317338858,684232,0.41744612125661323,0.07786097121426268,0.0
1690209717318539182,684232,0.4174030473073712,0.0779111640632097,0.0
1690209717318831001,684232,0.41734830855745486,0.07792586647038444,0.0
1690209717318846738,684232,0.4173454251590784,0.07793445643807895,0.0
1690209717318869875,684232,0.4173731525235862,0.07789337290740586,0.0
1690209717319143738,684232,0.4173300590658193,0.07792905734854354,0.0
1690209717319155313,684232,0.4174092522686949,0.07786632023075671,0.0
1690209717319162900,684232,0.417437991281165,0.07787091835686948,0.0
1690209717319204238,684232,0.4173737494328101,0.07790734663956458,0.0
1690209717319222921,684232,0.417360097930389,0.07791180435149492,0.0
1690209717324985529,684233,0.4173906740587488,0.07787617680032898,0.0
1690209717325429287,684233,0.4174069341681215,0.0778194115107314,0.0
1690209717326062688,684233,0.41737167756280563,0.07786797130189427,0.0
1690209717326229186,684233,0.4173575074919126,0.07782203663735596,0.0
1690209717326455755,684233,0.41734913002515955,0.07780590076881003,0.0
1690209717326469581,684233,0.4173418974615911,0.0777954940209979,0.0
1690209717326483720,684233,0.4173300184338054,0.0778424203431586,0.0
1690209717326491394,684233,0.41739949921526914,0.0777773196972801,0.0
1690209717326500908,684233,0.41735410530394357,0.07777009855230368,0.0
1690209717326507604,684233,0.41740704978553417,0.0778008225573351,0.0
1690209717334944186,684234,0.4175042422126111,0.0777075710488431,0.0
1690209717334955051,684234,0.41749093224914047,0.07772980805362092,0.0
1690209717335296767,684234,0.4174964688805247,0.07777367009178747,0.0
1690209717335311825,684234,0.4174792846684642,0.07778417023902652,0.0
1690209717335639144,684234,0.4176093445574902,0.0776373660878115,0.0
1690209717335662759,684234,0.4174973444166356,0.07774995550454505,0.0
1690209717335686430,684234,0.41749705944270327,0.07779299709892246,0.0
1690209717335697653,684234,0.4175368564369861,0.0777037710051647,0.0
1690209717335709173,684234,0.4174466893671282,0.07779565846983413,0.0
1690209717335778377,684234,0.4174537736459597,0.07783683011606742,0.0
1690209717341982729,684235,0.417477096738893,0.0778057877598706,0.0
1690209717342362679,684235,0.4174619499365489,0.07781225201895448,0.0
1690209717342475323,684235,0.41741373825937905,0.077884329936984,0.0
1690209717342749897,684235,0.4175134660778271,0.07778891364490008,0.0
1690209717342830307,684235,0.4175335432034763,0.07776496833597635,0.0
1690209717343111922,684235,0.41745891282912384,0.07783256294496965,0.0
1690209717343357603,684235,0.4174296828283619,0.07783165449765296,0.0
1690209717343363651,684235,0.4174637409661912,0.07776463212912937,0.0
1690209717343487355,684235,0.41744682686063883,0.07770394497872542,0.0
1690209717343579332,684235,0.41742920705763836,0.07771519195486114,0.0
1690209717350200334,684236,0.41745642089610924,0.07764140576739878,0.0
1690209717350444104,684236,0.41747040998359525,0.07760490440174309,0.0
1690209717351019092,684236,0.41747027925987634,0.07758973812167047,0.0
1690209717351180111,684236,0.4174766941086412,0.07764169198901831,0.0
1690209717351361652,684236,0.4175869785535491,0.07754703188735809,0.0
1690209717351488927,684236,0.4175519980441129,0.07754895915462,0.0
1690209717351508848,684236,0.41757263640973574,0.077625126842129,0.0
1690209717351822764,684236,0.41764608080802207,0.07755444734898562,0.0
1690209717352031771,684236,0.4176222711211457,0.07759846462754634,0.0
1690209717352043826,684236,0.4175882303599707,0.07768561253526664,0.0
1690209717358030798,684237,0.4175750033263431,0.0777072933118652,0.0
1690209717358877809,684237,0.41768067215143234,0.07759928007895339,0.0
1690209717358977074,684237,0.4175484618263828,0.07773049642439585,0.0
1690209717359174339,684237,0.41754785754306345,0.07777823026670386,0.0
1690209717359185613,684237,0.41749214571427173,0.0777767606482208,0.0
1690209717359777576,684237,0.41744016421234115,0.07784351111220475,0.0
1690209717360040105,684237,0.4174561290803842,0.07785399186006325,0.0
1690209717360054305,684237,0.41740008851030114,0.07789266337279498,0.0
1690209717360059422,684237,0.41740287515876584,0.07786851788771369,0.0
1690209717360070901,684237,0.417326637171444,0.0779201613855964,0.0
1690209717366693600,684238,0.41740323479254315,0.07785672143384693,0.0
1690209717367298144,684238,0.41740364177239997,0.07786772246483284,0.0
1690209717367634509,684238,0.4173488029171039,0.07792320591189478,0.0
1690209717367795909,684238,0.41733696198336456,0.0779262840737971,0.0
1690209717368311923,684238,0.4173711468381143,0.07790232569568396,0.0
1690209717368439130,684238,0.4174146021473818,0.07785629529167734,0.0
1690209717368687033,684238,0.4173529046297635,0.07796055005132796,0.0
1690209717368702100,684238,0.4173410648397756,0.07794939186580445,0.0
1690209717368728376,684238,0.4172765717313513,0.07799880981266495,0.0
1690209717368739011,684238,0.4172813766413617,0.07799433099126617,0.0
1690209717376770198,684239,0.4172271507896159,0.0780661118826965,0.0
1690209717377095365,684239,0.4172056878954405,0.07808418438834165,0.0
1690209717377431830,684239,0.4171584710629458,0.07802667456917815,0.0
1690209717377441936,684239,0.41719688234578645,0.07796768138821798,0.0
1690209717377446346,684239,0.4172698630489499,0.07788170096634987,0.0
1690209717377477624,684239,0.4173020420374608,0.07789153768714811,0.0
1690209717377482991,684239,0.41740846865077,0.07777074027018431,0.0
1690209717377492894,684239,0.4174254912022481,0.07774437717922372,0.0
1690209717377500101,684239,0.4175566592837395,0.07763469434627811,0.0
1690209717377531687,684239,0.4175999398620231,0.07757057782822231,0.0
1690209717384546184,684240,0.41761149664931996,0.07758473359427288,0.0
1690209717384553667,684240,0.41751504096777525,0.07764456535585164,0.0
1690209717385533942,684240,0.4174986489983946,0.07766712245938819,0.0
1690209717385672013,684240,0.4174808179792142,0.07763802548990957,0.0
1690209717385912896,684240,0.4173806754885818,0.07773620421247832,0.0
1690209717385926959,684240,0.41739493886644496,0.0777105743819619,0.0
1690209717385939628,684240,0.4173482811048888,0.07768837647010272,0.0
1690209717385956806,684240,0.41744944618717794,0.07763861770848318,0.0
1690209717385978927,684240,0.4174317002670226,0.07771181007164621,0.0
1690209717386003434,684240,0.41749267530154177,0.07772689083666237,0.0
1690209717391788912,684241,0.4174581002823903,0.07776600278167792,0.0
1690209717392125515,684241,0.4174458170518406,0.07782909086592701,0.0
1690209717392892859,684241,0.4175293599019495,0.07778512235569443,0.0
1690209717393086492,684241,0.41746114943489615,0.0778704750775052,0.0
1690209717393193108,684241,0.4174164464049296,0.07792982960366963,0.0
1690209717393480890,684241,0.4173424549775203,0.07799353738515707,0.0
1690209717393500229,684241,0.4173589378260552,0.07793692716724326,0.0
1690209717393507764,684241,0.41738371975311794,0.07787997498784943,0.0
1690209717393518671,684241,0.41735722593919755,0.07788572773507407,0.0
1690209717393526759,684241,0.41739112195762906,0.07782329367664274,0.0
1690209717401488907,684242,0.4174359941761966,0.07770750642326908,0.0
1690209717401711854,684242,0.41749500510384346,0.07764474655744555,0.0
1690209717403159177,684242,0.41757348615200635,0.07765566588155472,0.0
1690209717403168765,684242,0.4176196096950446,0.07756558519744798,0.0
1690209717403173558,684242,0.41764068480506966,0.07752096349388513,0.0
1690209717403182339,684242,0.41763556480017133,0.07756310468583616,0.0
1690209717403202019,684242,0.41764747451119116,0.0775364720862298,0.0
1690209717403210968,684242,0.41766867392655066,0.07752726523864228,0.0
1690209717403234294,684242,0.4174616802689621,0.07772355520964187,0.0
1690209717403251658,684242,0.41747857408530065,0.07770856472242003,0.0
1690209717408289263,684243,0.4174591685822779,0.07767043958964376,0.0
1690209717408530754,684243,0.4173863579593151,0.07780108883162555,0.0
1690209717408688538,684243,0.4173783017801098,0.07784535886812838,0.0
1690209717409157215,684243,0.41734842563287033,0.0778167864464726,0.0
1690209717409223427,684243,0.417377756392594,0.07782975991605524,0.0
1690209717409573445,684243,0.4173641564062799,0.07790257515928135,0.0
1690209717409586429,684243,0.4173919576832343,0.07793221557845546,0.0
1690209717409605236,684243,0.41733616679382474,0.07800631484111427,0.0
1690209717409613051,684243,0.4173057882128986,0.07803212621419464,0.0
1690209717409639784,684243,0.41735750625111967,0.07798916354605523,0.0
1690209717417629593,684244,0.41730768699580734,0.07805896463665793,0.0
1690209717419069650,684244,0.417243520296818,0.07808657132436304,0.0
1690209717419273098,684244,0.41719387352493853,0.07810349819347948,0.0
1690209717419834749,684244,0.4172119219469188,0.0780397779379282,0.0
1690209717419867348,684244,0.4173201986169064,0.07791616779311206,0.0
1690209717419879508,684244,0.41739995420124176,0.07780749256013933,0.0
1690209717419896151,684244,0.41746270069403346,0.0777543477866303,0.0
1690209717419907966,684244,0.41757149821677,0.07762453798517106,0.0
1690209717419927448,684244,0.41764296847573706,0.0775391737463037,0.0
1690209717419945656,684244,0.4177142767028394,0.07756156869829807,0.0
1690209717425513305,684245,0.4177114572595349,0.07755461956808542,0.0
1690209717426321218,684245,0.417716341627987,0.07754424798211855,0.0
1690209717426977206,684245,0.41768049183019496,0.07760222765446352,0.0
1690209717427224301,684245,0.41765585598660865,0.07763199681451532,0.0
1690209717427481067,684245,0.417642120076562,0.07765811966167781,0.0
1690209717427496039,684245,0.4175344509575319,0.0777367300420658,0.0
1690209717427502734,684245,0.417493404816204,0.07778811304032045,0.0
1690209717427525418,684245,0.4175075294632935,0.07775306029919477,0.0
1690209717427547447,684245,0.41752370777545716,0.0777768500754977,0.0
1690209717427558331,684245,0.4175028101821522,0.07781710442814993,0.0
1690209717433666211,684246,0.4174719708276291,0.07783947587037927,0.0
1690209717433804325,684246,0.41748653300996397,0.07784725324235824,0.0
1690209717434554853,684246,0.4174702686608994,0.07788984572615383,0.0
1690209717434693347,684246,0.4174461722576459,0.0779785604780168,0.0
1690209717434887124,684246,0.4173463320904392,0.07808098186407608,0.0
1690209717435225409,684246,0.41729214046030255,0.07807026443110231,0.0
1690209717435329523,684246,0.4172808128338432,0.07802181543364349,0.0
1690209717435338584,684246,0.4172707653668936,0.07800654846219615,0.0
1690209717435344197,684246,0.4172577775393646,0.077987099915279,0.0
1690209717435371465,684246,0.41730198679648384,0.07789662350715106,0.0
1690209717442876886,684247,0.4173503525920767,0.07779988073627776,0.0
1690209717443807113,684247,0.41749550043480727,0.07764094878002688,0.0
1690209717444354881,684247,0.41764965462449066,0.07745424582470548,0.0
1690209717444681920,684247,0.4177072127721997,0.07743436202545606,0.0
1690209717445042505,684247,0.41775065077381307,0.07740014244126697,0.0
1690209717445062657,684247,0.4178381389755066,0.07731476463612508,0.0
1690209717445071811,684247,0.4178695861527043,0.07732962162540068,0.0
1690209717445098607,684247,0.41782610673497794,0.07739019909139064,0.0
1690209717445138557,684247,0.41781698682964563,0.07737330854679915,0.0
1690209717445144144,684247,0.41777960907809014,0.07740923220048744,0.0
1690209717451220899,684248,0.41777634605383046,0.07742295169291127,0.0
1690209717452416171,684248,0.41776213732846396,0.07743658092446339,0.0
1690209717452615901,684248,0.41772436045476047,0.07747394167789469,0.0
1690209717452870033,684248,0.41772284054346154,0.07748615383740115,0.0
1690209717452878563,684248,0.4177359001843739,0.07747409742498657,0.0
1690209717452882595,684248,0.41778725330447775,0.07747832841158384,0.0
1690209717452887539,684248,0.41775841371129085,0.07755769069519286,0.0
1690209717452944115,684248,0.417728300925583,0.07759776881543753,0.0
1690209717452987483,684248,0.4176683682062161,0.0776808282231937,0.0
1690209717452997561,684248,0.41765202975248605,0.07773435918500905,0.0
1690209717459425070,684249,0.41757864911977405,0.07780512103199158,0.0
1690209717459782817,684249,0.4174592837998115,0.07791619592429058,0.0
1690209717460134337,684249,0.41740153358331533,0.07791128283308373,0.0
1690209717460789642,684249,0.41740105982301123,0.07784941023422191,0.0
1690209717460925302,684249,0.41740736128484845,0.07783058983880953,0.0
1690209717461172700,684249,0.4173690263121458,0.0778237954488041,0.0
1690209717461190567,684249,0.4174474979410786,0.07770533488058931,0.0
1690209717461215191,684249,0.4175004529752881,0.0776138333311227,0.0
1690209717461222704,684249,0.4175942788408521,0.07752400561073265,0.0
1690209717461234108,684249,0.41777026265579253,0.07733665976783773,0.0
1690209717466510186,684250,0.41780265940711203,0.07731551986819114,0.0
1690209717467615447,684250,0.4177526947540994,0.07737791020820518,0.0
1690209717467830318,684250,0.41782828221442103,0.0772996449660605,0.0
1690209717467990392,684250,0.4178360959258537,0.07728523938859405,0.0
1690209717468006577,684250,0.4177692100760862,0.07736409448085316,0.0
1690209717468018001,684250,0.4177581081261635,0.07735071083143256,0.0
1690209717468024598,684250,0.41771597619714745,0.07734391274456115,0.0
1690209717468030139,684250,0.4177574731852793,0.0773437461802078,0.0
1690209717468045715,684250,0.41771847126718925,0.07739706514655612,0.0
1690209717468071673,684250,0.4177508715613987,0.07741554214715445,0.0
1690209717475626197,684251,0.41772673806194704,0.07746383571666512,0.0
1690209717476873722,684251,0.4176971376059238,0.07752209244146505,0.0
1690209717477060492,684251,0.41777213460091467,0.0774970076386147,0.0
1690209717477295597,684251,0.4177022679096517,0.07761961596503708,0.0
1690209717477681756,684251,0.4176615360807723,0.07766399250622821,0.0
1690209717477706691,684251,0.417539782569156,0.07778999516591821,0.0
1690209717477722805,684251,0.4175355115011824,0.07778453607094632,0.0
1690209717477734836,684251,0.4175310424496895,0.07775542004076948,0.0
1690209717477756259,684251,0.41748940414016694,0.07778316548058,0.0
1690209717477769079,684251,0.4174682191213198,0.07771659199144534,0.0
1690209717484060473,684252,0.41750857464927066,0.07761672792397523,0.0
1690209717484587482,684252,0.4175744009733651,0.07754322270030205,0.0
1690209717484820818,684252,0.41762010235927366,0.07754230470178729,0.0
1690209717484928546,684252,0.4176807575138009,0.07742107845399646,0.0
1690209717485165427,684252,0.41770544312268926,0.07736693919720627,0.0
1690209717485177296,684252,0.41777348926952407,0.0773216295023279,0.0
1690209717485192722,684252,0.417876301058573,0.07721060108864936,0.0
1690209717485200919,684252,0.41787940939201773,0.07721414262646084,0.0
1690209717485207706,684252,0.41770414108222076,0.07737379155470753,0.0
1690209717485216301,684252,0.41775349161315534,0.0773112533595389,0.0
1690209717493661117,684253,0.41774743565571115,0.07727512132601311,0.0
1690209717493968102,684253,0.4176709944612036,0.07737734757470982,0.0
1690209717495187630,684253,0.41765627854704157,0.07736864493454683,0.0
1690209717495406778,684253,0.41761692284816654,0.07733989526613028,0.0
1690209717495750836,684253,0.4176571532419662,0.07735289002315182,0.0
1690209717495765156,684253,0.4176497942009049,0.07740322799481643,0.0
1690209717495785841,684253,0.4176781511810834,0.07741798974034513,0.0
1690209717495797154,684253,0.4176261279832159,0.07750656924124441,0.0
1690209717495820775,684253,0.41760860641699743,0.07757376765430209,0.0
1690209717495840498,684253,0.41768766962326914,0.07758454932112714,0.0
1690209717501348672,684254,0.4176431256764283,0.07767383064034959,0.0
1690209717502357005,684254,0.4176020514703554,0.0777426677634463,0.0
1690209717502627244,684254,0.4175117030700064,0.07784317681387581,0.0
1690209717502862091,684254,0.41749939320343243,0.07787804450409007,0.0
1690209717502870448,684254,0.4175121095555905,0.0778381333464647,0.0
1690209717502874645,684254,0.41737747886007276,0.07796495375992762,0.0
1690209717502890397,684254,0.4173738683503466,0.07795268118850968,0.0
1690209717502944447,684254,0.41739949566292694,0.07780573427031247,0.0
1690209717502952894,684254,0.41740883899735826,0.07778290464982159,0.0
1690209717502971791,684254,0.4174478901399352,0.07775305758623001,0.0
1690209717510187344,684255,0.41747471294654265,0.07764201621827306,0.0
1690209717510664543,684255,0.41750346449062964,0.07753057150638942,0.0
1690209717510782633,684255,0.4175036088775267,0.07754465299450666,0.0
1690209717510937075,684255,0.4176871909613993,0.07734510753514288,0.0
1690209717511242911,684255,0.41768479876437165,0.077312235751997,0.0
1690209717511387088,684255,0.41760556605423843,0.07740743904827609,0.0
1690209717511563375,684255,0.4177309344160631,0.07729395234874659,0.0
1690209717511576284,684255,0.4177529229428091,0.07727552469863194,0.0
1690209717511587176,684255,0.4177128639949884,0.07736210254366582,0.0
1690209717511594416,684255,0.4176781085661335,0.07742419360431965,0.0
1690209717517628971,684256,0.41768513261722656,0.07739678001795594,0.0
1690209717517866725,684256,0.41758421223007025,0.07753699399516575,0.0
1690209717518468239,684256,0.41755150695471926,0.07763829485556656,0.0
1690209717518557320,684256,0.41752005843640416,0.07766543017098088,0.0
1690209717518751071,684256,0.4173857489001181,0.07781853722485754,0.0
1690209717518761834,684256,0.4173104025585204,0.07784786707317118,0.0
1690209717518769833,684256,0.4173840533189238,0.0778149903628928,0.0
1690209717518779686,684256,0.41738585674732775,0.07782087240944012,0.0
1690209717518787487,684256,0.4173337259271095,0.07788311322533095,0.0
1690209717518801069,684256,0.4174116101385947,0.07781268722211755,0.0
1690209717527648241,684257,0.4174478862611314,0.07776819141322025,0.0
1690209717527971041,684257,0.4175746631954267,0.07766634202655139,0.0
1690209717527981466,684257,0.4175560633598347,0.07765371998620672,0.0
1690209717528224457,684257,0.41762632285625956,0.07761422870427712,0.0
1690209717528238689,684257,0.41768415703477496,0.07747519976046244,0.0
1690209717528246286,684257,0.4176847401252863,0.0774613476607536,0.0
1690209717528254970,684257,0.4177570514494682,0.07740957177811365,0.0
1690209717528262756,684257,0.4177119846395942,0.07738118075629932,0.0
1690209717528295344,684257,0.41773140952700016,0.07728948027841419,0.0
1690209717528308265,684257,0.41774311918124196,0.07727638528272827,0.0
1690209717534080748,684258,0.4179255950727267,0.07708332797546295,0.0
1690209717534549150,684258,0.41792922642328606,0.0770473988358694,0.0
1690209717534696703,684258,0.41786513153254284,0.07719467901966144,0.0
1690209717534919905,684258,0.4179738365454676,0.07708231640106526,0.0
1690209717534933285,684258,0.4179766746147382,0.07710387118845846,0.0
1690209717534942668,684258,0.4179562879802042,0.07720446636452327,0.0
1690209717534955626,684258,0.41792416264884363,0.07729164021161893,0.0
1690209717534963635,684258,0.4179040766767187,0.07728449961278086,0.0
1690209717534973822,684258,0.4177514447156577,0.07747589841780307,0.0
1690209717535033881,684258,0.4177365304464578,0.07755687127142824,0.0
1690209717543547064,684259,0.41769539892297153,0.07758812860140869,0.0
1690209717543711107,684259,0.4175513628561609,0.0777511462223026,0.0
1690209717544264407,684259,0.41747500644706925,0.07776439213503321,0.0
1690209717544333969,684259,0.41755452203054166,0.07770614011870086,0.0
1690209717544459551,684259,0.41753194884116385,0.07773166705894688,0.0
1690209717544465575,684259,0.41747945944482057,0.07778606563994493,0.0
1690209717544469031,684259,0.417570150613581,0.07768168614709262,0.0
1690209717544475493,684259,0.417611466973814,0.07762090334102312,0.0
1690209717544487106,684259,0.41766437301005715,0.07758719466851095,0.0
1690209717544497186,684259,0.4177303069861572,0.07749196555564594,0.0
1690209717551080473,684260,0.41779238686391623,0.07743348709054723,0.0
1690209717551104357,684260,0.41786991442163657,0.0772886727961243,0.0
1690209717551210290,684260,0.4179258239757656,0.07719845399985485,0.0
1690209717551447931,684260,0.41803126403451024,0.07716634436511385,0.0
1690209717551536514,684260,0.41798947719237867,0.07715362107624474,0.0
1690209717551693973,684260,0.4179948659527988,0.07711684627931861,0.0
1690209717551701720,684260,0.4180252331903536,0.07710025636575854,0.0
1690209717551709586,684260,0.4180383003321066,0.07708780131362526,0.0
1690209717551715730,684260,0.41802837181397656,0.07711553457536464,0.0
1690209717551725550,684260,0.41788289794162903,0.07731531459901661,0.0
1690209717559449896,684261,0.417882393216458,0.07732815602645833,0.0
1690209717559904394,684261,0.417843641924037,0.07735962947496945,0.0
1690209717560235759,684261,0.4177603531261367,0.07751140962882147,0.0
1690209717561184145,684261,0.41774655396860777,0.0775900516923769,0.0
1690209717561367464,684261,0.4177116301193303,0.07759368712231889,0.0
1690209717561662224,684261,0.41760550582034967,0.07773781659142676,0.0
1690209717561679958,684261,0.4175857740885972,0.0778129398001522,0.0
1690209717561691853,684261,0.4175899654202981,0.07776357296807651,0.0
1690209717561706513,684261,0.41744631624814793,0.07790654105604113,0.0
1690209717561725567,684261,0.4174040368825358,0.07791099734349521,0.0
1690209717567367229,684262,0.4174575985820567,0.07779940427945026,0.0
1690209717568591977,684262,0.41743432147854476,0.0778154802337317,0.0
1690209717568617201,684262,0.4174143059938861,0.07782787200903377,0.0
1690209717568884912,684262,0.41750173809732954,0.07769783990659102,0.0
1690209717568899846,684262,0.41755412094600675,0.07757673967576807,0.0
1690209717568922872,684262,0.4175353907820273,0.07760983620356399,0.0
1690209717568934020,684262,0.4177088754469379,0.07741106654839419,0.0
1690209717568973597,684262,0.4177258134134877,0.07735255147553995,0.0
1690209717568983590,684262,0.4177148578924289,0.07736088201887531,0.0
1690209717568989887,684262,0.41783629277129614,0.07724017123507583,0.0
1690209717575683338,684263,0.4179030104765794,0.07721705204461798,0.0
1690209717576037419,684263,0.4178830015555298,0.07724320332451795,0.0
1690209717576299341,684263,0.41784431864944016,0.07729259653951903,0.0
1690209717576795848,684263,0.41788472447224956,0.07724238178120679,0.0
1690209717577292196,684263,0.4178296218546747,0.07731463585795235,0.0
1690209717577488574,684263,0.4178130182343451,0.0773740831072928,0.0
1690209717577594071,684263,0.4176974588262699,0.0775517649597515,0.0
1690209717577719377,684263,0.41766183054651695,0.0776095701717027,0.0
1690209717577884620,684263,0.417605139759466,0.07764841369036024,0.0
1690209717577896377,684263,0.4175435769561678,0.07778175429395172,0.0
1690209717583594134,684264,0.4175126290582942,0.07783559783585058,0.0
1690209717584352600,684264,0.4174298995908098,0.07788768645485881,0.0
1690209717584940982,684264,0.417361491933441,0.07799476715675056,0.0
1690209717585040718,684264,0.41737641280487153,0.07802722852664323,0.0
1690209717585354669,684264,0.41749102426346674,0.07789489050621216,0.0
1690209717585369684,684264,0.41739676697296857,0.0779839403290094,0.0
1690209717585399849,684264,0.4174129214842893,0.0779769389967682,0.0
1690209717585414345,684264,0.41749025692931285,0.07782288013240575,0.0
1690209717585429833,684264,0.41746315043575183,0.07783158733298443,0.0
1690209717585446788,684264,0.4174460156579325,0.077854542832723,0.0
1690209717591746956,684265,0.4174830630824527,0.0777527005555504,0.0
1690209717592502613,684265,0.4175134282147356,0.07764850994609764,0.0
1690209717592625265,684265,0.4174757010303086,0.07768456126407275,0.0
1690209717592747441,684265,0.4176439873522485,0.07748933299989226,0.0
1690209717593354323,684265,0.4176835817075484,0.07740635334056584,0.0
1690209717593450965,684265,0.4176510887222561,0.07742726659434032,0.0
1690209717593701649,684265,0.4177615368470254,0.0773103470140361,0.0
1690209717593722161,684265,0.4178510209147008,0.07726582226401352,0.0
1690209717593733939,684265,0.41785269116329243,0.07728188198081475,0.0
1690209717593743817,684265,0.4178176175797523,0.07735546157563483,0.0
1690209717600193885,684266,0.41788046055266787,0.07729778908731895,0.0
1690209717600676068,684266,0.41781087694024555,0.07738889183783772,0.0
1690209717601586397,684266,0.41778304451952886,0.07746777146511204,0.0
1690209717601985773,684266,0.4176292350273381,0.07767388155178791,0.0
1690209717602222582,684266,0.4175682850147628,0.07775586198607673,0.0
1690209717602236775,684266,0.41747993007984585,0.07779684802936361,0.0
1690209717602244959,684266,0.41744526655077857,0.07790196040874793,0.0
1690209717602275094,684266,0.41745351078048487,0.07790984182836624,0.0
1690209717602299137,684266,0.4173707941440729,0.07793190715218876,0.0
1690209717602314428,684266,0.41738228365396335,0.0779503771490061,0.0
1690209717608617791,684267,0.41736544060392716,0.07798458267097334,0.0
1690209717608975879,684267,0.4175213597871137,0.07782526997122183,0.0
1690209717609486115,684267,0.41746092053687023,0.07787466503781487,0.0
1690209717609687955,684267,0.4174939057102298,0.07787788995269719,0.0
1690209717610142276,684267,0.41759303389705066,0.07771370977682768,0.0
1690209717610208532,684267,0.4175709088445901,0.07772453308746449,0.0
1690209717610506065,684267,0.4175695572134303,0.0777411229308019,0.0
1690209717610518556,684267,0.4175855572923503,0.07766350802176329,0.0
1690209717610526831,684267,0.4176133342369824,0.07757513927051582,0.0
1690209717610560844,684267,0.41755634609827463,0.07764160710266017,0.0
1690209717617758293,684268,0.4177020036312921,0.07747360174080087,0.0
1690209717618188719,684268,0.41772132554264896,0.07739686180508888,0.0
1690209717618426064,684268,0.4176982715120764,0.07743825959256212,0.0
1690209717618723654,684268,0.41781650652451596,0.0773030555277473,0.0
1690209717618738258,684268,0.4178871133966163,0.07728208704983815,0.0
1690209717618786137,684268,0.417889645863378,0.07731983424678121,0.0
1690209717618800174,684268,0.41787068928316323,0.07740190772597633,0.0
1690209717618810526,684268,0.417891403455508,0.07739427605710802,0.0
1690209717618821549,684268,0.41775537594599427,0.07755857990132592,0.0
1690209717618859615,684268,0.41769809650756196,0.07766566847853643,0.0
1690209717625582222,684269,0.417602033195721,0.07776409198983893,0.0
1690209717625887320,684269,0.41746981124878335,0.07791367013421913,0.0
1690209717626357919,684269,0.417390162855788,0.0779324631708143,0.0
1690209717626527986,684269,0.417421633441242,0.07792296960442224,0.0
1690209717627263875,684269,0.41740253110438513,0.07795140010816615,0.0
1690209717627385118,684269,0.41733523002507805,0.07799650051376132,0.0
1690209717627644102,684269,0.4174208383950509,0.07792333080772279,0.0
1690209717627656686,684269,0.41746372626232375,0.07787690527718957,0.0
1690209717627685801,684269,0.41756739244665597,0.07779772620511657,0.0
1690209717627696147,684269,0.41756874180931763,0.07777125646051354,0.0
1690209717634734693,684270,0.4176257884458786,0.07773237000494171,0.0
1690209717635939476,684270,0.4176897468136189,0.07756112653563624,0.0
1690209717636075450,684270,0.4176849525607831,0.07754278551929296,0.0
1690209717636198657,684270,0.4177321098741925,0.07750361488978309,0.0
1690209717636770405,684270,0.41769115810936497,0.07746928826737444,0.0
1690209717636899657,684270,0.41769863149572706,0.07740228117437839,0.0
1690209717637205607,684270,0.4177017118258798,0.07741342689099953,0.0
1690209717637225569,684270,0.4177892349836814,0.07731491401300593,0.0
1690209717637234878,684270,0.41776593273466944,0.07733377126715767,0.0
1690209717637245890,684270,0.41758802059702815,0.07755533132675163,0.0
1690209717641996336,684271,0.4176578872036376,0.07750044194462322,0.0
1690209717642800974,684271,0.4176323109474583,0.07750844723294198,0.0
1690209717643487188,684271,0.4175737514551475,0.07762443978830957,0.0
1690209717643565640,684271,0.41756321607192165,0.07768283002865402,0.0
1690209717643918453,684271,0.41749304448521735,0.07769742979890905,0.0
1690209717643934395,684271,0.4174026192336438,0.07783405487913829,0.0
1690209717643942687,684271,0.4173746031161548,0.07792299808590802,0.0
1690209717643976087,684271,0.4173759004684959,0.07790567862247132,0.0
1690209717643991074,684271,0.4172744679787659,0.07802612402152523,0.0
1690209717644000905,684271,0.4172175473043278,0.07804146554443815,0.0
1690209717652502611,684272,0.4173139738778161,0.07794786027759243,0.0
1690209717652758731,684272,0.41727826042526484,0.07796788974111504,0.0
1690209717653058376,684272,0.4172303027382092,0.07800679437688751,0.0
1690209717653323090,684272,0.41732998005979066,0.07788702677389288,0.0
1690209717654373800,684272,0.4173489859674816,0.07777977309606124,0.0
1690209717654581275,684272,0.4174298456839819,0.07770435005689681,0.0
1690209717654925547,684272,0.4175666990602541,0.07754070219575461,0.0
1690209717654939873,684272,0.4176219611489298,0.07748254471823637,0.0
1690209717654961169,684272,0.4177360461306443,0.07735052999815159,0.0
1690209717654979081,684272,0.41780814653011467,0.0772563472997203,0.0
1690209717659395760,684273,0.4179294679921354,0.07725190788559597,0.0
1690209717660159734,684273,0.4179140938476556,0.07724239899589962,0.0
1690209717660566154,684273,0.41789420283527623,0.07724650601248648,0.0
1690209717660710073,684273,0.41790625207396953,0.07726486448269419,0.0
1690209717660921757,684273,0.41787687059945305,0.07731590405221753,0.0
1690209717660928883,684273,0.4178495696187703,0.0773499574308567,0.0
1690209717660932032,684273,0.41770426830067914,0.07753200560632141,0.0
1690209717660950258,684273,0.4176486274575899,0.0775931621844899,0.0
1690209717660958769,684273,0.41760376111473285,0.07763292536401521,0.0
1690209717660992221,684273,0.417571348532662,0.07774221705632468,0.0
1690209717667088811,684274,0.41753397334178577,0.07783854574260392,0.0
1690209717667991120,684274,0.4174957829807536,0.07786865973187257,0.0
1690209717668171827,684274,0.4173958434006312,0.07799972196605168,0.0
1690209717668471870,684274,0.41739449711336546,0.07807121135473215,0.0
1690209717668484565,684274,0.4173302924557725,0.0781014965839766,0.0
1690209717668500985,684274,0.41719612401411243,0.07822684013098956,0.0
1690209717668527597,684274,0.4171376531651777,0.07824316552597309,0.0
1690209717668536633,684274,0.4171567326679687,0.0781519272670404,0.0
1690209717668547992,684274,0.417154526668015,0.07812961484793017,0.0
1690209717668567266,684274,0.41710858831206377,0.07812258909084811,0.0
1690209717675249591,684275,0.4172036717248171,0.0779720616805781,0.0
1690209717676060048,684275,0.4172479747394967,0.07786221943919341,0.0
1690209717676203145,684275,0.4173427800983317,0.07777246597587496,0.0
1690209717676383074,684275,0.41753471361524064,0.07755138681524197,0.0
1690209717676713263,684275,0.4175793261281641,0.07751319124615305,0.0
1690209717676799726,684275,0.41763513472442704,0.07745411716366432,0.0
1690209717677044561,684275,0.4177096017510422,0.07736410869057196,0.0
1690209717677060225,684275,0.41777390404507453,0.07737787465374822,0.0
1690209717677071080,684275,0.41773504283938223,0.07741994664424204,0.0
1690209717677093737,684275,0.4177388600806984,0.07740799347682756,0.0
1690209717684363180,684276,0.4177120910803022,0.07744925091140453,0.0
1690209717684913160,684276,0.41765114138136744,0.07751827452978712,0.0
1690209717685525507,684276,0.4176314901075048,0.07754552827878787,0.0
1690209717685627941,684276,0.4175619136480313,0.0776358195142026,0.0
1690209717686228100,684276,0.41752317410370765,0.0777075165970851,0.0
1690209717686515042,684276,0.4175196044219459,0.07769653868498587,0.0
1690209717686903599,684276,0.41752516102394366,0.07773850691645375,0.0
1690209717686924895,684276,0.41750547906308516,0.07782924393748566,0.0
1690209717686939997,684276,0.41747417344891535,0.07786495276552062,0.0
1690209717686973849,684276,0.41740775981972955,0.07795101945402579,0.0
1690209717691666721,684277,0.4173954420883498,0.07801269214784039,0.0
1690209717692153454,684277,0.4173341481648497,0.07810972745202717,0.0
1690209717692750955,684277,0.41724546916883215,0.0781940223919221,0.0
1690209717692774418,684277,0.4171832165926441,0.07818858556204178,0.0
1690209717692813248,684277,0.4171900219128418,0.0781200907032257,0.0
1690209717693068536,684277,0.41717620433540065,0.07810887271639337,0.0
1690209717693081977,684277,0.41715663972060835,0.07807155480266997,0.0
1690209717693096377,684277,0.4172163370459063,0.07797135770244219,0.0
1690209717693110856,684277,0.41724975593664876,0.07790886634446335,0.0
1690209717693117668,684277,0.4173994661700055,0.07774758579964397,0.0
1690209717701531115,684278,0.4175320254698794,0.0776051749797748,0.0
1690209717701821417,684278,0.4175857122168655,0.07757665054986428,0.0
1690209717702524298,684278,0.41755455001745156,0.07759758503060024,0.0
1690209717703249595,684278,0.41758705278569597,0.07755277018718806,0.0
1690209717703386447,684278,0.4175952553496318,0.07757430903236527,0.0
1690209717703706727,684278,0.4175176310966547,0.07766901146240984,0.0
1690209717703725777,684278,0.41753233149944924,0.07761563584192355,0.0
1690209717703739052,684278,0.4174623740677884,0.07763653916206806,0.0
1690209717703752977,684278,0.41749523996104854,0.07762674173912112,0.0
1690209717703762464,684278,0.4174821021553724,0.07765172690015558,0.0
1690209717708451907,684279,0.41745096214703703,0.07769173468096784,0.0
1690209717708717569,684279,0.41742460969055345,0.07772242905497478,0.0
1690209717709617164,684279,0.4174249100733176,0.07775132593988783,0.0
1690209717709735749,684279,0.4175147117722957,0.07771932257618794,0.0
1690209717709928614,684279,0.4174789344907427,0.07780356942371107,0.0
1690209717709938036,684279,0.41745791828178946,0.07783006327295805,0.0
1690209717709967552,684279,0.41738200898650574,0.07790523757434198,0.0
1690209717709976994,684279,0.41738825068402813,0.07791118776229267,0.0
1690209717709987210,684279,0.4173155031029073,0.07796306036889926,0.0
1690209717709992425,684279,0.41729587648182165,0.07796692959198787,0.0
1690209717718438141,684280,0.4172684477155585,0.07790137512482623,0.0
1690209717718819178,684280,0.41729783232327844,0.07781969307490788,0.0
1690209717719001113,684280,0.41736803495728114,0.07773346620752965,0.0
1690209717719192323,684280,0.4173910765020726,0.077746977935495,0.0
1690209717719988577,684280,0.41746841686583686,0.07764722459245885,0.0
1690209717720240778,684280,0.41748695291217974,0.0776079400354036,0.0
1690209717720249712,684280,0.4176028597615892,0.07752239125027886,0.0
1690209717720279869,684280,0.4175963487981403,0.07752135546078016,0.0
1690209717720465356,684280,0.4175986071475345,0.07755993987403695,0.0
1690209717720478266,684280,0.4175405141377231,0.07757461617735965,0.0
1690209717725933130,684281,0.41747536631983806,0.07764721881592856,0.0
1690209717726149727,684281,0.4174867599536688,0.07762264867965692,0.0
1690209717727225407,684281,0.41743632920270457,0.07768011755220917,0.0
1690209717727480540,684281,0.41743363539367084,0.07767190187233626,0.0
1690209717727609277,684281,0.4173993713070389,0.07767636698461684,0.0
1690209717727627738,684281,0.41746736914863497,0.07763781366068949,0.0
1690209717727636937,684281,0.41745169321073455,0.07767500750257655,0.0
1690209717727646042,684281,0.4174526573365163,0.07776707048406609,0.0
1690209717727795799,684281,0.4174122638496431,0.0778075171283738,0.0
1690209717727803217,684281,0.4174181659622129,0.07782388954538644,0.0
1690209717733950737,684282,0.4174149242979701,0.07780497843672192,0.0
1690209717735337365,684282,0.41739506424596756,0.07784890656220791,0.0
1690209717735421871,684282,0.41739345718397086,0.07783739513783122,0.0
1690209717735898330,684282,0.41726675364643034,0.0779151671615764,0.0
1690209717735913956,684282,0.41729248663840834,0.07786195256307517,0.0
1690209717735945753,684282,0.41731084437569294,0.0777814705779096,0.0
1690209717735971018,684282,0.4173509238822726,0.07771244149305856,0.0
1690209717735984082,684282,0.4173645470159601,0.07766909255642021,0.0
1690209717735992551,684282,0.4173522080413334,0.07767929874854639,0.0
1690209717736024195,684282,0.417437314639419,0.07758824911648515,0.0
1690209717742053222,684283,0.41747721148693895,0.07760509648254375,0.0
1690209717743070696,684283,0.4174606640182135,0.07764005779984419,0.0
1690209717743394709,684283,0.4174707435435523,0.0776081923281816,0.0
1690209717743649951,684283,0.4174342605367245,0.07765485728181647,0.0
1690209717743659911,684283,0.41744465617269855,0.07765900018610244,0.0
1690209717743677249,684283,0.41740393897874917,0.07769484123723269,0.0
1690209717743688474,684283,0.41736066589615944,0.07770069207655618,0.0
1690209717743711574,684283,0.41731625902019487,0.07774907045043651,0.0
1690209717743719734,684283,0.417324209486791,0.07770651394703615,0.0
1690209717743726444,684283,0.41732676527500523,0.0777330020764136,0.0
1690209717750543080,684284,0.4173003415945099,0.07776141269477212,0.0
1690209717751061998,684284,0.41728268760325266,0.0777724365669312,0.0
1690209717751135360,684284,0.41732191798057683,0.0777498529823562,0.0
1690209717751539694,684284,0.4173288393233827,0.07777629017680603,0.0
1690209717751559221,684284,0.4173110507829672,0.07785763900272492,0.0
1690209717751574407,684284,0.41726297582320243,0.07790266339699768,0.0
1690209717751588900,684284,0.4172403230619166,0.07792019750161726,0.0
1690209717751597811,684284,0.4172406456719624,0.07790470421765498,0.0
1690209717751625960,684284,0.4172146808462293,0.07794161404655632,0.0
1690209717751636070,684284,0.41719945020308896,0.07793689387741852,0.0
1690209717758321674,684285,0.4171025077581004,0.07798551894092912,0.0
1690209717758527740,684285,0.41713891419149096,0.07793824767752706,0.0
1690209717759120026,684285,0.4172166664968299,0.07781919081722041,0.0
1690209717759792776,684285,0.4172566349756414,0.07775246523942961,0.0
1690209717759923389,684285,0.41727198344721045,0.07772923598156059,0.0
1690209717760233904,684285,0.41728675666896925,0.07770776998915566,0.0
1690209717760248600,684285,0.4173902899159977,0.07760231720812226,0.0
1690209717760272538,684285,0.4174492512879157,0.07762191053805237,0.0
1690209717760283055,684285,0.4174928185852801,0.07759050431289789,0.0
1690209717760310920,684285,0.41748770776934147,0.07757194208374647,0.0
1690209717768323469,684286,0.4174660865329387,0.0776020145564415,0.0
1690209717768348324,684286,0.4174392524628647,0.07762821947041826,0.0
1690209717769044294,684286,0.41741951276535744,0.07765160915602327,0.0
1690209717769461996,684286,0.4172857569887679,0.07775565022287084,0.0
1690209717770033852,684286,0.41721523960734963,0.07781709831496274,0.0
1690209717770235734,684286,0.4172025164244586,0.07778593574572472,0.0
1690209717770632464,684286,0.41720002986927346,0.0778255642299351,0.0
1690209717770657606,684286,0.4171740965944138,0.07787211039110431,0.0
1690209717770669386,684286,0.41715624876070745,0.07787444769663204,0.0
1690209717770684134,684286,0.4172178040158123,0.07785375643558917,0.0
1690209717775065399,684287,0.4172153738639415,0.07791924482201046,0.0
1690209717775445143,684287,0.41721960619154363,0.0779746196274136,0.0
1690209717776196002,684287,0.417153020092001,0.07805526286283435,0.0
1690209717776301120,684287,0.4171244352034256,0.07804648492021062,0.0
1690209717776596940,684287,0.4171754915948732,0.07799131848473313,0.0
1690209717776607614,684287,0.417146219183564,0.07803116285841522,0.0
1690209717776615383,684287,0.417083437355502,0.07805055941999306,0.0
1690209717776648560,684287,0.41708375471742265,0.07802083391100872,0.0
1690209717776663955,684287,0.41711147001915816,0.07792584950989788,0.0
1690209717776669865,684287,0.417235185706278,0.07776387734921283,0.0
1690209717784741529,684288,0.41733500915534066,0.0776292332559891,0.0
1690209717785140743,684288,0.4173682670047605,0.0775785920242031,0.0
1690209717786166584,684288,0.41746182862899106,0.07746927263882428,0.0
1690209717786509885,684288,0.4175375828862005,0.07737808086746777,0.0
1690209717786531101,684288,0.41761380719424956,0.07739539137509312,0.0
1690209717786545251,684288,0.4176468199951292,0.07736361968399855,0.0
1690209717786782133,684288,0.41764442135969226,0.07733747126137008,0.0
1690209717786795585,684288,0.41763250492675724,0.07738350110290527,0.0
1690209717786801288,684288,0.41760840274385774,0.07741026325475049,0.0
1690209717786813740,684288,0.41759228523968395,0.07744620885000558,0.0
1690209717792846390,684289,0.41743065384081923,0.07757838828379156,0.0
1690209717793803928,684289,0.4173894493639808,0.07761772540214786,0.0
1690209717794090042,684289,0.41737609271455955,0.07759352666647351,0.0
1690209717794423921,684289,0.41732080765898394,0.0776898481192302,0.0
1690209717794436478,684289,0.4173053253953265,0.0777417174280966,0.0
1690209717794445622,684289,0.4172663507588973,0.07775205410286946,0.0
1690209717794461957,684289,0.4172473720169986,0.0777927158938085,0.0
1690209717794471644,684289,0.417225031423919,0.07787115878347246,0.0
1690209717794490566,684289,0.41720059571274726,0.07790202084234023,0.0
1690209717794495334,684289,0.417080412204225,0.078013168641712,0.0
1690209717800904317,684290,0.4170218653903246,0.07802558768676775,0.0
1690209717801313624,684290,0.41705504326506826,0.07795914196619805,0.0
1690209717801617161,684290,0.4170255618901717,0.077963383820209,0.0
1690209717801633992,684290,0.4169659012183742,0.07797134919823377,0.0
1690209717801642770,684290,0.4170317206739124,0.07786315524546024,0.0
1690209717801654755,684290,0.41707215590120683,0.07774476596762142,0.0
1690209717801662819,684290,0.41708773091514184,0.07773160897370467,0.0
1690209717801680034,684290,0.41723003164856637,0.07756575827255903,0.0
1690209717801691280,684290,0.4173035015006126,0.07749668776799482,0.0
1690209717801721104,684290,0.41742510943329725,0.07736157281287055,0.0
1690209717809279420,684291,0.4175027557869355,0.07726474581439155,0.0
1690209717810421081,684291,0.41760426096617104,0.07726982892006025,0.0
1690209717810968447,684291,0.41760094901879946,0.07726159418310923,0.0
1690209717811016017,684291,0.4175845181521693,0.07725282705549091,0.0
1690209717811025746,684291,0.4175364206387361,0.07731962271394648,0.0
1690209717811448493,684291,0.41750311126452844,0.07734337979048826,0.0
1690209717811470194,684291,0.41746824147524403,0.07737536000850716,0.0
1690209717811480752,684291,0.41726746293616823,0.07753345512245231,0.0
1690209717811488710,684291,0.41724039005508906,0.07756762293534886,0.0
1690209717811520407,684291,0.4172299152132689,0.07752114953446515,0.0
1690209717817706683,684292,0.41717849183970074,0.07761049398649703,0.0
1690209717817901665,684292,0.41716493017676937,0.07764067276457594,0.0
1690209717818091433,684292,0.4171548627800641,0.07760901318053447,0.0
1690209717818751516,684292,0.4171726310730412,0.07762838931870307,0.0
1690209717818838999,684292,0.4171614648370633,0.07768858190151835,0.0
1690209717819076740,684292,0.4171678522594158,0.07774604960319002,0.0
1690209717819254227,684292,0.4170856311122075,0.07783943662124154,0.0
1690209717819522399,684292,0.4170456161577135,0.07787841233016357,0.0
1690209717819533434,684292,0.41708897716961646,0.07782928446890044,0.0
1690209717819548003,684292,0.41707032131277616,0.0778576627242281,0.0
1690209717825454591,684293,0.4170289857042273,0.07786758642660577,0.0
1690209717825753555,684293,0.4170207658544054,0.07783871422260283,0.0
1690209717826724512,684293,0.4170470555960324,0.0777493036597861,0.0
1690209717826929079,684293,0.4171491710399926,0.0776254268768422,0.0
1690209717827047240,684293,0.4172372243825778,0.07750889975322708,0.0
1690209717827316593,684293,0.4172788426730308,0.07745904367932908,0.0
1690209717827332237,684293,0.4173939291878705,0.07734583824409764,0.0
1690209717827343919,684293,0.4174741420722149,0.07724641359665732,0.0
1690209717827357934,684293,0.4175584464470744,0.07726647535112846,0.0
1690209717827368954,684293,0.41755360270430036,0.07725363242968827,0.0
1690209717834062866,684294,0.41756013643490153,0.07722293413650828,0.0
1690209717834676894,684294,0.4175340257404711,0.0772684407426997,0.0
1690209717834843846,684294,0.4174963330296304,0.07730054732485055,0.0
1690209717835293900,684294,0.41746754682828335,0.07733344662985144,0.0
1690209717835319890,684294,0.4173008188862223,0.07745996309694884,0.0
1690209717835333326,684294,0.4172619777296349,0.0775045472381254,0.0
1690209717835341999,684294,0.41726600603393726,0.07745523646750237,0.0
1690209717835414422,684294,0.41723431777182396,0.07750683380260444,0.0
1690209717835494249,684294,0.4172313242481095,0.07752983640612002,0.0
1690209717835505731,684294,0.4172155844610246,0.07749817772594085,0.0
1690209717844606206,684295,0.41727402201110897,0.07747761949884285,0.0
1690209717844702873,684295,0.41724512759077576,0.0775330323391751,0.0
1690209717846053940,684295,0.4172949787651282,0.07755455619911113,0.0
1690209717846068714,684295,0.41724663753678165,0.07761290393555535,0.0
1690209717846082803,684295,0.4172261108055295,0.07764024991565424,0.0
1690209717846099355,684295,0.4172778793904721,0.0776095878142073,0.0
1690209717846114988,684295,0.41723552779432616,0.07766716472114421,0.0
1690209717846132819,684295,0.41719727807952744,0.07768255141442512,0.0
1690209717846146565,684295,0.4170838153384386,0.0777655275867497,0.0
1690209717846165649,684295,0.41710359379499207,0.077722698126927,0.0
1690209717851100286,684296,0.41712184694394394,0.07765136833288178,0.0
1690209717851481720,684296,0.41715051239792766,0.07758978194190583,0.0
1690209717851684508,684296,0.41713205238480894,0.07754060749048354,0.0
1690209717851796245,684296,0.417195214527425,0.07743942639421773,0.0
1690209717852073609,684296,0.4172773943691402,0.07733827817120954,0.0
1690209717852086294,684296,0.4173534063351395,0.07733157366808646,0.0
1690209717852092832,684296,0.41738973978764166,0.07726849903016053,0.0
1690209717852104352,684296,0.41740393605364773,0.0772559319750893,0.0
1690209717852114197,684296,0.4174333754930036,0.0772565336839231,0.0
1690209717852125930,684296,0.41743976345534783,0.07721639877378338,0.0
1690209717859822597,684297,0.4174593506863719,0.07722107358585269,0.0
1690209717860562921,684297,0.4172979320616604,0.0773456042245558,0.0
1690209717860825550,684297,0.4173089213693258,0.07733634179900614,0.0
1690209717860841191,684297,0.41728517954934785,0.07730096087319234,0.0
1690209717861038784,684297,0.4172117212930285,0.07740138855580607,0.0
1690209717861045437,684297,0.41720556518326624,0.07739394153430293,0.0
1690209717861460793,684297,0.4171430538668864,0.07739329083472804,0.0
1690209717861477231,684297,0.41721274499008915,0.0773695536840986,0.0
1690209717861499495,684297,0.4171922992606895,0.0774295299722918,0.0
1690209717861533527,684297,0.4172115074284109,0.07748041172619848,0.0
1690209717868131498,684298,0.41718117053167936,0.07751582176207393,0.0
1690209717868555885,684298,0.417183638988704,0.07754799768622933,0.0
1690209717868913887,684298,0.4172246642368376,0.07752023497664969,0.0
1690209717869064007,684298,0.417175019833919,0.07759928855260177,0.0
1690209717869391696,684298,0.41713943739977083,0.07763225727143681,0.0
1690209717869956366,684298,0.417029730216279,0.07772264575308264,0.0
1690209717870057453,684298,0.41705051952683136,0.07767793378192679,0.0
1690209717870232686,684298,0.4170503323461494,0.07763159340491858,0.0
1690209717870248644,684298,0.41706544189637873,0.07759609780620569,0.0
1690209717870294285,684298,0.41702809646839134,0.07754910278918511,0.0
1690209717877214111,684299,0.4170949224007621,0.07746718658879785,0.0
1690209717878098136,684299,0.41717963528734026,0.07736466458534325,0.0
1690209717878997379,684299,0.4172324759162034,0.07738952609467802,0.0
1690209717879060683,684299,0.4173210207415879,0.07730567043251317,0.0
1690209717879206697,684299,0.4173094258859552,0.07728949909523992,0.0
1690209717879594917,684299,0.41731587261150893,0.0772943144279584,0.0
1690209717879615866,684299,0.4172919332761126,0.07731375968616423,0.0
1690209717879629081,684299,0.4173024775213826,0.07733637150334847,0.0
1690209717879641205,684299,0.4172281255505621,0.07737424072625311,0.0
1690209717879660554,684299,0.41716489729903644,0.07744107061379565,0.0
1690209717884157967,684300,0.41717009987207665,0.07741452867019397,0.0
1690209717884828143,684300,0.41712921245986745,0.07746643091594507,0.0
1690209717885360363,684300,0.41711174735621087,0.07747982467749233,0.0
1690209717885377810,684300,0.41706813078120525,0.07749825259579222,0.0
1690209717885581961,684300,0.4171345716688902,0.07745613619271659,0.0
1690209717885595873,684300,0.4171332513665319,0.07747407483644457,0.0
1690209717885747020,684300,0.4171715051030562,0.07753578387817148,0.0
1690209717885758601,684300,0.4171232595140369,0.07758932435184762,0.0
1690209717885773686,684300,0.41708361861101934,0.0776289010297395,0.0
1690209717885780481,684300,0.41709800924280965,0.07761008867448148,0.0
1690209717893248879,684301,0.4170620100995933,0.07767651275794318,0.0
1690209717893928301,684301,0.4170267053854676,0.07768180798483215,0.0
1690209717893940162,684301,0.4168957554023747,0.07776417229770563,0.0
1690209717894840456,684301,0.4169081404431062,0.07772490677019502,0.0
1690209717895210909,684301,0.41695984347294757,0.07760870031137881,0.0
1690209717895492205,684301,0.4169975749835877,0.07754785787639157,0.0
1690209717895516217,684301,0.4169923422807247,0.07750915846464597,0.0
1690209717895550593,684301,0.4170333759165291,0.07746818140437904,0.0
1690209717895563263,684301,0.41711537937374443,0.07737746304356426,0.0
1690209717895573273,684301,0.4171445170181132,0.07740854972328433,0.0
1690209717900449812,684302,0.417156675213438,0.07739334574268796,0.0
1690209717901846970,684302,0.4171477416406746,0.07737155002046174,0.0
1690209717901855719,684302,0.41709309382343457,0.0774271733607044,0.0
1690209717901998233,684302,0.4170880912965784,0.07742803906139775,0.0
1690209717902229896,684302,0.41705510561887443,0.07746569216978084,0.0
1690209717902244816,684302,0.4169685332676025,0.07750338431627773,0.0
1690209717902266546,684302,0.4169246246147479,0.0775518815122141,0.0
1690209717902315574,684302,0.4169310008652792,0.0775130925440644,0.0
1690209717902327897,684302,0.41693620712575974,0.07752392141887547,0.0
1690209717902337044,684302,0.4169090368091635,0.07758657297656416,0.0
1690209717909505516,684303,0.4168802832256001,0.07760209683667234,0.0
1690209717909823331,684303,0.416912097229138,0.07756925995000763,0.0
1690209717911051219,684303,0.4168956565521573,0.07762407361173274,0.0
1690209717911061055,684303,0.41688040545855365,0.07769482931349218,0.0
1690209717911072376,684303,0.4167938351253237,0.07777013421190039,0.0
1690209717911136359,684303,0.41677047115364946,0.07777801026174047,0.0
1690209717911282744,684303,0.41676244449200206,0.07776524872420792,0.0
1690209717911289159,684303,0.41673661336280315,0.07778011850003995,0.0
1690209717911293597,684303,0.4166997387437512,0.07778007498681609,0.0
1690209717911322376,684303,0.4166309602078938,0.07780023597361033,0.0
1690209717916695916,684304,0.41664809266454705,0.07773678326548518,0.0
1690209717917425156,684304,0.4167306228736576,0.07762853984650507,0.0
1690209717918611911,684304,0.4167891395583875,0.07755259100955275,0.0
1690209717918628084,684304,0.41682583265416817,0.07748595238053686,0.0
1690209717918637152,684304,0.4168779544902033,0.07741493551794124,0.0
1690209717918678561,684304,0.4169734164629243,0.07732366017930078,0.0
1690209717918929565,684304,0.41701493482741747,0.07735856482426942,0.0
1690209717918948289,684304,0.4170546813659568,0.07731755508786062,0.0
1690209717918957455,684304,0.4170760049056871,0.07727992440412788,0.0
1690209717918967090,684304,0.4170708895382166,0.0773075215805859,0.0
1690209717926242555,684305,0.4170694875301312,0.07731140957625153,0.0
1690209717926903563,684305,0.417076575134665,0.07732190852213729,0.0
1690209717927614908,684305,0.4169934835461231,0.07736630362715534,0.0
1690209717927760608,684305,0.41692928889198017,0.07741857447269468,0.0
1690209717927946920,684305,0.41692015089266105,0.07737206860301282,0.0
1690209717928190853,684305,0.4169076517211081,0.07739186010733978,0.0
1690209717928205039,684305,0.4168571611463695,0.07740926300636196,0.0
1690209717928215100,684305,0.41681754478223515,0.07741634517284775,0.0
1690209717928226889,684305,0.41689016507452825,0.07735861596112034,0.0
1690209717928242866,684305,0.416891339670951,0.07741372988566979,0.0
1690209717934660319,684306,0.41690607435018434,0.07748606673915079,0.0
1690209717934823946,684306,0.41685532647654966,0.07753560013753394,0.0
1690209717935162479,684306,0.41682760472315383,0.07757544533418385,0.0
1690209717935174807,684306,0.4168359534864756,0.07755041099989243,0.0
1690209717935182297,684306,0.41679154313262406,0.0776104955023858,0.0
1690209717935189534,684306,0.41676322183215375,0.07761706563945212,0.0
1690209717935204829,684306,0.41663064610646533,0.0777101543022937,0.0
1690209717935224665,684306,0.4166464657992163,0.07765940210779716,0.0
1690209717935240312,684306,0.4167316101281605,0.07752790405533568,0.0
1690209717935260401,684306,0.41676620623472704,0.07747410292475915,0.0
1690209717944245792,684307,0.41674446996604253,0.07743499397830772,0.0
1690209717944933931,684307,0.41673093221378477,0.07743680340215099,0.0
1690209717945222193,684307,0.4168040435942612,0.07735986823854547,0.0
1690209717945474682,684307,0.4168039522783951,0.07737146563154847,0.0
1690209717945704659,684307,0.416817561778685,0.07737400749546385,0.0
1690209717946000985,684307,0.4168439357313037,0.07732709095380566,0.0
1690209717946014654,684307,0.41675753260606363,0.07737220822793389,0.0
1690209717946024411,684307,0.4168128298219868,0.07733111755860297,0.0
1690209717946030809,684307,0.41680561544887795,0.077359729506548,0.0
1690209717946062059,684307,0.4168091051790286,0.07733424833963784,0.0
1690209717950599653,684308,0.4167802186634897,0.07736721242014138,0.0
1690209717951667086,684308,0.41679269968924704,0.07732870002132071,0.0
1690209717952206375,684308,0.41684558591781984,0.07727816236874142,0.0
1690209717952381305,684308,0.4167912188897444,0.0772983320837347,0.0
1690209717952506724,684308,0.4167682464589368,0.07733258979330979,0.0
1690209717952780849,684308,0.4168288642403624,0.07727228279359181,0.0
1690209717952790722,684308,0.4168410701636576,0.07722978120426924,0.0
1690209717952806694,684308,0.4167870871675965,0.07733822121950659,0.0
1690209717952820163,684308,0.41679430499630565,0.07729328374239645,0.0
1690209717952825069,684308,0.4168086713518486,0.07727682719114963,0.0
1690209717959589720,684309,0.4168120213348062,0.07725238434863699,0.0
1690209717960138720,684309,0.4168108812137741,0.07728329281849078,0.0
1690209717961046340,684309,0.41685241762962066,0.07726117399119864,0.0
1690209717961293351,684309,0.4167413654347982,0.07735703059822358,0.0
1690209717961722942,684309,0.4167409394954977,0.07740053032390849,0.0
1690209717961730737,684309,0.4167135782703963,0.07742148021132303,0.0
1690209717961735957,684309,0.4166107569170512,0.07752360753762465,0.0
1690209717961769114,684309,0.41654567299615575,0.07754825920318316,0.0
1690209717961788975,684309,0.41641663203914,0.07766439109554574,0.0
1690209717961802444,684309,0.4164008047845976,0.0776774936315802,0.0
1690209717967426855,684310,0.4163391057235417,0.07769069314542136,0.0
1690209717968594824,684310,0.4163417922537178,0.0777097406921676,0.0
1690209717968773478,684310,0.41636175889572336,0.07766799182012914,0.0
1690209717969059521,684310,0.41643409899618733,0.07755626543296693,0.0
1690209717969070443,684310,0.41652735309739725,0.07747306383711054,0.0
1690209717969076488,684310,0.41655097067186747,0.07750481725325441,0.0
1690209717969082004,684310,0.41664191302414333,0.07739001849263412,0.0
1690209717969100137,684310,0.4166007094756204,0.0774235489713771,0.0
1690209717969115184,684310,0.41665489516980386,0.07741957851035833,0.0
1690209717969129533,684310,0.4166777613494998,0.07733369029512202,0.0
1690209717975163366,684311,0.416674870484132,0.07731124946599136,0.0
1690209717975442233,684311,0.41663271314676226,0.07732740649561023,0.0
1690209717975669967,684311,0.41668806287537835,0.07724103917423715,0.0
1690209717975928080,684311,0.4167119032549213,0.07716513301109422,0.0
1690209717976349919,684311,0.4167074396194874,0.07721841606879233,0.0
1690209717976462422,684311,0.4168509633458132,0.07706335726752254,0.0
1690209717976698336,684311,0.4168602938208173,0.07704311715100073,0.0
1690209717976713466,684311,0.41692422722530825,0.07706396302173245,0.0
1690209717976726699,684311,0.41698604510309917,0.07705235820679555,0.0
1690209717976734593,684311,0.417021710887193,0.07707299666947538,0.0
1690209717983638661,684312,0.41689648714808125,0.07724053289016519,0.0
1690209717984464662,684312,0.4168585915631065,0.07731752923645424,0.0
1690209717984728835,684312,0.41680074617861895,0.07733078822577762,0.0
1690209717985057805,684312,0.4166349959647767,0.07751232659928152,0.0
1690209717985068407,684312,0.4165713931070431,0.07754746967914053,0.0
1690209717985074361,684312,0.416591358627123,0.07747050835617167,0.0
1690209717985094719,684312,0.41652825370468527,0.07754015631449673,0.0
1690209717985103505,684312,0.4165026826615633,0.07755588257975293,0.0
1690209717985119309,684312,0.4166645787847024,0.0774033544528157,0.0
1690209717985270257,684312,0.4166765254693747,0.07738162819356822,0.0
1690209717993354610,684313,0.416731425539865,0.07735908766389771,0.0
1690209717993529515,684313,0.41682431414054033,0.07725243771631622,0.0
1690209717993934792,684313,0.41685619019121567,0.07724207377195166,0.0
1690209717994337212,684313,0.4168722918683939,0.07722153992042491,0.0
1690209717994424320,684313,0.41682964050968163,0.07722362990340843,0.0
1690209717994762708,684313,0.4168944784573304,0.07719134408734216,0.0
1690209717994784656,684313,0.4168641198963754,0.07712036158547171,0.0
1690209717994813532,684313,0.4168778491614564,0.07706838757495779,0.0
1690209717994827750,684313,0.4168836452890654,0.07705928710391101,0.0
1690209717994841657,684313,0.4169201875708197,0.07698090566242531,0.0
1690209718000081153,684314,0.41692738344536373,0.07694708931595166,0.0
1690209718001242599,684314,0.416911132183464,0.07699408098620006,0.0
1690209718001562957,684314,0.41699646148276676,0.07691716052229682,0.0
1690209718001613592,684314,0.4170114804589393,0.0769103956442012,0.0
1690209718001767429,684314,0.4169049062826121,0.0770736609717061,0.0
1690209718001975218,684314,0.4169341103893046,0.07710890966923106,0.0
1690209718001983249,684314,0.4169183726743161,0.07710118461358553,0.0
1690209718001999011,684314,0.41676841192588976,0.07730433129272969,0.0
1690209718002009189,684314,0.41674348604198563,0.07736169340046721,0.0
1690209718002027244,684314,0.41664916722815637,0.07736505437123377,0.0
1690209718009583349,684315,0.41653350727485916,0.07751150072727667,0.0
1690209718009936666,684315,0.41645872690896757,0.07753262077498728,0.0
1690209718010108525,684315,0.4164905746513782,0.0774689634674356,0.0
1690209718010928112,684315,0.4164414225996947,0.07752689113930747,0.0
1690209718011060296,684315,0.4163956906260881,0.07755783248875431,0.0
1690209718011373640,684315,0.4165667475625882,0.07740093402472902,0.0
1690209718011385398,684315,0.4165479577095474,0.07740776973110129,0.0
1690209718011396488,684315,0.4166507819911372,0.0773153719583409,0.0
1690209718011410097,684315,0.416694270632618,0.07723175981304964,0.0
1690209718011421001,684315,0.41674078636326906,0.07719082876583139,0.0
1690209718017145741,684316,0.4168100277852072,0.07711058647916647,0.0
1690209718017665264,684316,0.41680485039772264,0.07707323924434373,0.0
1690209718017906086,684316,0.416889427810408,0.07700938659847603,0.0
1690209718017973117,684316,0.41688233591792545,0.07692943371387657,0.0
1690209718018235089,684316,0.41693288202146,0.0768315380010219,0.0
1690209718018240839,684316,0.41692861908786466,0.07687050068699823,0.0
1690209718018245146,684316,0.4169462961077611,0.07680443897591709,0.0
1690209718018282362,684316,0.41695893552162266,0.07676713994208685,0.0
1690209718018285737,684316,0.41692192639203574,0.07681744053619886,0.0
1690209718018305527,684316,0.41697807625707006,0.07674551494533037,0.0
1690209718027517832,684317,0.41701046260469504,0.07670051390054658,0.0
1690209718027658084,684317,0.41689523376068705,0.07683695979611999,0.0
1690209718027768304,684317,0.41692872399569103,0.07682268707370635,0.0
1690209718027966843,684317,0.416897335158652,0.07681729806387202,0.0
1690209718028079277,684317,0.4168349110463917,0.0769358026822434,0.0
1690209718028240910,684317,0.41682088350890467,0.076978009586102,0.0
1690209718028255287,684317,0.41676670799369386,0.07702063593757838,0.0
1690209718028269905,684317,0.41671155190954784,0.07711334280574325,0.0
1690209718028279585,684317,0.416638994483838,0.0771931094912676,0.0
1690209718028285797,684317,0.4166646114392299,0.07718845581800109,0.0
1690209718033950364,684318,0.41658626861230713,0.07729389767424039,0.0
1690209718034217468,684318,0.41654307525428963,0.07733710437934231,0.0
1690209718034350867,684318,0.4165075413603233,0.07739427127383337,0.0
1690209718034792197,684318,0.41645468016216647,0.07747396463792293,0.0
1690209718034796409,684318,0.4164363458115767,0.07747576362163745,0.0
1690209718034937870,684318,0.41636156165729254,0.07753899589906879,0.0
1690209718034948393,684318,0.4163495150609313,0.07747991235437676,0.0
1690209718034954404,684318,0.41633876767609923,0.07745694838404897,0.0
1690209718034959915,684318,0.4163605719221754,0.07740803081798202,0.0
1690209718034988535,684318,0.4163620168702221,0.07734912761514229,0.0
1690209718041733253,684319,0.4164776566802035,0.0771723420264097,0.0
1690209718042646082,684319,0.4165387662801179,0.07707231974625366,0.0
1690209718042655573,684319,0.4166504321991534,0.07700057930876275,0.0
1690209718042663466,684319,0.4167152946852758,0.07687300311634537,0.0
1690209718042669910,684319,0.41673636304524314,0.07685841990887196,0.0
1690209718042677455,684319,0.41678219493560864,0.0768105055088183,0.0
1690209718042684283,684319,0.4167726058641992,0.07679950202803833,0.0
1690209718042718539,684319,0.4168054717052715,0.0767942964249943,0.0
1690209718042723883,684319,0.41665888083472463,0.07693367846688227,0.0
1690209718042728442,684319,0.4166297645893782,0.07694071270290287,0.0
1690209718051046120,684320,0.4165783438264571,0.07695287550716437,0.0
1690209718051208186,684320,0.4165411971527568,0.07700870821491043,0.0
1690209718051234773,684320,0.41654443064936353,0.07701189634728935,0.0
1690209718051482763,684320,0.41645661067243656,0.07709824879338108,0.0
1690209718051488288,684320,0.4165119829936469,0.07707453456521085,0.0
1690209718051495514,684320,0.41651388619441954,0.07711812154644203,0.0
1690209718051498719,684320,0.41652127788417886,0.07715465305050809,0.0
1690209718051514515,684320,0.4164423924904153,0.07727430295438321,0.0
1690209718051518357,684320,0.41640703708995264,0.07731221749355882,0.0
1690209718051529447,684320,0.41631191501129633,0.07737101866089093,0.0
1690209718058312556,684321,0.41627730486523196,0.07742744420990924,0.0
1690209718059134860,684321,0.4162672824473781,0.07736604504143627,0.0
1690209718059522143,684321,0.41616006608985445,0.07743272674368157,0.0
1690209718059717320,684321,0.4161296096323504,0.07734790025491509,0.0
1690209718059930387,684321,0.41613816922127855,0.07730892534675107,0.0
1690209718059944975,684321,0.41629607833721827,0.07713264974081602,0.0
1690209718059961893,684321,0.4162706438087068,0.07710971039939722,0.0
1690209718059966943,684321,0.4163964953201512,0.07700047983569833,0.0
1690209718060099914,684321,0.4165006893400449,0.07686393677331574,0.0
1690209718060108906,684321,0.4166251124164534,0.07678534630603023,0.0
1690209718068751468,684322,0.4166936323255425,0.07672666583225393,0.0
1690209718069188294,684322,0.4167141655771087,0.07674299789325922,0.0
1690209718070388287,684322,0.4167765728071757,0.07666454004009453,0.0
1690209718070661731,684322,0.41667444159740524,0.07674000764147948,0.0
1690209718070683979,684322,0.4166845451489102,0.07678099696371715,0.0
1690209718071145094,684322,0.41654799011423777,0.07687455953429824,0.0
1690209718071158505,684322,0.41646196126134905,0.07692485565258586,0.0
1690209718071170885,684322,0.4164228235605868,0.0769392238384473,0.0
1690209718071177606,684322,0.41645012369629,0.07693911756679213,0.0
1690209718071227637,684322,0.41643740185081934,0.07696084770016928,0.0
1690209718075561728,684323,0.41635149900675716,0.07705723183474801,0.0
1690209718076318322,684323,0.41640848361650934,0.07702923387468362,0.0
1690209718076551218,684323,0.41642035946986894,0.07705627523924581,0.0
1690209718076695706,684323,0.416435299955124,0.07708564249594299,0.0
1690209718076839558,684323,0.41637791490301296,0.07718112841808843,0.0
1690209718076849959,684323,0.4163837250310738,0.07718691311112823,0.0
1690209718076860343,684323,0.4162895237466431,0.07725040829094398,0.0
1690209718076867618,684323,0.41625105464026,0.07731201873312735,0.0
1690209718076878901,684323,0.41619192830298346,0.07731753394913188,0.0
1690209718076888044,684323,0.41610324919603797,0.07737435365955095,0.0
1690209718083501713,684324,0.4160545192109799,0.07730010527324738,0.0
1690209718084615147,684324,0.416047293183445,0.0772793473389183,0.0
1690209718084731687,684324,0.41618718185750087,0.07712254194967531,0.0
1690209718085064073,684324,0.4161888940236332,0.07707880811641382,0.0
1690209718085074881,684324,0.4162727463243895,0.07702753069975772,0.0
1690209718085087695,684324,0.41638193726072376,0.07688988710025148,0.0
1690209718085095634,684324,0.41652762434468804,0.07680994471781093,0.0
1690209718085103404,684324,0.41659159413583724,0.07679041732066716,0.0
1690209718085128595,684324,0.4166154918306034,0.07679409445220932,0.0
1690209718085167019,684324,0.41668842944580053,0.07669968368481946,0.0
1690209718091348622,684325,0.4166099185560574,0.07678379987581024,0.0
1690209718092516874,684325,0.41663493102480287,0.07683549621631271,0.0
1690209718092708018,684325,0.41654047681785766,0.07687714531669124,0.0
1690209718093058550,684325,0.4164764669726013,0.07692847269763146,0.0
1690209718093074117,684325,0.4163994910647296,0.07700778233632868,0.0
1690209718093088217,684325,0.4164271081188371,0.07699269577420648,0.0
1690209718093101883,684325,0.4164088373236613,0.07700029837146267,0.0
1690209718093115044,684325,0.4162797164289201,0.07712381841741038,0.0
1690209718093122940,684325,0.41632447348139723,0.07707626898848176,0.0
1690209718093136421,684325,0.41634110416385545,0.07705723245011793,0.0
1690209718101138401,684326,0.4163202064011526,0.07709968379555811,0.0
1690209718101601684,684326,0.41625322092356437,0.07716864143140179,0.0
1690209718102887005,684326,0.416275283217192,0.0771212486362674,0.0
1690209718103106768,684326,0.4163029624778574,0.07701977009933994,0.0
1690209718103349714,684326,0.41626026327113125,0.07706558667929832,0.0
1690209718103357587,684326,0.41626535197944037,0.07709985203920001,0.0
1690209718103379526,684326,0.4162605977083124,0.07706605096829543,0.0
1690209718103391788,684326,0.4162867347220398,0.0770369040679794,0.0
1690209718103400151,684326,0.4162964095653965,0.07706099512471706,0.0
1690209718103440017,684326,0.4164062276055521,0.07697401461058034,0.0
1690209718108465906,684327,0.4164009244962797,0.07695456908889872,0.0
1690209718108818777,684327,0.4162842271252844,0.07712392095926766,0.0
1690209718109108868,684327,0.41634723975422394,0.07708939475262157,0.0
1690209718109834569,684327,0.41634207513353017,0.07705784457289455,0.0
1690209718109884855,684327,0.4162078378668316,0.07722619835094809,0.0
1690209718110080103,684327,0.41615481172185564,0.07722499168912836,0.0
1690209718110279463,684327,0.41614906799360546,0.0771577488094486,0.0
1690209718110296420,684327,0.4160752891744923,0.0772399408160545,0.0
1690209718110307135,684327,0.41601969666692945,0.07729451137217985,0.0
1690209718110319471,684327,0.41609582599815415,0.07718435215140404,0.0
1690209718118462716,684328,0.41605330329334733,0.07720641073405185,0.0
1690209718119048608,684328,0.4161237162638831,0.07713347738456484,0.0
1690209718120111673,684328,0.4162164105544195,0.07704208724161558,0.0
1690209718120243499,684328,0.41621090853202075,0.07708387388234837,0.0
1690209718120449891,684328,0.41622695675583055,0.0770552921820617,0.0
1690209718120840868,684328,0.41625096198347505,0.07701033473261829,0.0
1690209718120857289,684328,0.4162956092352555,0.07698718582720077,0.0
1690209718120863978,684328,0.41625844813015483,0.07701207382904596,0.0
1690209718120891047,684328,0.41624765107008654,0.07698332172693342,0.0
1690209718120900536,684328,0.4162292849863399,0.07697613392777909,0.0
1690209718126078747,684329,0.41628859299397303,0.07684994993812776,0.0
1690209718126340630,684329,0.41631688553357876,0.07678850494548829,0.0
1690209718126344302,684329,0.41632765329039056,0.07684818790502605,0.0
1690209718126522000,684329,0.41634933877213887,0.07678705969257427,0.0
1690209718126649059,684329,0.4163721832873798,0.07678134802945294,0.0
1690209718126656586,684329,0.4164153532189826,0.07679937851072005,0.0
1690209718126660207,684329,0.41635765202919583,0.07689169383051625,0.0
1690209718126674986,684329,0.4163329855101612,0.07691059450457274,0.0
1690209718126679875,684329,0.4161005343428171,0.07715253013056457,0.0
1690209718126701621,684329,0.4160556815949954,0.0772392530853101,0.0
1690209718135005813,684330,0.4159528091406568,0.07728800085937923,0.0
1690209718135689848,684330,0.4158220801127139,0.07744376195228365,0.0
1690209718136861650,684330,0.41576157254016965,0.07744796472403852,0.0
1690209718137034487,684330,0.41571980350301,0.07742541352626148,0.0
1690209718137205615,684330,0.4157624543824893,0.0773973314633177,0.0
1690209718137635440,684330,0.41571252027234606,0.07745164551915247,0.0
1690209718137646240,684330,0.4158310298290509,0.07732809872942521,0.0
1690209718137653029,684330,0.4158145122617409,0.07731512136588635,0.0
1690209718137727534,684330,0.41590651640666143,0.07723973188437468,0.0
1690209718137738334,684330,0.4160092063004129,0.07707497357391803,0.0
1690209718143272266,684331,0.4159986871112876,0.07711861253169072,0.0
1690209718143862837,684331,0.41604186439812,0.07700476733398665,0.0
1690209718144080955,684331,0.4160322050616134,0.07694963711377152,0.0
1690209718144526406,684331,0.41608836309708835,0.0768873454335906,0.0
1690209718144632131,684331,0.41607694525455863,0.07685555923497359,0.0
1690209718144764177,684331,0.41620479869912125,0.07667535299449413,0.0
1690209718144917415,684331,0.41615986511007985,0.07668512958319852,0.0
1690209718144934102,684331,0.41620358090796405,0.07667484681376076,0.0
1690209718144944684,684331,0.4162694816581321,0.07658978723696787,0.0
1690209718144957977,684331,0.41621374163809627,0.07668733645205625,0.0
1690209718152797355,684332,0.4162060302198803,0.07673285998412095,0.0
1690209718152973406,684332,0.41622163934133644,0.07672393652692953,0.0
1690209718153283560,684332,0.4162225285956413,0.0767444462115249,0.0
1690209718153301562,684332,0.4161503389704042,0.07688060418590092,0.0
1690209718153312820,684332,0.4161320047499336,0.07692657259949397,0.0
1690209718153325998,684332,0.4160631052740833,0.07698882934471703,0.0
1690209718153343765,684332,0.41598209467374136,0.07710495948754055,0.0
1690209718153357226,684332,0.41591431160608605,0.07716146492688511,0.0
1690209718153377317,684332,0.415919325987683,0.07717922117690157,0.0
1690209718153394204,684332,0.4158275470020975,0.0772081427515413,0.0
1690209718158503656,684333,0.4157800646074198,0.0772802043304222,0.0
1690209718158950655,684333,0.4157989751974672,0.07724216343414347,0.0
1690209718159105914,684333,0.415775708895991,0.07721883414901701,0.0
1690209718159618718,684333,0.41583201619230953,0.07717758864717741,0.0
1690209718159763225,684333,0.4158424860427761,0.07712006093019268,0.0
1690209718159995420,684333,0.4159986510453716,0.07692935802185434,0.0
1690209718160007979,684333,0.4160563505640712,0.07681136186264852,0.0
1690209718160019961,684333,0.4161502247370182,0.07673382267715104,0.0
1690209718160028938,684333,0.4162687844825456,0.07661130746724525,0.0
1690209718160044518,684333,0.4162562226869347,0.07656854503943164,0.0
1690209718167520696,684334,0.4163016724376874,0.07656611136021005,0.0
1690209718168492005,684334,0.4163129963087294,0.07653192386407567,0.0
1690209718168711103,684334,0.41630740781534425,0.07650537502547208,0.0
1690209718169239077,684334,0.41626396524438586,0.0765733549370127,0.0
1690209718169266905,684334,0.41619646791303866,0.07664989880732316,0.0
1690209718169281983,684334,0.41622039444712244,0.07661692866508067,0.0
1690209718169300440,684334,0.41612538767663754,0.0766658697950561,0.0
1690209718169324672,684334,0.4160937045246557,0.07673797655129007,0.0
1690209718169346506,684334,0.4161053292542792,0.07670029096804015,0.0
1690209718169382500,684334,0.4160572865814932,0.07670789200333115,0.0
1690209718176096664,684335,0.41601926129917327,0.07677590114071,0.0
1690209718177411262,684335,0.4160254883221871,0.07677928183478683,0.0
1690209718177524522,684335,0.41609040594205526,0.07672352575800025,0.0
1690209718177895187,684335,0.41599328442371697,0.07683907822094903,0.0
1690209718177908796,684335,0.41597348327165273,0.07694200088414396,0.0
1690209718177919072,684335,0.4160592661735773,0.07689454021979242,0.0
1690209718177926101,684335,0.416015407388995,0.07698014535212312,0.0
1690209718177963781,684335,0.4159978921032912,0.07707484581337695,0.0
1690209718177990227,684335,0.4159789387095049,0.07710406069758909,0.0
1690209718177995397,684335,0.4159736779068576,0.07712078138569856,0.0
1690209718184368035,684336,0.4158393307153019,0.07728380992698594,0.0
1690209718184754131,684336,0.41582038402031674,0.07729878045163581,0.0
1690209718185137141,684336,0.4158253436557683,0.07722212359746242,0.0
1690209718185638421,684336,0.4157429895394318,0.07724401153546033,0.0
1690209718185727453,684336,0.41575253396953404,0.07718358476391479,0.0
1690209718186036006,684336,0.4157850788694736,0.07711764006674574,0.0
1690209718186048001,684336,0.41581107371059833,0.07704882261531937,0.0
1690209718186062896,684336,0.4158048784375853,0.0770466602403174,0.0
1690209718186070135,684336,0.41592414049879173,0.07692543830604441,0.0
1690209718186080845,684336,0.415979751649535,0.07682103487383238,0.0
1690209718193104648,684337,0.4160568157562019,0.07674186659885222,0.0
1690209718193999176,684337,0.4160498342137239,0.0767508703257096,0.0
1690209718194324659,684337,0.41611870670937,0.07669718181827499,0.0
1690209718194496705,684337,0.4161170022680039,0.07665186166097139,0.0
1690209718194509278,684337,0.4160572419138275,0.07673636076948308,0.0
1690209718194791686,684337,0.4160869925671002,0.07673164781163436,0.0
1690209718194804334,684337,0.4160165096915603,0.0767178349670288,0.0
1690209718194814679,684337,0.41603697835171766,0.07671331511696164,0.0
1690209718194831975,684337,0.416008048571308,0.07677653615612226,0.0
1690209718194846709,684337,0.41610780459134133,0.07666709572688367,0.0
1690209718201468051,684338,0.4160602871099185,0.07671027478658893,0.0
1690209718201947646,684338,0.4159787953406446,0.07682997070980066,0.0
1690209718202515428,684338,0.4160841962173643,0.07671726678318436,0.0
1690209718202647091,684338,0.41606602770926937,0.0767227226695144,0.0
1690209718202978266,684338,0.4160218533419284,0.07678948982691809,0.0
1690209718202992677,684338,0.4160219216639974,0.07678749827687723,0.0
1690209718203005244,684338,0.4160411170989719,0.07670303815854737,0.0
1690209718203011025,684338,0.4160173362845235,0.07674763579873055,0.0
1690209718203036722,684338,0.41604251422680755,0.07672120657252066,0.0
1690209718203050123,684338,0.4160281457125924,0.0767321340725595,0.0
1690209718210393039,684339,0.4160406596879681,0.07671017444126393,0.0
1690209718210579667,684339,0.41604759321907486,0.07665805372445618,0.0
1690209718211878009,684339,0.41610773782076704,0.07668530174994137,0.0
1690209718211918235,684339,0.41610995731750733,0.07669028830209554,0.0
1690209718211953957,684339,0.4160525683915365,0.07672740258619518,0.0
1690209718212262853,684339,0.41606552954801124,0.07673078047841021,0.0
1690209718212283412,684339,0.4159449742886441,0.0768363663328478,0.0
1690209718212301598,684339,0.41602927980542875,0.07674905932392807,0.0
1690209718212309501,684339,0.4159178309035261,0.07683088178879097,0.0
1690209718212324769,684339,0.415864472413196,0.07692894105382934,0.0
1690209718217853375,684340,0.41588817595683847,0.0768439207613751,0.0
1690209718218917371,684340,0.4158708821297908,0.07688075019196929,0.0
1690209718219097814,684340,0.4158973357142123,0.07690642267088377,0.0
1690209718219197142,684340,0.41587860811349286,0.07688920759773889,0.0
1690209718219473044,684340,0.41591127046692067,0.07685251813467103,0.0
1690209718219480535,684340,0.41586528539461914,0.07692265033901101,0.0
1690209718219484338,684340,0.41592541095790364,0.07686361195349395,0.0
1690209718219509881,684340,0.4158682904700651,0.07688535616788131,0.0
1690209718219518076,684340,0.41581576157563527,0.07689055521477363,0.0
1690209718219522687,684340,0.4158426934108052,0.0767735534118456,0.0
1690209718226952565,684341,0.41584470971294313,0.07673691560245074,0.0
1690209718227244496,684341,0.4158474644518927,0.07670138032914599,0.0
1690209718227742838,684341,0.4158177510629814,0.07670203476394792,0.0
1690209718227995832,684341,0.41583362593078865,0.07664913553020766,0.0
1690209718228425027,684341,0.41584859638885513,0.07664500291862535,0.0
1690209718228441654,684341,0.41590844785561953,0.07657965920461612,0.0
1690209718228486530,684341,0.41589854303910767,0.07663246544434703,0.0
1690209718228499998,684341,0.4158102112357584,0.07676708301157008,0.0
1690209718228514993,684341,0.41583204410949115,0.07671080240594055,0.0
1690209718228535833,684341,0.4158185425566595,0.07675103160186349,0.0
1690209718234025618,684342,0.41577966745206474,0.07683644983565126,0.0
1690209718234935829,684342,0.4157383732790808,0.07686713019548182,0.0
1690209718235250001,684342,0.41568304555040303,0.076896990417011,0.0
1690209718235404408,684342,0.41564352336710053,0.07694554396214945,0.0
1690209718235681824,684342,0.4157318862194649,0.07687296931279733,0.0
1690209718235695907,684342,0.4157665383876056,0.07681072937303393,0.0
1690209718235710016,684342,0.4157436031149143,0.07687774746253498,0.0
1690209718235728089,684342,0.4157939774643773,0.07679953439508944,0.0
1690209718235758427,684342,0.41588976574243675,0.07672206241687037,0.0
1690209718235779401,684342,0.4159260374886501,0.07674119590249671,0.0
1690209718241909941,684343,0.41590870696877225,0.07675201466558346,0.0
1690209718242493735,684343,0.41593485498584176,0.07668257284837819,0.0
1690209718243043410,684343,0.4158855173095524,0.07672340204409653,0.0
1690209718243254415,684343,0.41590674031002306,0.07669738995111647,0.0
1690209718243728205,684343,0.41589124960731705,0.07667559052708667,0.0
1690209718243739431,684343,0.4158381060045875,0.07669347816936142,0.0
1690209718243744709,684343,0.4158683728273595,0.07658943739713696,0.0
1690209718243773187,684343,0.4159069558509775,0.07652218517843114,0.0
1690209718243783075,684343,0.4159315443859558,0.07653559778577007,0.0
1690209718243813953,684343,0.41590051802751904,0.07655813140057467,0.0
1690209718251417724,684344,0.41592227513978086,0.07650518745611208,0.0
1690209718251875704,684344,0.4159287073758712,0.07653143532249236,0.0
1690209718251887707,684344,0.41596138886047124,0.07652060738736671,0.0
1690209718251929729,684344,0.41591898418130124,0.07659001736132222,0.0
1690209718252094223,684344,0.41578397860259175,0.0767606082277191,0.0
1690209718252352309,684344,0.4157307307280208,0.07677237502038033,0.0
1690209718252365856,684344,0.41569249893230875,0.0768098092691933,0.0
1690209718252382289,684344,0.4156308404933248,0.0769246927222345,0.0
1690209718252391650,684344,0.41561101958781804,0.07694558475157189,0.0
1690209718252450640,684344,0.4155596942229673,0.07696601955573529,0.0
1690209718259647767,684345,0.41557345232110354,0.07699130257850467,0.0
1690209718259801737,684345,0.41552039875462143,0.07703111957570821,0.0
1690209718260754076,684345,0.4155161054779803,0.07702145469602573,0.0
1690209718260940308,684345,0.41544846136785857,0.07707955864844682,0.0
1690209718261089441,684345,0.4154575208343425,0.0770344401386248,0.0
1690209718261332477,684345,0.41554116764931515,0.07697148227853491,0.0
1690209718261346166,684345,0.41548168959623605,0.07703305268165242,0.0
1690209718261361582,684345,0.4155221971190446,0.07698270747464019,0.0
1690209718261369250,684345,0.41555059922657167,0.07691893826985298,0.0
1690209718261379985,684345,0.4155480884164975,0.07692490127856501,0.0
1690209718267128839,684346,0.415616429032047,0.07684939036466984,0.0
1690209718267525920,684346,0.41562747221545204,0.07680242696951495,0.0
1690209718268502553,684346,0.4156283228527658,0.07674847768138937,0.0
1690209718268632394,684346,0.41566374084289703,0.0766423784467272,0.0
1690209718268934344,684346,0.4157289566530372,0.07652471268693134,0.0
1690209718268956969,684346,0.41578390787242536,0.07651455952663104,0.0
1690209718268969267,684346,0.4157674935675423,0.07650163354874098,0.0
1690209718268976364,684346,0.41576224308664267,0.07649053501325878,0.0
1690209718268987948,684346,0.41584140218423565,0.0764443851062794,0.0
1690209718269002239,684346,0.41576901945854516,0.07650883768011069,0.0
1690209718276324152,684347,0.41572940467109243,0.07662040226942252,0.0
1690209718277387654,684347,0.41562626070014674,0.07673622294250512,0.0
1690209718277630925,684347,0.4155817411001205,0.07681021218221745,0.0
1690209718278099829,684347,0.4155171081482365,0.07687183170266672,0.0
1690209718278118325,684347,0.4154167070506013,0.07704317997877282,0.0
1690209718278152091,684347,0.4154144143871553,0.07704910332808446,0.0
1690209718278163970,684347,0.41530848940876064,0.07712530443683391,0.0
1690209718278174281,684347,0.41532253505700956,0.07717814289466994,0.0
1690209718278180818,684347,0.41526847871226735,0.07725842727255774,0.0
1690209718278197812,684347,0.41524206475764797,0.07728284582740262,0.0
1690209718283842575,684348,0.41512953256016927,0.07734287372646712,0.0
1690209718284715600,684348,0.4151405548669828,0.07736719103435034,0.0
1690209718284897753,684348,0.4152131746077158,0.07727692619575108,0.0
1690209718285231895,684348,0.41511421269848386,0.07735440248871418,0.0
1690209718285243390,684348,0.4151120626279797,0.07737811407108704,0.0
1690209718285252752,684348,0.41511978139124045,0.07733085313890693,0.0
1690209718285261923,684348,0.4152358528381026,0.07714864301342184,0.0
1690209718285305288,684348,0.41518995686826793,0.07719899297778654,0.0
1690209718285315595,684348,0.4152700478661931,0.07709715472668041,0.0
1690209718285326026,684348,0.41533761792785484,0.07694815416305785,0.0
1690209718293706608,684349,0.41539296177929497,0.07689544096915432,0.0
1690209718295337043,684349,0.41548023224440905,0.07681895630883195,0.0
1690209718295544764,684349,0.4155574250314931,0.07676428197464816,0.0
1690209718296056962,684349,0.4155769256291294,0.07671316497098714,0.0
1690209718296069261,684349,0.4155427952154174,0.0767587314044077,0.0
1690209718296131224,684349,0.4156457633859753,0.07666636819396916,0.0
1690209718296138147,684349,0.415567069363826,0.076715041848289,0.0
1690209718296148712,684349,0.4154722124414147,0.07680745609267552,0.0
1690209718296174909,684349,0.41544580374263806,0.07681979329082315,0.0
1690209718296185433,684349,0.4153928572389931,0.07685439113745975,0.0
1690209718301058207,684350,0.41535924491525544,0.07687551893036808,0.0
1690209718301875511,684350,0.4153311966118681,0.07692732922029549,0.0
1690209718302016725,684350,0.4153353624959013,0.07691178481286072,0.0
1690209718302130595,684350,0.41532184245177894,0.0769242406737076,0.0
1690209718302207972,684350,0.41531013960680613,0.07698297192512821,0.0
1690209718302612045,684350,0.4153186680232015,0.07705965537036537,0.0
1690209718302630618,684350,0.41529664928953314,0.07709452139222023,0.0
1690209718302656379,684350,0.41517991799656556,0.07718523882974475,0.0
1690209718302664246,684350,0.41520618907707263,0.07721890723499844,0.0
1690209718302677745,684350,0.4152231276441192,0.0771712762211921,0.0
1690209718310090424,684351,0.4151670885454382,0.07721548481380523,0.0
1690209718311675339,684351,0.4150841430061143,0.07727965335313046,0.0
1690209718311803430,684351,0.41506775772882176,0.07725991425079977,0.0
1690209718312239458,684351,0.41516678903106774,0.07707076188098973,0.0
1690209718312269263,684351,0.41510649872394156,0.07711290088891588,0.0
1690209718312284024,684351,0.4152167212671726,0.07695995231972966,0.0
1690209718312297572,684351,0.41527253656943397,0.07681568757614136,0.0
1690209718312369402,684351,0.41527482480301803,0.07685438762422063,0.0
1690209718312391600,684351,0.41536220861950474,0.0767635610862086,0.0
1690209718312406121,684351,0.4154089575671975,0.07673816163811509,0.0
1690209718317439825,684352,0.4153938521803452,0.07674991398866533,0.0
1690209718317554619,684352,0.41535217074650355,0.07680759763268699,0.0
1690209718318174958,684352,0.41540316863615434,0.07673026978604881,0.0
1690209718318712306,684352,0.4153347462999761,0.07680295138476699,0.0
1690209718318795697,684352,0.41523082660492544,0.0769232362535647,0.0
1690209718319106695,684352,0.4152356115806295,0.07689292805133606,0.0
1690209718319124145,684352,0.4151880938175083,0.07692760446099153,0.0
1690209718319138490,684352,0.4151658793911249,0.07696133253928082,0.0
1690209718319152237,684352,0.4152206502756516,0.0769436890582473,0.0
1690209718319168496,684352,0.4151971800083797,0.07695681971320624,0.0
1690209718327059954,684353,0.41518258699055577,0.07699936144943133,0.0
1690209718327311594,684353,0.4151805522664035,0.07704122753489523,0.0
1690209718328306104,684353,0.41517703409625717,0.0771169616751026,0.0
1690209718328351459,684353,0.4151506603312653,0.07717241527292017,0.0
1690209718328743091,684353,0.41503233852962806,0.07723892741123686,0.0
1690209718328770825,684353,0.41502863266599566,0.07725689122115999,0.0
1690209718328783437,684353,0.41503191732381517,0.07719315747423604,0.0
1690209718328794563,684353,0.4149800659161521,0.07720853538519333,0.0
1690209718328854128,684353,0.4149722664247113,0.07718650636712722,0.0
1690209718328865030,684353,0.41498113546196613,0.07710172552897142,0.0
1690209718335062471,684354,0.41499906946051285,0.07702648255607633,0.0
1690209718336153052,684354,0.41495101465872775,0.07705880661270237,0.0
1690209718336299835,684354,0.4150648578230305,0.07692734452593739,0.0
1690209718336578830,684354,0.4151189263267857,0.07680239525763562,0.0
1690209718336594652,684354,0.41512407865131107,0.07684219592604355,0.0
1690209718336621023,684354,0.4152266153697281,0.07676357454500245,0.0
1690209718336644206,684354,0.4152745210746957,0.07669313135907849,0.0
1690209718336651624,684354,0.4152769159445865,0.07671658320119104,0.0
1690209718336661093,684354,0.41526773200208555,0.07673208323993064,0.0
1690209718336670287,684354,0.4153244133481717,0.07662915435664953,0.0
1690209718343562560,684355,0.4153279989731436,0.07666686621683941,0.0
1690209718343902598,684355,0.4152956448865046,0.07669405557873803,0.0
1690209718345007018,684355,0.4153425334542412,0.07661917298963258,0.0
1690209718345353365,684355,0.4153135707657256,0.07666832173824695,0.0
1690209718345465565,684355,0.4152931993562013,0.07667852588697287,0.0
1690209718345482789,684355,0.41536689084971157,0.07658398778975112,0.0
1690209718345511926,684355,0.4153115112220699,0.07661893762795541,0.0
1690209718345526932,684355,0.415352756934324,0.07659604790936578,0.0
1690209718345537431,684355,0.41536321240425056,0.0765792440421909,0.0
1690209718345556657,684355,0.4153648203225721,0.0766107088068172,0.0
1690209718351757245,684356,0.41539456928447405,0.0765972883284756,0.0
1690209718352706830,684356,0.41544385242240733,0.07654796913928802,0.0
1690209718352832466,684356,0.4154584565276094,0.07653986561886994,0.0
1690209718353137609,684356,0.4154799352671388,0.07655062223127769,0.0
1690209718353152809,684356,0.415539790485819,0.07647974148379783,0.0
1690209718353167303,684356,0.41551425542747716,0.07657234381395611,0.0
1690209718353180328,684356,0.4154784872454758,0.07661696359328354,0.0
1690209718353196485,684356,0.41541311701563877,0.07669239903435807,0.0
1690209718353212322,684356,0.41537894889356564,0.07674941034048628,0.0
1690209718353242936,684356,0.4152629634720711,0.0768037829209958,0.0
1690209718359210778,684357,0.41525654276196644,0.0768434305586948,0.0
1690209718360284588,684357,0.4151153064227497,0.07696170358612137,0.0
1690209718360333582,684357,0.41501460472723284,0.07704466960314153,0.0
1690209718360456479,684357,0.4149533751615896,0.07706899127239925,0.0
1690209718360620154,684357,0.4148828644579827,0.07715125574114952,0.0
1690209718360877471,684357,0.41498712734104226,0.07703464885557261,0.0
1690209718360884818,684357,0.41489928721303604,0.07707310226733499,0.0
1690209718360889296,684357,0.4149775674135259,0.0770431806499423,0.0
1690209718360912211,684357,0.4150351518640967,0.07697370863279318,0.0
1690209718360934744,684357,0.4150453272658339,0.07695743188764088,0.0
1690209718367101106,684358,0.41503664923861217,0.07700893803632854,0.0
1690209718367558517,684358,0.4150405462405598,0.07699008785836864,0.0
1690209718367999678,684358,0.41510059662295673,0.0768654090358176,0.0
1690209718368654603,684358,0.41501077052594626,0.07695313036850455,0.0
1690209718368661562,684358,0.4150482821957789,0.0768889439545215,0.0
1690209718369005878,684358,0.415069528855901,0.07682271140419417,0.0
1690209718369020789,684358,0.41501675464731225,0.07680170921243898,0.0
1690209718369028794,684358,0.41507540421819655,0.07673558609346634,0.0
1690209718369038734,684358,0.41521189217507115,0.07656098694100004,0.0
1690209718369049688,684358,0.4152221935306852,0.07652205645485341,0.0
1690209718375289924,684359,0.41524635960549316,0.0764833655766127,0.0
1690209718376560195,684359,0.4153154829651856,0.07637471031027122,0.0
1690209718376704189,684359,0.4154043328178092,0.07635483094642354,0.0
1690209718377045248,684359,0.41535098839383505,0.07642261142492866,0.0
1690209718377056050,684359,0.4153473758472028,0.07650486653543456,0.0
1690209718377061979,684359,0.4153733321351821,0.07650582747248422,0.0
1690209718377072035,684359,0.41526063700812,0.07663039514199392,0.0
1690209718377087403,684359,0.41523461548575996,0.07672067931887566,0.0
1690209718377107648,684359,0.4151565194173291,0.07683583321485746,0.0
1690209718377120678,684359,0.4150558915892154,0.07695416256303868,0.0
1690209718383826762,684360,0.41490941575714235,0.07709771936444008,0.0
1690209718385178965,684360,0.41486779263340967,0.07718072029182749,0.0
1690209718385308418,684360,0.4148399049345344,0.07718603743198395,0.0
1690209718385689384,684360,0.41471340442551113,0.07727610747837087,0.0
1690209718385705739,684360,0.41471802827239673,0.07725859304694972,0.0
1690209718385720694,684360,0.4147406354867107,0.07723015010691917,0.0
1690209718385732536,684360,0.4147822997334171,0.07718991632523117,0.0
1690209718385753372,684360,0.4147343706283825,0.07722895316550338,0.0
1690209718385763982,684360,0.41482239536854887,0.07712912906783395,0.0
1690209718385772146,684360,0.4148681326716048,0.0769981455270493,0.0
1690209718393463282,684361,0.4149106029750341,0.07696668675456671,0.0
1690209718393739971,684361,0.41497989961909026,0.07684750225452154,0.0
1690209718394064497,684361,0.41500610035570135,0.07678615345846844,0.0
1690209718394747537,684361,0.4150471710747539,0.07666000434875582,0.0
1690209718394914695,684361,0.4150527701203919,0.07662776541291332,0.0
1690209718395275171,684361,0.41521205969114905,0.07645599147975571,0.0
1690209718395493651,684361,0.4152074318504166,0.0764151083531043,0.0
1690209718395653923,684361,0.41524074547473666,0.07639252266377937,0.0
1690209718395830268,684361,0.4153186685655132,0.07629829640806969,0.0
1690209718395845570,684361,0.41538555237354563,0.07628504255467088,0.0
1690209718401153746,684362,0.415393223986999,0.07631537597325555,0.0
1690209718402065198,684362,0.4153345291026247,0.07642131657894786,0.0
1690209718402088256,684362,0.41539612210604304,0.07636209427146691,0.0
1690209718402507322,684362,0.41532733299362445,0.07646229770130747,0.0
1690209718402521538,684362,0.41529853409670164,0.07654325727513832,0.0
1690209718402527376,684362,0.41527693495961415,0.0765918049742919,0.0
1690209718402555401,684362,0.41519464355622976,0.0766856500816786,0.0
1690209718402565387,684362,0.41510052792953156,0.0767941187882144,0.0
1690209718402572162,684362,0.4151507156774958,0.07680462460239397,0.0
1690209718402602676,684362,0.41506970313441577,0.07689844514208659,0.0
1690209718408536355,684363,0.4149913371755652,0.07699960542649388,0.0
1690209718408909389,684363,0.4149315766183413,0.07699580622964093,0.0
1690209718409784678,684363,0.4149472760756366,0.07697486693278335,0.0
1690209718409792030,684363,0.4149553203686304,0.07697063378244863,0.0
1690209718410073874,684363,0.41487630146513843,0.07700039571493336,0.0
1690209718410089569,684363,0.4149378764652874,0.07692076362821476,0.0
1690209718410100120,684363,0.41493120091331576,0.07681363854271842,0.0
1690209718410108984,684363,0.4150531145127104,0.07667658398679722,0.0
1690209718410122838,684363,0.4151053409155482,0.07658868019141363,0.0
1690209718410135015,684363,0.4151348501088783,0.0765446944046052,0.0
1690209718417652616,684364,0.41522278836435733,0.07641152221375441,0.0
1690209718418920276,684364,0.41526701438402813,0.07634835608325216,0.0
1690209718419006708,684364,0.4154073291907127,0.07623849711105467,0.0
1690209718419670075,684364,0.4153799684585657,0.07622691406544997,0.0
1690209718419682372,684364,0.4153110008893068,0.07629062253712782,0.0
1690209718419687450,684364,0.4153269441302184,0.07628918085803431,0.0
1690209718419719791,684364,0.41535459884805714,0.07625011662184518,0.0
1690209718419746220,684364,0.4153126211613485,0.07631516561939006,0.0
1690209718419754687,684364,0.41522597831349184,0.0764059818014501,0.0
1690209718419797041,684364,0.41523045904939315,0.07635317139777206,0.0
1690209718426670587,684365,0.41522658333734497,0.07636568249500336,0.0
1690209718426737021,684365,0.4151879084513747,0.07642839853153657,0.0
1690209718426976944,684365,0.41521623492823734,0.07640919647636234,0.0
1690209718427152495,684365,0.41515899928135674,0.07646486399116514,0.0
1690209718427428374,684365,0.4151630747654374,0.07647265052168459,0.0
1690209718427576639,684365,0.41521724957594175,0.0764608781138171,0.0
1690209718427890650,684365,0.41516791410660214,0.07658446989089966,0.0
1690209718427911551,684365,0.41511991829952993,0.07665561168546212,0.0
1690209718427922028,684365,0.4150847849255064,0.07667377717039789,0.0
1690209718427938616,684365,0.41510392882504826,0.07667293403044344,0.0
1690209718435454519,684366,0.4150569997328785,0.07675684670778771,0.0
1690209718435573322,684366,0.4150281750514251,0.07676245513554232,0.0
1690209718435894344,684366,0.41492029914156536,0.07685430470450699,0.0
1690209718436104401,684366,0.414947416772245,0.07680591258644288,0.0
1690209718436286210,684366,0.4150106123515426,0.07668416228436925,0.0
1690209718436577493,684366,0.4149782030753547,0.07673224593197416,0.0
1690209718436592303,684366,0.4149360440401214,0.07669341067784474,0.0
1690209718436606839,684366,0.4149540488394562,0.07662393641159952,0.0
1690209718436616040,684366,0.41500635624721577,0.07658295863375929,0.0
1690209718436633077,684366,0.414981614206677,0.07659429585046264,0.0
1690209718441517061,684367,0.4150728992698425,0.07647939614923,0.0
1690209718441817986,684367,0.4149787565111364,0.07655597999065793,0.0
1690209718442033283,684367,0.41504837925453153,0.07650463652932481,0.0
1690209718442875604,684367,0.41507932548192256,0.07642376052832223,0.0
1690209718442950177,684367,0.4150190599090776,0.07653980281196891,0.0
1690209718443217615,684367,0.41506773956629583,0.07646565167767204,0.0
1690209718443227943,684367,0.415041708637526,0.0764345529621673,0.0
1690209718443235534,684367,0.41507852919337307,0.07646589980673596,0.0
1690209718443246863,684367,0.41505104748509547,0.07648673323046568,0.0
1690209718443258476,684367,0.4151096365726767,0.0763900507275309,0.0
1690209718449934082,684368,0.4150353127689443,0.07648196783765074,0.0
1690209718450476571,684368,0.41507568292274233,0.0764525195036811,0.0
1690209718450672092,684368,0.4151595315176031,0.076336873378017,0.0
1690209718450779184,684368,0.41504279675389333,0.07646562552856244,0.0
1690209718450940460,684368,0.4150471930857896,0.07644761544650987,0.0
1690209718451154295,684368,0.41507920108208946,0.07636999567477558,0.0
1690209718451247506,684368,0.4150770154893627,0.07633061880676584,0.0
1690209718451417418,684368,0.4150548269531338,0.07636191866804742,0.0
1690209718451430608,684368,0.4151161204211946,0.07626921274212668,0.0
1690209718451439785,684368,0.41516168961373157,0.07619841449847889,0.0
1690209718458480520,684369,0.4151749522921646,0.07616699171108535,0.0
1690209718459679109,684369,0.4152398314515715,0.0761599703867586,0.0
1690209718459907196,684369,0.4153180485147072,0.07614813507687228,0.0
1690209718460157055,684369,0.4152971613548528,0.07619190151731421,0.0
1690209718460176285,684369,0.41529526342281425,0.07624332878785584,0.0
1690209718460191111,684369,0.41531112688259697,0.07628827795309819,0.0
1690209718460196563,684369,0.4152224543420726,0.07637871794775185,0.0
1690209718460203446,684369,0.415075167424141,0.07656600069589933,0.0
1690209718460297658,684369,0.4149668971106609,0.0767027337962807,0.0
1690209718460318175,684369,0.4149294143746031,0.07670865234686379,0.0
1690209718466605269,684370,0.41481522448928443,0.07679493724337147,0.0
1690209718466945157,684370,0.41475223619832474,0.07686318011869028,0.0
1690209718467547159,684370,0.414760018440261,0.07682687743116273,0.0
1690209718468125059,684370,0.4147418047159449,0.07681265948701664,0.0
1690209718468225109,684370,0.41477189616535376,0.07680625044688583,0.0
1690209718468325487,684370,0.4148503893144372,0.07674467556890985,0.0
1690209718468537932,684370,0.41489969626451856,0.07666213788570873,0.0
1690209718468554092,684370,0.41490969908367625,0.07666349691182023,0.0
1690209718468578371,684370,0.41499788673669896,0.07655969368545311,0.0
1690209718468586763,684370,0.41506925502664194,0.07645932619696534,0.0
1690209718475363584,684371,0.41504925906065826,0.07644173814209455,0.0
1690209718476296146,684371,0.41505411995912406,0.07641562642080597,0.0
1690209718476510774,684371,0.4151038130300591,0.07635669984295715,0.0
1690209718476909486,684371,0.4151049957291063,0.07628482029497291,0.0
1690209718476927508,684371,0.41511912646433824,0.07624414032251303,0.0
1690209718476943518,684371,0.4151998670028644,0.07613735834441755,0.0
1690209718476952115,684371,0.4152502970819991,0.07604533795196963,0.0
1690209718476960840,684371,0.4153088399706488,0.07598728820404409,0.0
1690209718476995536,684371,0.41532986063741256,0.0759748135457746,0.0
1690209718477007561,684371,0.4154140004969032,0.0759507959076458,0.0
1690209718483875500,684372,0.4154310303970783,0.07593623042220973,0.0
1690209718484629593,684372,0.4154224814788192,0.07598405993617248,0.0
1690209718485249961,684372,0.41543560886967834,0.07602794933193735,0.0
1690209718485348455,684372,0.415346959202598,0.07609223447621415,0.0
1690209718485532223,684372,0.4152809754378739,0.07620261268149146,0.0
1690209718485785511,684372,0.41517011652571056,0.0763458268756826,0.0
1690209718485801806,684372,0.4150719987414179,0.07647901694266135,0.0
1690209718485828125,684372,0.4149732927204904,0.07653995344339418,0.0
1690209718485840070,684372,0.41485533535749797,0.0766475654420395,0.0
1690209718485851659,684372,0.4148698417051325,0.07667579147201779,0.0
1690209718491912194,684373,0.4147924459678588,0.0767126523540745,0.0
1690209718492725956,684373,0.4147633829343338,0.07675480412287768,0.0
1690209718493320528,684373,0.414722681500813,0.07681502854202962,0.0
1690209718493446813,684373,0.4147547227817095,0.07677243217089369,0.0
1690209718493776778,684373,0.41481628458838615,0.07667409934372135,0.0
1690209718493798809,684373,0.4147967002236842,0.07669373307218778,0.0
1690209718493812852,684373,0.41486543220569627,0.07660548932489988,0.0
1690209718493826499,684373,0.41490283102087366,0.07652865091650239,0.0
1690209718493837289,684373,0.41491824761648455,0.07649239990009664,0.0
1690209718493845234,684373,0.4149532467278927,0.0764533291931531,0.0
1690209718500571686,684374,0.41498418396006054,0.07634635933567153,0.0
1690209718500878127,684374,0.4150232074527904,0.07628018606456408,0.0
1690209718502066611,684374,0.41509725787037105,0.0761986151439265,0.0
1690209718502214283,684374,0.41517392645940865,0.0760659612349596,0.0
1690209718502649730,684374,0.41524617235860733,0.07601092620837756,0.0
1690209718502672526,684374,0.4152550218137051,0.07596410443611921,0.0
1690209718502707617,684374,0.4153414013404839,0.075920699140099,0.0
1690209718502718816,684374,0.4153538032382751,0.07586825449455005,0.0
1690209718502731340,684374,0.4153211414466321,0.0759116662305087,0.0
1690209718502742328,684374,0.41536089101988505,0.0758889444538762,0.0
1690209718508744946,684375,0.41527438153769225,0.07596971014527883,0.0
1690209718509527020,684375,0.41529942093017,0.07596431357689136,0.0
1690209718509661802,684375,0.4152052080729284,0.07604357360615968,0.0
1690209718509668616,684375,0.41514841456669893,0.07619402245764173,0.0
1690209718509877831,684375,0.41514443823649594,0.0761752717347957,0.0
1690209718509887684,684375,0.4151026659483253,0.07628875878569344,0.0
1690209718509897098,684375,0.4151138349162298,0.07632850926273413,0.0
1690209718509901944,684375,0.4150451937522784,0.07641322179226204,0.0
1690209718509915871,684375,0.4150653874333932,0.07642355143907552,0.0
1690209718509923709,684375,0.41493163339680605,0.07659741368319792,0.0
1690209718517799193,684376,0.41495675284038325,0.07660637840545459,0.0
1690209718518008089,684376,0.4148902003061524,0.076650089225055,0.0
1690209718518694310,684376,0.41480734215442283,0.07675143369100672,0.0
1690209718518857121,684376,0.4148006188546581,0.07665806226459641,0.0
1690209718519065675,684376,0.4147574303823235,0.07666569737562456,0.0
1690209718519075341,684376,0.4147634286221556,0.076638330336059,0.0
1690209718519100867,684376,0.41473002878516446,0.07661422178802682,0.0
1690209718519106259,684376,0.4148141698424935,0.07646189981962889,0.0
1690209718519111550,684376,0.41482757217852884,0.0764137147570415,0.0
1690209718519128282,684376,0.41502822894894054,0.07619781257502951,0.0
1690209718525744582,684377,0.4150805547704869,0.07610364322446768,0.0
1690209718526597122,684377,0.41516804141131547,0.07602924287382891,0.0
1690209718526672100,684377,0.41527915213045996,0.07587376162495894,0.0
1690209718526993326,684377,0.41535111696901117,0.07585530831409902,0.0
1690209718527004259,684377,0.41539362487344517,0.07585199139565989,0.0
1690209718527017730,684377,0.4153880587056944,0.07583173112643264,0.0
1690209718527025523,684377,0.41545958906237185,0.0757664371075864,0.0
1690209718527033348,684377,0.415334075727352,0.0758897566827389,0.0
1690209718527043392,684377,0.41536834078628876,0.07585499226968513,0.0
1690209718527050980,684377,0.4152642435745051,0.07595155209394411,0.0
1690209718533699348,684378,0.4151416552246232,0.07605789887625315,0.0
1690209718534245115,684378,0.41514194900033174,0.07602516715123761,0.0
1690209718534250914,684378,0.4151202818648567,0.0760572573834317,0.0
1690209718534388325,684378,0.41511724530849076,0.07607678648093541,0.0
1690209718534498922,684378,0.41506114784509984,0.07607113303764253,0.0
1690209718534536729,684378,0.4150906203168193,0.07604130205890781,0.0
1690209718534640191,684378,0.41512695394676824,0.07604955290766607,0.0
1690209718534697428,684378,0.4151454370008498,0.07602700983732641,0.0
1690209718534704692,684378,0.4151028063080084,0.07614766407741613,0.0
1690209718534712870,684378,0.4151075596967671,0.07616763202329907,0.0
1690209718542505845,684379,0.4151611763974653,0.07612161220714869,0.0
1690209718542564255,684379,0.41514073226548465,0.07618319118184864,0.0
1690209718542845439,684379,0.4151020246468765,0.07625293538969634,0.0
1690209718542946226,684379,0.41509079472737076,0.07621564877984573,0.0
1690209718543084266,684379,0.41496031359723823,0.07631070962884604,0.0
1690209718543091407,684379,0.4149564683389454,0.0763580895495601,0.0
1690209718543095982,684379,0.4150230271832311,0.07624502097881422,0.0
1690209718543101638,684379,0.4149698868653355,0.07627776304500952,0.0
1690209718543105503,684379,0.414981856081475,0.07623216443955595,0.0
1690209718543110475,684379,0.41506266032065087,0.07613181981766282,0.0
1690209718550730803,684380,0.41511847387877077,0.07613912710245183,0.0
1690209718551441372,684380,0.4150747326078925,0.07617934405357693,0.0
1690209718551489770,684380,0.4151157228822453,0.07613659335786248,0.0
1690209718551769333,684380,0.4151728782597482,0.07608733182124759,0.0
1690209718551868807,684380,0.415200002869606,0.07605894670343319,0.0
1690209718552013060,684380,0.4151908857282844,0.07607382666197705,0.0
1690209718552020196,684380,0.41514848883156547,0.07613912935313506,0.0
1690209718552025322,684380,0.41512207257717054,0.0761436938125662,0.0
1690209718552047099,684380,0.4150749155404772,0.0761544864664863,0.0
1690209718552057839,684380,0.41507750286808637,0.07621534053607332,0.0
1690209718559828691,684381,0.41505224628568677,0.07620707883177796,0.0
1690209718560142022,684381,0.41502842020359154,0.0761939069462122,0.0
1690209718560253904,684381,0.41500511776094695,0.07625191567559558,0.0
1690209718560598369,684381,0.4150588265997177,0.07621000591094196,0.0
1690209718560608829,684381,0.41505300676864565,0.07620799642226793,0.0
1690209718560618388,684381,0.41492226923288217,0.07632249058798979,0.0
1690209718560626242,684381,0.41500331541868984,0.07623724213242875,0.0
1690209718560646388,684381,0.4149992417412525,0.07614103173716721,0.0
1690209718560652469,684381,0.4149855424458303,0.07615667484269927,0.0
1690209718560673214,684381,0.41498943557246876,0.07616646959114737,0.0
1690209718568202728,684382,0.4149896361646155,0.07610625071922066,0.0
1690209718568517010,684382,0.4149762357544515,0.07610654114469986,0.0
1690209718568732064,684382,0.4149781862612951,0.07612910500972357,0.0
1690209718568748795,684382,0.41504179499685984,0.07606776254213624,0.0
1690209718568758159,684382,0.4149653424821082,0.07613969070916933,0.0
1690209718568768280,684382,0.41489231930430337,0.07620115791432004,0.0
1690209718568777702,684382,0.41498414680523593,0.07612684649543276,0.0
1690209718568784525,684382,0.41495908291867456,0.07613046934087904,0.0
1690209718568822473,684382,0.414889872033692,0.07621364757914299,0.0
1690209718568829823,684382,0.41493144224213896,0.07617853831688785,0.0
1690209718575566257,684383,0.41491676807379907,0.07613068304857655,0.0
1690209718575916036,684383,0.4150149611028144,0.07604804918927549,0.0
1690209718576263454,684383,0.41501099997319013,0.07605377585340199,0.0
1690209718576374376,684383,0.4150845515175315,0.07600378789151549,0.0
1690209718576464851,684383,0.41509263971956445,0.07598158128418786,0.0
1690209718576974994,684383,0.4150745022183032,0.07600884107598112,0.0
1690209718577086480,684383,0.4151724747593151,0.07598059570362765,0.0
1690209718577293315,684383,0.4151315633104192,0.07599110545351624,0.0
1690209718577306703,684383,0.4151145663808167,0.07600430319564326,0.0
1690209718577325657,684383,0.4150635269982077,0.07604231179725784,0.0
1690209718583535636,684384,0.4151020787495452,0.07600474011047717,0.0
1690209718584033441,684384,0.41510167195077186,0.07601107107711255,0.0
1690209718584375389,684384,0.41497375346510296,0.07610468682889192,0.0
1690209718585001050,684384,0.415004749409981,0.07604335362311704,0.0
1690209718585344316,684384,0.4150322656542599,0.07593551292243397,0.0
1690209718585353422,684384,0.4150160296672837,0.07594800032001307,0.0
1690209718585360228,684384,0.41503494138546415,0.07595481002671603,0.0
1690209718585376275,684384,0.4150474790286991,0.07587142309963261,0.0
1690209718585398782,684384,0.4150547527417511,0.07585034087168241,0.0
1690209718585440529,684384,0.41506572793837604,0.07586439076302906,0.0
1690209718591911255,684385,0.4151468408413163,0.07583476136625125,0.0
1690209718592411628,684385,0.4151357118595095,0.07585404087723362,0.0
1690209718592793684,684385,0.4150509184008733,0.07599041715552188,0.0
1690209718593448518,684385,0.4151307795369976,0.07596520632944863,0.0
1690209718593584566,684385,0.41509267602528194,0.07600378598136726,0.0
1690209718593882830,684385,0.4150442553839937,0.07611596153309809,0.0
1690209718593890047,684385,0.41496160508161645,0.07620641621178406,0.0
1690209718593895712,684385,0.4149481433801023,0.07618214007956554,0.0
1690209718593913403,684385,0.4149608391352413,0.07616629451884604,0.0
1690209718593921091,684385,0.41488202694978793,0.07626600349345007,0.0
1690209718600525588,684386,0.4149299488010547,0.07621001906125739,0.0
1690209718601532658,684386,0.41491257970645523,0.07619353162025642,0.0
1690209718601681320,684386,0.41489863944045163,0.0762145997038036,0.0
1690209718601692950,684386,0.4149941434201576,0.0761576814692144,0.0
1690209718602064071,684386,0.4150213566771963,0.07610771321647385,0.0
1690209718602082338,684386,0.41502415922651315,0.07610825983950784,0.0
1690209718602094218,684386,0.41502699906754403,0.07610807790321113,0.0
1690209718602102953,684386,0.4151220363006276,0.07599137903530084,0.0
1690209718602114026,684386,0.41513079771990047,0.07599834495560354,0.0
1690209718602150378,684386,0.4150847181494976,0.07599611930367552,0.0
1690209718609076085,684387,0.4151267889100312,0.07591567293642384,0.0
1690209718610439113,684387,0.41517032651149816,0.07580966262947766,0.0
1690209718610573790,684387,0.41519695632878517,0.07575537805548392,0.0
1690209718610996859,684387,0.415226868552829,0.07574882702946883,0.0
1690209718611017309,684387,0.4152387472591206,0.0756915423523643,0.0
1690209718611030354,684387,0.41529754662441176,0.0756418697962592,0.0
1690209718611041615,684387,0.41530853029308595,0.07563115753972685,0.0
1690209718611051355,684387,0.41530694570060217,0.07569359107723123,0.0
1690209718611061376,684387,0.4153136956353315,0.07571673508255959,0.0
1690209718611112785,684387,0.4152086957066703,0.07588220152662702,0.0
1690209718618240197,684388,0.41523551249891083,0.07591668058091867,0.0
1690209718619083395,684388,0.4151801200941794,0.07599428232971422,0.0
1690209718619112297,684388,0.41512041781089337,0.07611201537530915,0.0
1690209718619562313,684388,0.4149933656659076,0.07625978246093847,0.0
1690209718619809654,684388,0.4149461398203489,0.07629233264427489,0.0
1690209718620137434,684388,0.414875526192904,0.0763368230202119,0.0
1690209718620158616,684388,0.4147640772440705,0.07648146581319003,0.0
1690209718620171333,684388,0.4147516840800227,0.07642053769991687,0.0
1690209718620186017,684388,0.41469248369881806,0.07646362651133859,0.0
1690209718620195950,684388,0.4147137917142306,0.0764481476570208,0.0
1690209718625184995,684389,0.4147484241667163,0.07639105734313736,0.0
1690209718626188726,684389,0.414799650911151,0.07634901188286528,0.0
1690209718626283607,684389,0.41481953020166207,0.07632057191038763,0.0
1690209718626610138,684389,0.4149020780265805,0.07623668302749133,0.0
1690209718626621558,684389,0.4150033793633675,0.07609608467009736,0.0
1690209718626634185,684389,0.4150217678408372,0.07610899978526914,0.0
1690209718626644862,684389,0.4150650717811853,0.0760205163784877,0.0
1690209718626654196,684389,0.4151039854681948,0.07593394915190109,0.0
1690209718626666503,684389,0.415187194569244,0.07586297892156257,0.0
1690209718626674578,684389,0.41524096202030386,0.07580111223268544,0.0
1690209718634659711,684390,0.41530957231610577,0.07575509387563194,0.0
1690209718636293844,684390,0.4152976998793523,0.07574789784049638,0.0
1690209718636459044,684390,0.4153446887154212,0.07572294174836255,0.0
1690209718636965291,684390,0.4153746979355801,0.07570159054393648,0.0
1690209718636988799,684390,0.4152893208836978,0.07585038280332554,0.0
1690209718637003653,684390,0.41529065541097726,0.07587818624184722,0.0
1690209718637014174,684390,0.41526666867518386,0.07591242163188783,0.0
1690209718637036085,684390,0.4152214352455663,0.07601707647097375,0.0
1690209718637062209,684390,0.41514742918833575,0.07609700095379915,0.0
1690209718637075714,684390,0.4150712861469713,0.07621502147347751,0.0
1690209718643777525,684391,0.4149453848358081,0.0763650483453441,0.0
1690209718644188744,684391,0.41489503910934167,0.07640096066508366,0.0
1690209718644331277,684391,0.4148799308934234,0.07641274213800707,0.0
1690209718644884783,684391,0.41478907919502617,0.07654045760290512,0.0
1690209718645098336,684391,0.41480688690389844,0.07646632141390103,0.0
1690209718645285891,684391,0.4147465745990781,0.07650966385083992,0.0
1690209718645375406,684391,0.4147601598303001,0.07650418730670912,0.0
1690209718645388306,684391,0.4148358523621098,0.0764346894243125,0.0
1690209718645397171,684391,0.41490013875839943,0.0763601363648523,0.0
1690209718645404408,684391,0.4149091685862519,0.07634637490590014,0.0
1690209718650503524,684392,0.4149893108246538,0.07626103355613968,0.0
1690209718651428875,684392,0.4150739770596472,0.07614087196953631,0.0
1690209718651682037,684392,0.4150623316172101,0.07617133877821922,0.0
1690209718651972647,684392,0.41508373463499154,0.07610002480731047,0.0
1690209718651988458,684392,0.4150928269932228,0.07604880605939957,0.0
1690209718652007575,684392,0.4151359992669388,0.07596530920104974,0.0
1690209718652016329,684392,0.4151322872818827,0.0759247103429624,0.0
1690209718652028544,684392,0.41517354103279136,0.07586785195527745,0.0
1690209718652035618,684392,0.41516945039220066,0.07582697622941184,0.0
1690209718652058354,684392,0.41522926677955413,0.07576892709209143,0.0
1690209718659092532,684393,0.41525110742033716,0.07573931264255773,0.0
1690209718659247792,684393,0.41525465887001944,0.07578217022160001,0.0
1690209718660243122,684393,0.4152700899440765,0.07578148681870511,0.0
1690209718660433559,684393,0.4151595653216895,0.07594167101905944,0.0
1690209718660546277,684393,0.41517299627175075,0.07598598963484808,0.0
1690209718660794061,684393,0.41509695815617376,0.07607243792580697,0.0
1690209718660803838,684393,0.4150088693248706,0.07618883001152132,0.0
1690209718660810241,684393,0.414883636836286,0.07634755696666376,0.0
1690209718660822671,684393,0.41483115779148605,0.07638080202908624,0.0
1690209718660854993,684393,0.4147878327543163,0.07642438439813921,0.0
1690209718666341911,684394,0.41467172642090927,0.07656947342204115,0.0
1690209718667820079,684394,0.41465777797185344,0.07650435798994482,0.0
1690209718668155131,684394,0.41459555570840906,0.07655746703177936,0.0
1690209718668303126,684394,0.4145962589832116,0.07655592912759376,0.0
1690209718668313711,684394,0.4146258687894226,0.07651463609927403,0.0
1690209718668323505,684394,0.4146433863908929,0.0765039498933093,0.0
1690209718668342972,684394,0.4146285531429583,0.07651223789088162,0.0
1690209718668362106,684394,0.41476005622440404,0.07637233566764036,0.0
1690209718668372225,684394,0.41476454797307866,0.07633523534220776,0.0
1690209718668407181,684394,0.41479643621673656,0.07635358407423445,0.0
1690209718675213137,684395,0.41481116604175805,0.07627052825769515,0.0
1690209718675525627,684395,0.41484490198455287,0.0762231805314652,0.0
1690209718676307906,684395,0.4148637582842774,0.07616817260222529,0.0
1690209718676617542,684395,0.4148797693928284,0.07611317162441956,0.0
1690209718676712737,684395,0.41489562376943634,0.07605082763630043,0.0
1690209718677103222,684395,0.41483354776503173,0.07607202710980085,0.0
1690209718677246596,684395,0.41491913291098137,0.07594237514397922,0.0
1690209718677269406,684395,0.41494801078670573,0.0758966811338641,0.0
1690209718677278642,684395,0.4149795448944468,0.0758266673968772,0.0
1690209718677287400,684395,0.415011724335932,0.07576033577665721,0.0
1690209718684187325,684396,0.41500062356385015,0.07579375255678276,0.0
1690209718684290965,684396,0.41506447631057863,0.07574102381569979,0.0
1690209718684424737,684396,0.4150763882149612,0.07575000455784063,0.0
1690209718685141692,684396,0.41505772779214306,0.07580517011341026,0.0
1690209718685536225,684396,0.4150829808142832,0.07579862045812658,0.0
1690209718685680610,684396,0.4150677765867573,0.0758313083778085,0.0
1690209718685700616,684396,0.41501868845476364,0.07598539805957742,0.0
1690209718685710554,684396,0.4149897703800923,0.07605006397603147,0.0
1690209718685719748,684396,0.41497438847113094,0.07606715165075736,0.0
1690209718685761086,684396,0.4149138854718311,0.07619347596615918,0.0
1690209718692664754,684397,0.4148819091225261,0.07626533413449217,0.0
1690209718693132704,684397,0.4149017788098688,0.07627184264998063,0.0
1690209718693222410,684397,0.4147301471566402,0.07646073004173463,0.0
1690209718694000177,684397,0.41469641054873246,0.0765295080862857,0.0
1690209718694248602,684397,0.41469441603243895,0.07648197880262035,0.0
1690209718694429261,684397,0.4146029175098378,0.07658848829434121,0.0
1690209718694439708,684397,0.41457332475256503,0.07660373943717633,0.0
1690209718694444382,684397,0.4145297540824937,0.07659584187475886,0.0
1690209718694563793,684397,0.4145708721714504,0.07653969742096069,0.0
1690209718694577964,684397,0.41455909636217503,0.07646144661174341,0.0
1690209718699581756,684398,0.414641417230797,0.07636703730924453,0.0
1690209718700970233,684398,0.4146575279012128,0.0763010890569221,0.0
1690209718701309523,684398,0.4147373796066224,0.07618724353838154,0.0
1690209718701474203,684398,0.41483821128084786,0.07602651133947844,0.0
1690209718701488359,684398,0.41488335644402075,0.07599510874940658,0.0
1690209718701498926,684398,0.4150337871940819,0.07579892251122189,0.0
1690209718701504550,684398,0.415036838998909,0.07575064425318581,0.0
1690209718701517077,684398,0.4150846997417366,0.07578389148827903,0.0
1690209718701526553,684398,0.41515761513777577,0.07568484787945695,0.0
1690209718701534074,684398,0.4151822722994235,0.07567768053325483,0.0
1690209718709369135,684399,0.41513516979831167,0.07576933306461067,0.0
1690209718710008641,684399,0.41516115311633883,0.07573191236136373,0.0
1690209718710618997,684399,0.41515481461880205,0.07570925587708167,0.0
1690209718710808570,684399,0.4150238907248577,0.07588909575290967,0.0
1690209718711165364,684399,0.4150287926495969,0.07592158617938824,0.0
1690209718711195450,684399,0.41503977432289185,0.07590125883148686,0.0
1690209718711221377,684399,0.41496892975255306,0.07602225846984831,0.0
1690209718711239556,684399,0.41491808338872915,0.07610940391557283,0.0
1690209718711251721,684399,0.41494824051850693,0.07610387431867147,0.0
1690209718711257708,684399,0.41481837147825545,0.07626072096218493,0.0
1690209718717063101,684400,0.4147732671093185,0.07634949563538279,0.0
1690209718717860147,684400,0.41472644279255966,0.0763804563364035,0.0
1690209718718392178,684400,0.41465955094095597,0.07647199629135595,0.0
1690209718718475110,684400,0.41463681579004374,0.0764707731230459,0.0
1690209718718747437,684400,0.4145984635273339,0.07645074451366159,0.0
1690209718718770042,684400,0.4146212087440944,0.07641927776083737,0.0
1690209718718782871,684400,0.4146113957169766,0.07637047231458689,0.0
1690209718718790439,684400,0.4146696961122454,0.07627250668556404,0.0
1690209718718805090,684400,0.4147442692552924,0.0761710549854321,0.0
1690209718718813127,684400,0.41473791356702033,0.07614688612962862,0.0
1690209718725354419,684401,0.4148419030827502,0.07598298344168973,0.0
1690209718726247701,684401,0.41488315515798546,0.0759309600493687,0.0
1690209718726403655,684401,0.41497767643183575,0.07580366485014764,0.0
1690209718726573870,684401,0.4149898555563624,0.07575242005444609,0.0
1690209718726856908,684401,0.4149887623073896,0.0757928902771536,0.0
1690209718727071536,684401,0.4150413162075262,0.07573272039715628,0.0
1690209718727436926,684401,0.4150382502143328,0.07572806079260955,0.0
1690209718727441722,684401,0.41497960422904423,0.07580582917047163,0.0
1690209718727445952,684401,0.4150366592806774,0.07576247057404849,0.0
1690209718727475631,684401,0.4150157810200812,0.0757837211885367,0.0
1690209718732678824,684402,0.4149878853428981,0.07591469316119147,0.0
1690209718733152899,684402,0.4149702752639446,0.07597876185094976,0.0
1690209718733373762,684402,0.41498877493713165,0.07594359024010859,0.0
1690209718733485015,684402,0.41494002421273685,0.07605568532904776,0.0
1690209718733621714,684402,0.4149344398472211,0.0760720965262176,0.0
1690209718733792315,684402,0.41495686013031,0.07607499913537419,0.0
1690209718733801969,684402,0.41488682464276,0.07616641147311204,0.0
1690209718733816210,684402,0.41487915931156055,0.07620463173161914,0.0
1690209718733820276,684402,0.4150044896418051,0.0760523988904144,0.0
1690209718733824939,684402,0.4149743007534199,0.07605039462283329,0.0
1690209718741391596,684403,0.4149758204097049,0.07606024992177818,0.0
1690209718742548555,684403,0.41499811977985124,0.07598251827266396,0.0
1690209718742733656,684403,0.4150305430214072,0.0759188710375737,0.0
1690209718743050743,684403,0.415071783394222,0.07586943387394618,0.0
1690209718743058558,684403,0.41510052311320306,0.07579188446044297,0.0
1690209718743084544,684403,0.4151693010305065,0.0757145341823088,0.0
1690209718743093121,684403,0.4151144905195369,0.07573618373115762,0.0
1690209718743101655,684403,0.4151798960641627,0.07565629542243817,0.0
1690209718743122078,684403,0.41522125594054926,0.07560535332420702,0.0
1690209718743140790,684403,0.4152036835349054,0.0755906744729053,0.0
1690209718750285722,684404,0.415245585557829,0.0755384781025402,0.0
1690209718750811431,684404,0.4152028441622677,0.07559590481819249,0.0
1690209718751037884,684404,0.41525114660790424,0.07556384840488468,0.0
1690209718751700494,684404,0.41521122116405346,0.07560464649869618,0.0
1690209718752180082,684404,0.41517268383284633,0.07568864694247689,0.0
1690209718752272628,684404,0.41520461947948645,0.07567167583221725,0.0
1690209718752519783,684404,0.4151866946921573,0.07567530699070589,0.0
1690209718752536780,684404,0.41514436021138473,0.0758253643302842,0.0
1690209718752543567,684404,0.41507998626904097,0.07591795454833462,0.0
1690209718752610029,684404,0.415063668260707,0.07592822561676923,0.0
1690209718758828804,684405,0.41497867223420715,0.07607327634587373,0.0
1690209718759647751,684405,0.41493873923390384,0.07616238787909388,0.0
1690209718760038086,684405,0.4149564582766018,0.07614613137279984,0.0
1690209718760046406,684405,0.4148178384411695,0.07632848191661873,0.0
1690209718760162815,684405,0.4147848443361237,0.07642752061139892,0.0
1690209718760381781,684405,0.41481817994536474,0.0763587159474278,0.0
1690209718760640791,684405,0.4147581655466426,0.07645359111186212,0.0
1690209718760650647,684405,0.4147417098414058,0.07646400765325254,0.0
1690209718760665358,684405,0.4147148626909916,0.07644997093113139,0.0
1690209718760676026,684405,0.41473444912415164,0.07640248491540773,0.0
1690209718766573722,684406,0.41469134193079077,0.07634357310953911,0.0
1690209718766915838,684406,0.4147750827046329,0.07623657543239071,0.0
1690209718767845128,684406,0.41484610017171597,0.07613091018269556,0.0
1690209718767930241,684406,0.4148470915796891,0.07608902160344955,0.0
1690209718768232209,684406,0.4149519169790195,0.07593080423817124,0.0
1690209718768250205,684406,0.415012114319904,0.0758771875108116,0.0
1690209718768259309,684406,0.41513001905709496,0.07572005450736692,0.0
1690209718768267277,684406,0.41516388028243967,0.07566494875562427,0.0
1690209718768279228,684406,0.41513795313587437,0.07573304935322761,0.0
1690209718768308135,684406,0.4151927501463367,0.07567079443869305,0.0
1690209718775729896,684407,0.4152049920194397,0.07567847842512924,0.0
1690209718776526950,684407,0.41517238686914704,0.07574448434352644,0.0
1690209718777113714,684407,0.41521127995765755,0.0757131320035437,0.0
1690209718777270788,684407,0.4151751810022889,0.07573492274193028,0.0
1690209718777709997,684407,0.41513325341621327,0.07588147428399901,0.0
1690209718777732773,684407,0.41511763793108225,0.07594014809468144,0.0
1690209718777748309,684407,0.4151559808670747,0.07591938085622546,0.0
1690209718777761951,684407,0.4150938420731778,0.07605709240208798,0.0
1690209718777776073,684407,0.4150523070428448,0.07615638610687812,0.0
1690209718777790961,684407,0.41509852207122366,0.07614044107884847,0.0
1690209718783004570,684408,0.414935511633114,0.07632345964342248,0.0
1690209718783589366,684408,0.4149069822165238,0.07640796588358424,0.0
1690209718784211965,684408,0.4149301968925978,0.07636565058038268,0.0
1690209718784351872,684408,0.41485269747156867,0.0764703207282449,0.0
1690209718784502331,684408,0.41484272758994284,0.076454083323886,0.0
1690209718784665622,684408,0.41480594139460353,0.07644884014428635,0.0
1690209718784675402,684408,0.4148254547915204,0.07641707630852525,0.0
1690209718784685265,684408,0.4148450298546215,0.07635102240980751,0.0
1690209718784701417,684408,0.414902797614628,0.07627897189496309,0.0
1690209718784706328,684408,0.4149243402887744,0.07619752141308492,0.0
1690209718792004853,684409,0.41490299710619116,0.07618570822652321,0.0
1690209718792184882,684409,0.41501133795473105,0.07601673346563913,0.0
1690209718793141384,684409,0.41504492668443915,0.07599127055152925,0.0
1690209718793413348,684409,0.4151055578136923,0.07587309546311448,0.0
1690209718793556142,684409,0.41511960584776186,0.07579623413843854,0.0
1690209718793816249,684409,0.4152156802798362,0.0757090749088373,0.0
1690209718794086288,684409,0.4152657314174536,0.07564109282527046,0.0
1690209718794101310,684409,0.415305605663719,0.07565554754724915,0.0
1690209718794116144,684409,0.41531538209553065,0.07564305341235394,0.0
1690209718794127140,684409,0.4153384516394163,0.07564265452555098,0.0
1690209718800092020,684410,0.41536532380760005,0.07563885520553196,0.0
1690209718800986785,684410,0.4152779680998292,0.07579911682335813,0.0
1690209718801197040,684410,0.41528044222803673,0.07583809527401088,0.0
1690209718801483255,684410,0.4151487934288543,0.07599817655035178,0.0
1690209718801619408,684410,0.4150880171138875,0.07612080518877268,0.0
1690209718801870622,684410,0.4150102242143508,0.07620768286595703,0.0
1690209718801879053,684410,0.41494942143988545,0.07629694571063243,0.0
1690209718801890839,684410,0.41482433436338423,0.0764559101904467,0.0
1690209718801904753,684410,0.4147604124420501,0.07650608420680381,0.0
1690209718801915479,684410,0.4147698068938489,0.076475019993329,0.0
1690209718808213147,684411,0.41468364693688164,0.07659752307504628,0.0
1690209718808598603,684411,0.4146717861636178,0.07656391759230036,0.0
1690209718808910767,684411,0.41463541877192633,0.07656246013312488,0.0
1690209718809209018,684411,0.4146552288963843,0.07654049761428491,0.0
1690209718809638694,684411,0.4146685744520942,0.0764688754594851,0.0
1690209718809753944,684411,0.4147289592732897,0.07639104949086034,0.0
1690209718809970456,684411,0.41474491878608943,0.07631744523030824,0.0
1690209718809985493,684411,0.41473812159203416,0.07628574319576684,0.0
1690209718810008517,684411,0.41484506158324247,0.07610504927278587,0.0
1690209718810021334,684411,0.41486284625378833,0.07607681414131828,0.0
1690209718816725213,684412,0.41494248895880204,0.0759520598079827,0.0
1690209718817042306,684412,0.4149766284690808,0.07586375466496297,0.0
1690209718817597737,684412,0.415060136176871,0.07577386594205435,0.0
1690209718818189098,684412,0.4151370360270637,0.0756869079740996,0.0
1690209718818505059,684412,0.4151614448547701,0.07571608735466676,0.0
1690209718818791365,684412,0.4151586436734527,0.07573741601840811,0.0
1690209718818875791,684412,0.4151846559566921,0.07572438170720085,0.0
1690209718818886187,684412,0.41517732862633505,0.0757598634240105,0.0
1690209718818899877,684412,0.4150964547273118,0.07593515021163515,0.0
1690209718818922865,684412,0.41506622141669125,0.07600648643343642,0.0
1690209718827408734,684413,0.41498025320589277,0.0761145826272502,0.0
1690209718827563373,684413,0.4148957441271962,0.07626271953581357,0.0
1690209718827909405,684413,0.41482350248032196,0.07632857568643084,0.0
1690209718827931025,684413,0.4147783905116128,0.07638835850889099,0.0
1690209718827944156,684413,0.414677173758583,0.07651923330890079,0.0
1690209718827954720,684413,0.41462800482255174,0.07655252471971184,0.0
1690209718827972461,684413,0.4146769514237198,0.07648909347680265,0.0
1690209718827982014,684413,0.41461610017250766,0.07657490651389369,0.0
1690209718828000256,684413,0.41464517656451705,0.07654547663806448,0.0
1690209718828017706,684413,0.4146349834703418,0.07650074227479232,0.0
1690209718833254844,684414,0.4146545842156348,0.07648718963010842,0.0
1690209718833431592,684414,0.41470755591177827,0.0764182806509383,0.0
1690209718833839049,684414,0.41472149968355676,0.07635431499412175,0.0
1690209718834185061,684414,0.4147296317265643,0.07630264205470479,0.0
1690209718834325382,684414,0.4146892029319916,0.07631469348167987,0.0
1690209718834456534,684414,0.41475055109587744,0.07618563887204959,0.0
1690209718834560642,684414,0.41474619691391945,0.07617830068685177,0.0
1690209718834846871,684414,0.4147644378921628,0.07611743791485304,0.0
1690209718835018334,684414,0.4148108537136389,0.07602572662711396,0.0
1690209718835126876,684414,0.4149069858519184,0.07595117784186645,0.0
1690209718841680682,684415,0.4149894944244805,0.07587235072470196,0.0
1690209718841886449,684415,0.41504983106225257,0.0758872258858181,0.0
1690209718842562294,684415,0.4150694371598915,0.07587306848161483,0.0
1690209718842848019,684415,0.4150677925521945,0.07589233481890274,0.0
1690209718843045983,684415,0.41506372084179877,0.07595373021492104,0.0
1690209718843206095,684415,0.4149622627003183,0.07610160913189203,0.0
1690209718843355040,684415,0.41492696988682065,0.07616804421902335,0.0
1690209718843592562,684415,0.4147531259466336,0.07632996806783895,0.0
1690209718843612327,684415,0.4147239537400119,0.07641945286172223,0.0
1690209718843634027,684415,0.4146639651664219,0.0764554271254759,0.0
1690209718851604035,684416,0.41455547540543103,0.07659453260443794,0.0
1690209718851878344,684416,0.4144967652245526,0.07668420489958627,0.0
1690209718852247279,684416,0.41445152355755954,0.07666854868081273,0.0
1690209718852257050,684416,0.41443731974768994,0.07668969271652804,0.0
1690209718852273929,684416,0.4143792392951523,0.07677135417589284,0.0
1690209718852287144,684416,0.4144519302207335,0.07669221027435685,0.0
1690209718852337729,684416,0.41447272760884657,0.07662966814672235,0.0
1690209718852349136,684416,0.41447058262984865,0.07664485448199147,0.0
1690209718852362895,684416,0.4145521395751644,0.07657571620993214,0.0
1690209718852405744,684416,0.41455551970253945,0.07654853053243242,0.0
1690209718858002559,684417,0.4145273645834108,0.07656060834792411,0.0
1690209718858470845,684417,0.4145063200177957,0.07657891976526292,0.0
1690209718859311976,684417,0.41458306907400433,0.07646585331666278,0.0
1690209718859454393,684417,0.41458623098290115,0.0764580087817452,0.0
1690209718859700790,684417,0.4145442099474285,0.076454961496869,0.0
1690209718859716321,684417,0.41457241725067073,0.0763826701948874,0.0
1690209718859728672,684417,0.4145985170527987,0.07627315622286378,0.0
1690209718859741620,684417,0.41461456153787607,0.07624807971143882,0.0
1690209718859749886,684417,0.4146557825432471,0.07622934743080147,0.0
1690209718859767189,684417,0.4146828327840263,0.07614712784588164,0.0
1690209718866623044,684418,0.4147180039388614,0.07610582385489573,0.0
1690209718866938883,684418,0.41474559055111543,0.07609991976301934,0.0
1690209718867076399,684418,0.41484798178740867,0.07605006597117664,0.0
1690209718867512838,684418,0.4148652678208292,0.07601017299345958,0.0
1690209718867804523,684418,0.41485803114140135,0.07609569561884917,0.0
1690209718868207332,684418,0.4149502400139013,0.07605772416775217,0.0
1690209718868383403,684418,0.4149371974707954,0.07614398973873344,0.0
1690209718868678642,684418,0.4149185696070226,0.07621169491651836,0.0
1690209718868697972,684418,0.414776429341257,0.07638971046206376,0.0
1690209718868709909,684418,0.41478766090794156,0.07643153680072737,0.0
1690209718876119664,684419,0.4146467138464699,0.07653639991988441,0.0
1690209718877121417,684419,0.4145271435835053,0.07668100371424452,0.0
1690209718877283794,684419,0.41442577500490124,0.07673713531287918,0.0
1690209718877697934,684419,0.4143623723594788,0.07679286355975998,0.0
1690209718877713866,684419,0.41436838558250805,0.07677748262394528,0.0
1690209718877728829,684419,0.41434022611518617,0.07681550865296466,0.0
1690209718877737261,684419,0.41442242213459024,0.07673824981451112,0.0
1690209718877783082,684419,0.41441667248714054,0.07670474860834972,0.0
1690209718877791882,684419,0.41450390105887314,0.07664297325652344,0.0
1690209718877808473,684419,0.4145914754165697,0.07656243499199508,0.0
1690209718884850947,684420,0.4146324430049831,0.07654881325014558,0.0
1690209718886017609,684420,0.41460739123968327,0.0765473153706444,0.0
1690209718886123492,684420,0.4146303569842583,0.07651586875749782,0.0
1690209718886612322,684420,0.4146823324039794,0.07641400816807667,0.0
1690209718886637516,684420,0.4146476347007696,0.07642742319547172,0.0
1690209718886660364,684420,0.4146466478264462,0.0763896521865316,0.0
1690209718886673764,684420,0.41464668476890987,0.07632643481076441,0.0
1690209718886682944,684420,0.4147211993016523,0.07620340214301898,0.0
1690209718886748306,684420,0.4147352576753884,0.07619556841542842,0.0
1690209718886764448,684420,0.41487429429164474,0.07612488426656096,0.0
1690209718891867923,684421,0.41489704093538804,0.07608529741148598,0.0
1690209718891877608,684421,0.414889763267591,0.07616788298944023,0.0
1690209718892722279,684421,0.41499344454882303,0.07610333704137441,0.0
1690209718892954385,684421,0.4150206641617354,0.07618027546905642,0.0
1690209718893268396,684421,0.41499817812399875,0.07622738233861204,0.0
1690209718893283218,684421,0.4148375430046633,0.07640306475006185,0.0
1690209718893293073,684421,0.41488282756522804,0.07639764848632262,0.0
1690209718893302871,684421,0.4148254444826808,0.07641840853875656,0.0
1690209718893317257,684421,0.4147445130133911,0.07653146398464968,0.0
1690209718893325305,684421,0.41464576052686164,0.07661221175012424,0.0
1690209718901297477,684422,0.4146021443310677,0.07663164944311542,0.0
1690209718901770555,684422,0.4145795888357695,0.07661755116010573,0.0
1690209718901921878,684422,0.4145501731671144,0.07670310455787202,0.0
1690209718902217600,684422,0.41459662983152074,0.07665860543830004,0.0
1690209718902413065,684422,0.41459552339545824,0.07661060289091122,0.0
1690209718902555074,684422,0.4146260808568482,0.07662902121293977,0.0
1690209718902628885,684422,0.41470941457358335,0.07657460178169313,0.0
1690209718902637018,684422,0.41475826021690665,0.0765395600434732,0.0
1690209718902668586,684422,0.41464574216660127,0.07661926790533014,0.0
1690209718902684535,684422,0.41467384476260694,0.07658973286224989,0.0
1690209718907625910,684423,0.41474732205638554,0.07646127412123714,0.0
1690209718908446456,684423,0.41470395707817587,0.07650559871228828,0.0
1690209718908561571,684423,0.41469975508193374,0.07649352649547955,0.0
1690209718908951872,684423,0.41471316596583074,0.07642736498395879,0.0
1690209718908975079,684423,0.4147754710217374,0.0763361380434488,0.0
1690209718909101723,684423,0.41476964227204943,0.07634360915659108,0.0
1690209718909107617,684423,0.41489252498388607,0.07627670171088954,0.0
1690209718909112174,684423,0.41488775957357965,0.07624868394965068,0.0
1690209718909152419,684423,0.4149093608011815,0.07624862270318067,0.0
1690209718909161298,684423,0.41499927521738633,0.07619788763121102,0.0
1690209718917133669,684424,0.4150296747865253,0.07624998603570265,0.0
1690209718917477000,684424,0.41501385036490085,0.07628344507479781,0.0
1690209718918090258,684424,0.4149132047175922,0.07639808936668176,0.0
1690209718918293053,684424,0.4149276347848588,0.07639735993465056,0.0
1690209718918486334,684424,0.41490825358173916,0.07638803074918381,0.0
1690209718918747863,684424,0.4148274859985703,0.07649973644570612,0.0
1690209718918763882,684424,0.4147485062420914,0.07656456964527629,0.0
1690209718918778867,684424,0.414718400372471,0.07654867068339846,0.0
1690209718918790136,684424,0.41467511685360187,0.07655595032353424,0.0
1690209718918803319,684424,0.4146253296752386,0.07665658475627792,0.0
1690209718924637892,684425,0.4146959969785866,0.07655982011171229,0.0
1690209718924878655,684425,0.41467034980009754,0.07651886226050365,0.0
1690209718925795938,684425,0.41470810958929905,0.07653309881290807,0.0
1690209718925986931,684425,0.41476626452888626,0.07647632781279286,0.0
1690209718926323677,684425,0.4148398831691457,0.07638593683560838,0.0
1690209718926337421,684425,0.4147457761342975,0.07646490028058911,0.0
1690209718926344821,684425,0.41475548009412433,0.07645940225246467,0.0
1690209718926351393,684425,0.4148749069375475,0.07632431085098357,0.0
1690209718926378261,684425,0.4148143760504479,0.07637455187579839,0.0
1690209718926387111,684425,0.41479989193500677,0.07639947788826934,0.0
1690209718934228197,684426,0.41479944310322525,0.07637682370812225,0.0
1690209718934910887,684426,0.4148666732332234,0.07631203827934967,0.0
1690209718935617079,684426,0.41484974504349836,0.07635011002248764,0.0
1690209718935809214,684426,0.41479803743836297,0.07645398627071277,0.0
1690209718936251672,684426,0.41484598799368555,0.07638413686608557,0.0
1690209718936289622,684426,0.4148239828024354,0.07634811357052664,0.0
1690209718936307667,684426,0.41481800216551823,0.07638627676124186,0.0
1690209718936321335,684426,0.4148081245846193,0.07640986513202666,0.0
1690209718936364630,684426,0.41478770623552763,0.0763809525698386,0.0
1690209718936372849,684426,0.41467497584234214,0.07647587595412607,0.0
1690209718942056543,684427,0.41469235597228393,0.07650021857053638,0.0
1690209718943206081,684427,0.41481474020570347,0.07632507661660987,0.0
1690209718943410282,684427,0.41473750108040663,0.076371858994753,0.0
1690209718943643287,684427,0.414698357884297,0.07640099170020795,0.0
1690209718943653053,684427,0.41480131175232626,0.07625910755015758,0.0
1690209718943659746,684427,0.41485026992040297,0.07626862066802327,0.0
1690209718943678344,684427,0.4148223505736944,0.07634294491799266,0.0
1690209718943688167,684427,0.4148805362720433,0.07625984282956039,0.0
1690209718943704224,684427,0.41494657343262475,0.07620191452455244,0.0
1690209718943715289,684427,0.4149435092697176,0.07624412588249145,0.0
1690209718949776223,684428,0.41500255507046085,0.07620559050719904,0.0
1690209718950081674,684428,0.41492853291011395,0.0762908681139646,0.0
1690209718950969006,684428,0.4149007564159617,0.07631721818929145,0.0
1690209718951378589,684428,0.4148839332822161,0.07628774435607638,0.0
1690209718951479565,684428,0.41488944176790077,0.0763332706863044,0.0
1690209718951870687,684428,0.4148600914132649,0.07635892883254654,0.0
1690209718951882144,684428,0.414815996596973,0.07634330640160136,0.0
1690209718951889997,684428,0.41483891104367465,0.07632936282370366,0.0
1690209718951905648,684428,0.41487583114342097,0.07632321565389992,0.0
1690209718951924041,684428,0.41490365534632423,0.0762873555132664,0.0
1690209718957946377,684429,0.41484707762729817,0.07641204507456457,0.0
1690209718959079522,684429,0.41488481728126597,0.07639951306581469,0.0
1690209718959221487,684429,0.41492872478234066,0.07636112542829135,0.0
1690209718959461350,684429,0.4149143273930483,0.07641767175399462,0.0
1690209718959475754,684429,0.4148689868333505,0.07648146044683685,0.0
1690209718959484700,684429,0.4148625629845529,0.0764672344767601,0.0
1690209718960032029,684429,0.4147466740060868,0.07656052166101633,0.0
1690209718960125511,684429,0.4147602957859107,0.07658331199988636,0.0
1690209718960326294,684429,0.41484740999761827,0.07643479598515647,0.0
1690209718960345674,684429,0.41478399413120715,0.0764668204670114,0.0
1690209718967447893,684430,0.4148399685709157,0.0764010672638656,0.0
1690209718968617038,684430,0.4149422730509969,0.07625203688260804,0.0
1690209718969002081,684430,0.4150187427117944,0.07622741243962636,0.0
1690209718969214268,684430,0.415037192353903,0.07625262403537249,0.0
1690209718969559821,684430,0.41507322044006323,0.07620267427365918,0.0
1690209718969577144,684430,0.4151372934138961,0.07612193340908381,0.0
1690209718969606065,684430,0.415023723576065,0.07625807531819653,0.0
1690209718969612546,684430,0.4150524976733472,0.0762457804891054,0.0
1690209718969651056,684430,0.41497900775811986,0.07630205582138642,0.0
1690209718969665089,684430,0.41484136761358464,0.07645375234526636,0.0
1690209718975716486,684431,0.4148513476985079,0.07639874395973374,0.0
1690209718975832005,684431,0.41479845963318035,0.07645925476755923,0.0
1690209718976175751,684431,0.4147894390117338,0.07648752445251675,0.0
1690209718976253262,684431,0.41473753518899814,0.07652041356353274,0.0
1690209718976509074,684431,0.4147735856848237,0.07650661361970897,0.0
1690209718976526978,684431,0.4147460596428172,0.0765823790603363,0.0
1690209718976543636,684431,0.4147798909443413,0.07657745480415702,0.0
1690209718976552442,684431,0.41472166041757413,0.0766783297569042,0.0
1690209718976577787,684431,0.41467616744235686,0.07674500050721283,0.0
1690209718976582697,684431,0.41466214676227464,0.07668480437488556,0.0
1690209718984196514,684432,0.41466758354279054,0.07670339581564675,0.0
1690209718984632569,684432,0.41464207227999894,0.0767086695608736,0.0
1690209718985532539,684432,0.41460696282794984,0.07670436743479339,0.0
1690209718985652775,684432,0.41463942940707277,0.07664108306782051,0.0
1690209718986039712,684432,0.4146330080024266,0.07662155684556131,0.0
1690209718986055540,684432,0.41484050591977517,0.07638090617542607,0.0
1690209718986065097,684432,0.4148821519894931,0.07629785303445898,0.0
1690209718986087552,684432,0.4149808014792189,0.07625213001706428,0.0
1690209718986096369,684432,0.41509516736482965,0.07609335408509563,0.0
1690209718986109861,684432,0.4151501971725826,0.07608924910301999,0.0
1690209718991948178,684433,0.41519960549956536,0.07607993516327871,0.0
1690209718993194771,684433,0.4151650420865579,0.07609618046532579,0.0
1690209718993217829,684433,0.4152189369878073,0.07603982809447384,0.0
1690209718993487652,684433,0.41511403611586845,0.07615642531001421,0.0
1690209718993495462,684433,0.4151551140639536,0.07613992649556928,0.0
1690209718993502313,684433,0.4150169629687818,0.07625937988232044,0.0
1690209718993518221,684433,0.4148974083615229,0.07640890582920284,0.0
1690209718993528874,684433,0.41487849668134874,0.07638261052330256,0.0
1690209718993543397,684433,0.4148397731363578,0.07645583469482559,0.0
1690209718993552194,684433,0.41483674294463,0.07649954051232123,0.0
1690209719001176576,684434,0.41476462009762316,0.076545726831229,0.0
1690209719001608343,684434,0.4147977234224624,0.07654338318055824,0.0
1690209719001872823,684434,0.4147127784084904,0.07667699071025753,0.0
1690209719001887157,684434,0.41473344776385046,0.07667089356190368,0.0
1690209719001901520,684434,0.4146299596918826,0.07679522986309288,0.0
1690209719001914804,684434,0.4145440233763864,0.07690820092593795,0.0
1690209719001929585,684434,0.4145512483813468,0.07686875241529796,0.0
1690209719001953434,684434,0.4145202883686178,0.07691429383453263,0.0
1690209719001974359,684434,0.4145266581803363,0.07693148528310531,0.0
1690209719001985645,684434,0.4145189943655037,0.07690927571229647,0.0
1690209719008701779,684435,0.4145938374069987,0.07683067203822393,0.0
1690209719009156858,684435,0.41459017219931704,0.07681999308893049,0.0
1690209719009726787,684435,0.41467012766152034,0.07670329639371894,0.0
1690209719009869182,684435,0.4147081855981801,0.07663416279344666,0.0
1690209719010140277,684435,0.41474563867322095,0.07656047007096431,0.0
1690209719010147831,684435,0.41480540202389193,0.07644077546983279,0.0
1690209719010150975,684435,0.4148287559007513,0.07638914294884447,0.0
1690209719010162316,684435,0.4148709554903638,0.07633318087528203,0.0
1690209719010171952,684435,0.41487504408458353,0.07627369416929482,0.0
1690209719010207595,684435,0.41489457317618833,0.07620573282252151,0.0
1690209719017190956,684436,0.4149597827076882,0.07612762886290549,0.0
1690209719017953360,684436,0.414987877076977,0.07606651797245616,0.0
1690209719018081799,684436,0.41501546186835886,0.07606979624768924,0.0
1690209719018334354,684436,0.41500514326055304,0.07605638510227547,0.0
1690209719018345099,684436,0.4150378815055587,0.0760443421928424,0.0
1690209719018354480,684436,0.4150603094678634,0.0760410101064519,0.0
1690209719018361702,684436,0.4150249574858706,0.07608526399080204,0.0
1690209719018367851,684436,0.41503572450054155,0.07608811315534666,0.0
1690209719018377861,684436,0.41496265369347535,0.07616473128525592,0.0
1690209719018394391,684436,0.4149704095812376,0.07620577403181841,0.0
1690209719025272369,684437,0.41486838397951775,0.07631588741654895,0.0
1690209719025898427,684437,0.4147719079102434,0.07647737108082477,0.0
1690209719026156282,684437,0.4147279412556777,0.07651745233602784,0.0
1690209719026394812,684437,0.4146560835038854,0.07660311858355698,0.0
1690209719026401335,684437,0.4146724862333856,0.07665722396556872,0.0
1690209719026405206,684437,0.41461800058406306,0.07669208577996053,0.0
1690209719026409278,684437,0.4146201357595256,0.07672236312648889,0.0
1690209719026427233,684437,0.414540272309692,0.07683178390215833,0.0
1690209719026433934,684437,0.41456199472272065,0.07680745328051122,0.0
1690209719026445791,684437,0.41461154197806205,0.07671406835411236,0.0
1690209719033035139,684438,0.41457754250229323,0.07676185589823101,0.0
1690209719033217066,684438,0.4146586677085677,0.07666268380160147,0.0
1690209719033551114,684438,0.4146735635442135,0.07660171299526605,0.0
1690209719033961526,684438,0.41464182956338536,0.07663256616345109,0.0
1690209719034127575,684438,0.4146845028221368,0.07660745646657101,0.0
1690209719034340900,684438,0.41472232168197315,0.07651122406009334,0.0
1690209719034349514,684438,0.41474167129928197,0.07648192774089868,0.0
1690209719034354652,684438,0.4146987929697699,0.07651053546101418,0.0
1690209719034357940,684438,0.4147973089607035,0.07638921368464423,0.0
1690209719034372809,684438,0.4148324482312669,0.07629713766119736,0.0
1690209719042219278,684439,0.41479704560227276,0.07630644648872496,0.0
1690209719042499342,684439,0.4148984681289347,0.07622231808248459,0.0
1690209719042939786,684439,0.4149045274553704,0.07616886399717986,0.0
1690209719042970587,684439,0.41490646969727973,0.0761751234111265,0.0
1690209719042974514,684439,0.41493629414977345,0.07617044023716908,0.0
1690209719043148579,684439,0.41495855401091547,0.07613246557747395,0.0
1690209719043156849,684439,0.41498972734505,0.0761418249225507,0.0
1690209719043170121,684439,0.4148532498819406,0.07632393770086725,0.0
1690209719043174849,684439,0.4148744215585958,0.07638702466517931,0.0
1690209719043183011,684439,0.41481816775283226,0.07641711449022037,0.0
1690209719049711774,684440,0.4147596149757506,0.07653003368176306,0.0
1690209719049840821,684440,0.41475532386549124,0.07658818043884101,0.0
1690209719050064455,684440,0.4146995272077563,0.07661772543531402,0.0
1690209719050336262,684440,0.41468064699291185,0.07667889183302498,0.0
1690209719050378747,684440,0.4145374267155455,0.07685048211559632,0.0
1690209719050498891,684440,0.41456491463806333,0.07683165886015089,0.0
1690209719050508810,684440,0.4145216408130823,0.0768413119777782,0.0
1690209719050512951,684440,0.41444344145692646,0.07693579410411786,0.0
1690209719050517307,684440,0.4145183204508358,0.0768749846790672,0.0
1690209719050528462,684440,0.4145361607883502,0.07681835741108328,0.0
1690209719060524445,684441,0.4145370192599387,0.07683738223262718,0.0
1690209719060599626,684441,0.41455287692755005,0.07685359691051527,0.0
1690209719060789399,684441,0.41459514340024584,0.07676154282948852,0.0
1690209719061324918,684441,0.414616430373588,0.07672257418361435,0.0
1690209719061347788,684441,0.41457848497532884,0.07675057719360132,0.0
1690209719061383888,684441,0.41468523481564923,0.07662097802059337,0.0
1690209719061400533,684441,0.4147182299711128,0.07652569606504109,0.0
1690209719061415819,684441,0.414699731828885,0.07651142759272198,0.0
1690209719061423867,684441,0.4147759514231989,0.07646026294111165,0.0
1690209719061437559,684441,0.41477538204291825,0.07638943731599906,0.0
1690209719066570205,684442,0.414776988647215,0.07638028575749704,0.0
1690209719066875792,684442,0.4147971940470246,0.07635158234882776,0.0
1690209719066977945,684442,0.4148376104683784,0.07627752926875866,0.0
1690209719067202246,684442,0.41486809080566794,0.07627892926315664,0.0
1690209719067315944,684442,0.41472179291550154,0.07643809175717109,0.0
1690209719067417438,684442,0.41472132549852825,0.07652062283476585,0.0
1690209719067710670,684442,0.41466438068211703,0.07655194977791933,0.0
1690209719067882025,684442,0.41457215696962624,0.07669977564856965,0.0
1690209719067893565,684442,0.414554566856945,0.0767695705351366,0.0
1690209719067904969,684442,0.4144828109861229,0.07683290318702482,0.0
1690209719075727319,684443,0.4144770228995247,0.07688791741154694,0.0
1690209719075892362,684443,0.41435310617740767,0.0770485431008106,0.0
1690209719076818552,684443,0.41440703488622554,0.07699951971518235,0.0
1690209719076941487,684443,0.41441840482673975,0.07694932602093024,0.0
1690209719077299154,684443,0.41435602874910554,0.07702100707766345,0.0
1690209719077318098,684443,0.41441801232406483,0.0769497752751361,0.0
1690209719077330336,684443,0.41440529195857634,0.0769127288196099,0.0
1690209719077341071,684443,0.4144003477589008,0.07692562039492548,0.0
1690209719077369853,684443,0.41443531608816664,0.07689688691485533,0.0
1690209719077454524,684443,0.41446496751930173,0.07677986130478726,0.0
1690209719084253214,684444,0.4144711105722561,0.076760404321017,0.0
1690209719085163708,684444,0.41447396963374056,0.07673542728882167,0.0
1690209719085359236,684444,0.4145462613947819,0.07662187080209115,0.0
1690209719085617916,684444,0.4145756144525613,0.07654124049900825,0.0
1690209719085848007,684444,0.4145191291809158,0.07658142351508931,0.0
1690209719086122113,684444,0.41463559995083554,0.07650745057630388,0.0
1690209719086144495,684444,0.4146374668796692,0.07644772689382287,0.0
1690209719086154894,684444,0.41462495027147117,0.07647672167603513,0.0
1690209719086169903,684444,0.4146328278409807,0.07649856098152272,0.0
1690209719086181966,684444,0.4146821593535217,0.0764350429344168,0.0
1690209719091898273,684445,0.41468498921085795,0.07644563781787306,0.0
1690209719093205763,684445,0.41469923567610284,0.07649665901758959,0.0
1690209719093282310,684445,0.41473801532185967,0.07651643363646593,0.0
1690209719093619785,684445,0.4147219952230368,0.0765602513017411,0.0
1690209719093628551,684445,0.41464124788432233,0.07665588971490883,0.0
1690209719093645117,684445,0.4146392761402399,0.07669594001361037,0.0
1690209719093652201,684445,0.4146485247668622,0.07668963133131246,0.0
1690209719093658270,684445,0.4145318858307241,0.07682125936416942,0.0
1690209719093671333,684445,0.41448227099731744,0.07689934199282486,0.0
1690209719093692346,684445,0.41448592943868534,0.07688217305625529,0.0
1690209719100105233,684446,0.4144698538590599,0.07687430880430861,0.0
1690209719100419986,684446,0.4144145506738216,0.07693813948066022,0.0
1690209719101095049,684446,0.4144819892093693,0.07692523557717316,0.0
1690209719101516877,684446,0.4145165999993323,0.07686191342005737,0.0
1690209719101753368,684446,0.4144910998132588,0.0769244474244311,0.0
1690209719101764927,684446,0.41455170942906666,0.07690948301763123,0.0
1690209719101821872,684446,0.4145677648921732,0.07687649309205435,0.0
1690209719101833261,684446,0.4145904513604145,0.07684843874725134,0.0
1690209719101842099,684446,0.41450844910153306,0.07693805767295944,0.0
1690209719101856412,684446,0.41456926767446683,0.07686565411028032,0.0
1690209719109243754,684447,0.4146045567613173,0.07675606376785697,0.0
1690209719109382045,684447,0.41450511632316667,0.07683588097518035,0.0
1690209719109567680,684447,0.41454478935330985,0.07676139643033095,0.0
1690209719109943048,684447,0.41456841976738973,0.07667231222598962,0.0
1690209719110122655,684447,0.4145796053517931,0.0766238502396763,0.0
1690209719110916786,684447,0.4145631558164582,0.07665044477724607,0.0
1690209719111066130,684447,0.4146351956101856,0.07654429214059096,0.0
1690209719111323099,684447,0.41466222761610555,0.07649923747184041,0.0
1690209719111341890,684447,0.41468356929493533,0.07649721003382823,0.0
1690209719111352905,684447,0.41473096840349194,0.0764916613255518,0.0
1690209719116875545,684448,0.4147749385050149,0.07652529431119134,0.0
1690209719117835935,684448,0.4147220102143626,0.07654861631439991,0.0
1690209719118065330,684448,0.41471470359852003,0.07660198682442283,0.0
1690209719118448566,684448,0.41472743542648366,0.07661810817225738,0.0
1690209719118471471,684448,0.4146784220727477,0.07665643042966891,0.0
1690209719118495364,684448,0.4146030656387127,0.07675301035376587,0.0
1690209719118510031,684448,0.41448920492103136,0.07690215366786161,0.0
1690209719118516200,684448,0.4146068430791496,0.07676893219978274,0.0
1690209719118544611,684448,0.41456276999861247,0.07681421984617832,0.0
1690209719118555925,684448,0.414546259726553,0.07689481058446926,0.0
1690209719126877771,684449,0.4145815221403997,0.07680795088592991,0.0
1690209719127369691,684449,0.414590828622565,0.0767766414241624,0.0
1690209719127564630,684449,0.4146054963958069,0.07682827125475118,0.0
1690209719127692777,684449,0.4146112411861469,0.07681456354298084,0.0
1690209719128038339,684449,0.4146652047753597,0.07672667028055319,0.0
1690209719128216920,684449,0.4145648072661877,0.0768587468680193,0.0
1690209719128607702,684449,0.41462885380969766,0.0768017414509658,0.0
1690209719128815902,684449,0.41469856882537126,0.07672553474823922,0.0
1690209719128992769,684449,0.4145837796425246,0.07681017193388638,0.0
1690209719129002047,684449,0.41458054636443054,0.07682812040676866,0.0
1690209719134057952,684450,0.41458723539025827,0.07678273317209625,0.0
1690209719134917498,684450,0.4145961059977972,0.07678373684898442,0.0
1690209719135151275,684450,0.41455615400847984,0.07683298288034879,0.0
1690209719135238029,684450,0.4145510210836372,0.07681698812166941,0.0
1690209719135476094,684450,0.4146018993074392,0.07673719845197988,0.0
1690209719135483444,684450,0.4145656830914325,0.0767143209076792,0.0
1690209719135486821,684450,0.41458427963551575,0.07676359264144648,0.0
1690209719135536179,684450,0.41461576411459855,0.0767452157392165,0.0
1690209719135547194,684450,0.4145638777727861,0.07673267726686932,0.0
1690209719135555135,684450,0.41459281852841334,0.0767188898660781,0.0
1690209719142646077,684451,0.4146178468178196,0.07670700915913214,0.0
1690209719142943444,684451,0.4146690037259503,0.07663726318207256,0.0
1690209719143175288,684451,0.414654288460512,0.07664579773960067,0.0
1690209719143855167,684451,0.4145757588797013,0.07674007051760937,0.0
1690209719143997714,684451,0.41461314158271,0.0766846081986999,0.0
1690209719144177304,684451,0.414581237224016,0.07672196423685869,0.0
1690209719144187969,684451,0.414552439811829,0.07681509861185264,0.0
1690209719144629517,684451,0.41459462944331527,0.07672506440509769,0.0
1690209719144723288,684451,0.41457860843385386,0.07672037936145593,0.0
1690209719144883559,684451,0.4145960835363388,0.0767858666481852,0.0
1690209719150483562,684452,0.41460168671516195,0.07679221521920292,0.0
1690209719150855588,684452,0.4146402145066522,0.07670481584890691,0.0
1690209719151140759,684452,0.4145378891997821,0.07683075417830708,0.0
1690209719151317667,684452,0.41459726162044763,0.07677488578038723,0.0
1690209719151573878,684452,0.41468388793262634,0.07668588654260287,0.0
1690209719152072055,684452,0.41457528417462797,0.07680092847188089,0.0
1690209719152189170,684452,0.4146051705043255,0.07678847094967814,0.0
1690209719152354703,684452,0.4146510220995274,0.07673537099572354,0.0
1690209719152369593,684452,0.4146355027877001,0.07674898417858247,0.0
1690209719152380919,684452,0.41461867407527725,0.07683277675657141,0.0
1690209719158121907,684453,0.41460707932247476,0.07682352100077489,0.0
1690209719159077393,684453,0.4145744154241182,0.07685163527928018,0.0
1690209719159409846,684453,0.4145793506163664,0.07682248302010625,0.0
1690209719159602631,684453,0.41454764015727597,0.07684927144233995,0.0
1690209719159810114,684453,0.41453358182984723,0.07689949187564449,0.0
1690209719159825889,684453,0.41446593932143183,0.07686890102104355,0.0
1690209719159832849,684453,0.4144696546413758,0.07685342135619595,0.0
1690209719159848614,684453,0.4145077990728663,0.0768264983981247,0.0
1690209719159863378,684453,0.4144927038787376,0.07680412805282923,0.0
1690209719159871208,684453,0.4145480393031626,0.07675696243740873,0.0
1690209719166858561,684454,0.41458638561933214,0.07672713760504528,0.0
1690209719167240252,684454,0.4147394849526065,0.07658651984740182,0.0
1690209719168133712,684454,0.41481510572007346,0.07648838653993459,0.0
1690209719168447808,684454,0.41480997039646617,0.07657893134515419,0.0
1690209719168700961,684454,0.41480896422215996,0.07654901563794986,0.0
1690209719168713733,684454,0.4147937885358164,0.07651100552069087,0.0
1690209719168746245,684454,0.41478253942677334,0.07655745698984544,0.0
1690209719168763703,684454,0.4147366334730428,0.07661503900641747,0.0
1690209719168820036,684454,0.41473824118247044,0.07658434256427595,0.0
1690209719168833605,684454,0.4146678901470159,0.07667298854428341,0.0
1690209719175296903,684455,0.4146764030670649,0.07665712622451176,0.0
1690209719176409263,684455,0.4146801014339978,0.07669203544112216,0.0
1690209719176484724,684455,0.4146480914210777,0.07680331359217028,0.0
1690209719176778547,684455,0.4146638952357073,0.07679438710921578,0.0
1690209719176800422,684455,0.41467930861592917,0.07683095246463077,0.0
1690209719176812817,684455,0.41469524202505903,0.07690188528410627,0.0
1690209719176822701,684455,0.4146799065156396,0.07696764561638386,0.0
1690209719176830199,684455,0.4145823392131417,0.07705377044251394,0.0
1690209719176858348,684455,0.4144673921741965,0.07718622712740529,0.0
1690209719176866605,684455,0.41449527695943,0.07713154675469724,0.0
1690209719183289956,684456,0.41444083765444123,0.07714104097064288,0.0
1690209719184621844,684456,0.4143351323667988,0.07723190071191126,0.0
1690209719184844464,684456,0.4143120211349768,0.0771636973799455,0.0
1690209719184860244,684456,0.4143404483158916,0.07706967397090375,0.0
1690209719185164933,684456,0.4143553700895836,0.0770564719855606,0.0
1690209719185181846,684456,0.4144173792950099,0.07694824592149789,0.0
1690209719185189989,684456,0.4145231960971132,0.07680820133450168,0.0
1690209719185198377,684456,0.4146033257966776,0.07670257396624092,0.0
1690209719185204532,684456,0.4147740491897582,0.07653254054096292,0.0
1690209719185297189,684456,0.41489847698848226,0.0764508637150013,0.0
1690209719194409823,684457,0.4149271793875418,0.07643862906940854,0.0
1690209719194684657,684457,0.4150021939580636,0.07634715103000066,0.0
1690209719194952542,684457,0.41506152008795777,0.07629149963230812,0.0
1690209719195234165,684457,0.4151057505707782,0.07626071791964248,0.0
1690209719195250356,684457,0.41506691553546443,0.07627296336846064,0.0
1690209719195261004,684457,0.41495484913296915,0.07638229073386964,0.0
1690209719195276998,684457,0.4149499632211985,0.07639172446005835,0.0
1690209719195323118,684457,0.41495782278110394,0.07636008824686889,0.0
1690209719195332416,684457,0.41490779897852403,0.07644833965089239,0.0
1690209719195521421,684457,0.41484361928079627,0.07652738678984204,0.0
1690209719201235917,684458,0.41484318597813624,0.07649199732254554,0.0
1690209719202191613,684458,0.4148678163711376,0.07649218017590349,0.0
1690209719202324424,684458,0.4148546749686356,0.07656814163487712,0.0
1690209719202706300,684458,0.4148955788686342,0.07656824254898924,0.0
1690209719202729325,684458,0.4148416041483876,0.07662088429136811,0.0
1690209719202736131,684458,0.41475271285395965,0.07673645947124712,0.0
1690209719202793839,684458,0.41482099015078977,0.07673402831599929,0.0
1690209719202801419,684458,0.4147147203689675,0.07685535707257864,0.0
1690209719202830351,684458,0.4146038720551445,0.07699192393704435,0.0
1690209719202844079,684458,0.4145231965627529,0.07698615867632941,0.0
1690209719209517590,684459,0.4145137801628458,0.07699775784583292,0.0
1690209719209990567,684459,0.4145121184277003,0.0770046273945092,0.0
1690209719210412174,684459,0.4144368419287289,0.07704711006252656,0.0
1690209719210879760,684459,0.41451946029485026,0.07695389233325632,0.0
1690209719210885988,684459,0.4145153386644685,0.07686126302015882,0.0
1690209719210889159,684459,0.4146467692082451,0.07671045316671042,0.0
1690209719211086146,684459,0.41470790468661517,0.07663223405251886,0.0
1690209719211105502,684459,0.4147380216749802,0.07658389679717,0.0
1690209719211111486,684459,0.41478780452084757,0.07644134508866683,0.0
1690209719211116837,684459,0.4148217283404262,0.07639443252456493,0.0
1690209719216984058,684460,0.4149878135370598,0.07625286965006955,0.0
1690209719217373553,684460,0.41496115815816653,0.07623206210877638,0.0
1690209719217790967,684460,0.4149889646738937,0.0762080073584736,0.0
1690209719217853678,684460,0.41503787368369194,0.07617130584606314,0.0
1690209719218069391,684460,0.41509584345141565,0.07614838196247876,0.0
1690209719218077455,684460,0.4150755305367224,0.07619131723914435,0.0
1690209719218090789,684460,0.4150130187063743,0.07630394066034019,0.0
1690209719218102629,684460,0.41505315127702397,0.07627212494177343,0.0
1690209719218108175,684460,0.4149778360386681,0.07638834833518926,0.0
1690209719218115512,684460,0.4149529157530888,0.07648123704545692,0.0
1690209719225615099,684461,0.4148709153789116,0.0766032515878363,0.0
1690209719225981311,684461,0.41479736362460473,0.0766972370896777,0.0
1690209719226623065,684461,0.4146476522820184,0.07684968722221837,0.0
1690209719227345447,684461,0.41460537421242316,0.07694916821814361,0.0
1690209719227391891,684461,0.41460064958786425,0.07693162081004673,0.0
1690209719227557285,684461,0.4144813005945434,0.07704938426147373,0.0
1690209719227891480,684461,0.4144679396989096,0.07703832135119656,0.0
1690209719227914760,684461,0.4144608255871093,0.07702998954342365,0.0
1690209719227928970,684461,0.4144939275087028,0.07700305490022,0.0
1690209719227943684,684461,0.41444383733850837,0.07704332184553873,0.0
1690209719234155663,684462,0.4145134104059497,0.07696254689181163,0.0
1690209719235310135,684462,0.41456514179664794,0.07682942444985486,0.0
1690209719235613639,684462,0.41450651272119465,0.07689704641480496,0.0
1690209719235825821,684462,0.4145688479392695,0.07681169345377382,0.0
1690209719235837734,684462,0.41458562755155953,0.076761003784604,0.0
1690209719235847687,684462,0.41456094650102526,0.07672288957451891,0.0
1690209719235863413,684462,0.41462135784218135,0.07665171210230347,0.0
1690209719235879187,684462,0.4147219860784669,0.07651272764386062,0.0
1690209719235888113,684462,0.41472095627339495,0.07646937720406612,0.0
1690209719235894608,684462,0.4147460978781209,0.07643495682909934,0.0
1690209719242584042,684463,0.41481039522089347,0.07634474810522568,0.0
1690209719243402176,684463,0.4148928630812003,0.07634442506271874,0.0
1690209719243611171,684463,0.41486991784311045,0.07638603783580863,0.0
1690209719243883916,684463,0.41484833148807754,0.07648573558937877,0.0
1690209719243902482,684463,0.4148610884459166,0.07652720628321028,0.0
1690209719244235304,684463,0.4147518225522001,0.07660781755302776,0.0
1690209719244246572,684463,0.41474416148584703,0.07668485433031358,0.0
1690209719244253461,684463,0.41460571519952255,0.07681701004607136,0.0
1690209719244276146,684463,0.4145299496725777,0.07690425758521327,0.0
1690209719244287921,684463,0.41445281129082145,0.07696012970229121,0.0
1690209719250986290,684464,0.4143791150701802,0.07706290094187865,0.0
1690209719251214436,684464,0.4144626106404991,0.0769642518718389,0.0
1690209719251493012,684464,0.41435773633192896,0.07701873879627479,0.0
1690209719252473236,684464,0.41440765555663694,0.07700693546391912,0.0
1690209719252490994,684464,0.4144372388343336,0.07696773871078608,0.0
1690209719252776038,684464,0.41450658075526436,0.0768922451726851,0.0
1690209719252793774,684464,0.414493674819832,0.07695425975776336,0.0
1690209719252805927,684464,0.41450386795020056,0.07691807850232223,0.0
1690209719252818409,684464,0.4145964201243006,0.07680227623212948,0.0
1690209719252826239,684464,0.4145109081814318,0.07690646315327224,0.0
1690209719258664496,684465,0.4145269436880072,0.07690316266039551,0.0
1690209719259882080,684465,0.4145454558275272,0.07685607385094048,0.0
1690209719260009049,684465,0.4144757106758289,0.07688379628021147,0.0
1690209719260376747,684465,0.41449639597109217,0.07686453481735862,0.0
1690209719260384625,684465,0.41449505355658134,0.07683689457706029,0.0
1690209719260394450,684465,0.41450227333587114,0.0768047373003454,0.0
1690209719260418987,684465,0.4145096823026651,0.07673522039638934,0.0
1690209719260428043,684465,0.41455148253349433,0.07667321808613918,0.0
1690209719260436636,684465,0.4145995604811043,0.07664620929361694,0.0
1690209719260468362,684465,0.41457821358324615,0.07664972587053873,0.0
1690209719267410070,684466,0.4145786589149822,0.07666900391459118,0.0
1690209719268537995,684466,0.41458373729538434,0.07667744026606835,0.0
1690209719268764027,684466,0.41465952268112294,0.07656405614755497,0.0
1690209719269103185,684466,0.4146824015990837,0.07655852236556318,0.0
1690209719269111719,684466,0.4146291719609698,0.07666639689436468,0.0
1690209719269129966,684466,0.4146853846047941,0.07659399882836544,0.0
1690209719269137112,684466,0.4146662743944155,0.07665618993790461,0.0
1690209719269144227,684466,0.4146369344049593,0.07673571676510395,0.0
1690209719269171111,684466,0.414692350128683,0.07663824826770485,0.0
1690209719269183771,684466,0.4146545490033846,0.07667726508753477,0.0
1690209719275629246,684467,0.41456217587048044,0.0767781097092781,0.0
1690209719275824218,684467,0.4145763995311874,0.07674336823669782,0.0
1690209719276093703,684467,0.41453588782811973,0.07677271913191563,0.0
1690209719276204660,684467,0.4144996444276555,0.0768685252936802,0.0
1690209719276516712,684467,0.41452785992333985,0.07678082340516813,0.0
1690209719276527875,684467,0.41448962061509975,0.07682345116380589,0.0
1690209719276537653,684467,0.41444451110932007,0.07689938415893506,0.0
1690209719276546335,684467,0.4144556291110655,0.07682820513098035,0.0
1690209719276557281,684467,0.4145006309157021,0.07680023634324899,0.0
1690209719276581296,684467,0.4144415003871637,0.0768703755595693,0.0
1690209719284450786,684468,0.41451266353048183,0.07677685457421785,0.0
1690209719284972173,684468,0.4145006526641421,0.07677919107120273,0.0
1690209719285154278,684468,0.4144810827802884,0.07681716539171561,0.0
1690209719285682766,684468,0.4145554729837049,0.07673095535497088,0.0
1690209719285857278,684468,0.4145338847423998,0.07674624030739617,0.0
1690209719286105592,684468,0.414547016272561,0.07675809223791984,0.0
1690209719286123801,684468,0.4145547442151803,0.07674074573444144,0.0
1690209719286137378,684468,0.41456391907510226,0.07678507105491708,0.0
1690209719286147484,684468,0.41457345957865105,0.07680098017074789,0.0
1690209719286153157,684468,0.41454443579002365,0.07685413795146352,0.0
1690209719291838251,684469,0.41457355942107765,0.07686527624950468,0.0
1690209719292216952,684469,0.41453993597388206,0.07686781360607851,0.0
1690209719292876040,684469,0.41452393001674365,0.0768862310115653,0.0
1690209719293008424,684469,0.4143983615020835,0.07699526099468144,0.0
1690209719293317110,684469,0.41437880462263355,0.07700488122242473,0.0
1690209719293328129,684469,0.4143572345883057,0.0769400677530019,0.0
1690209719293340041,684469,0.4142869182328361,0.07700803827728242,0.0
1690209719293347794,684469,0.4143770455089357,0.07685046945348581,0.0
1690209719293354597,684469,0.41437604267753314,0.0767907637179902,0.0
1690209719293359533,684469,0.41437808593991055,0.07682896129414907,0.0
1690209719301264381,684470,0.4144321091888067,0.07676244840391534,0.0
1690209719302389464,684470,0.4145019656267991,0.07669485333528205,0.0
1690209719302485560,684470,0.41452967515769373,0.07668113570945694,0.0
1690209719302852691,684470,0.4145551088761613,0.0766624302068147,0.0
1690209719302874886,684470,0.4146410955257224,0.07655956167768614,0.0
1690209719302885521,684470,0.4145856278431917,0.07664533858497932,0.0
1690209719302902687,684470,0.4145760473009459,0.07664972503300616,0.0
1690209719302924201,684470,0.4145305754827593,0.07665783837543247,0.0
1690209719302936539,684470,0.4145017899720642,0.07671117257982746,0.0
1690209719302946616,684470,0.41446891425512467,0.0767221956239331,0.0
1690209719309195612,684471,0.41442747830295307,0.0767491057521716,0.0
1690209719309202122,684471,0.4144006963384537,0.0767786891742477,0.0
1690209719309209612,684471,0.41439860052780736,0.07675752200203668,0.0
1690209719309238589,684471,0.41441488728682857,0.07674973919100224,0.0
1690209719309380894,684471,0.41437989424605626,0.07686418263391422,0.0
1690209719309589896,684471,0.4144313707697355,0.0768302606519798,0.0
1690209719309597737,684471,0.41440560785951963,0.0768900495914769,0.0
1690209719309601977,684471,0.41441144658958556,0.07694387185889984,0.0
1690209719309621066,684471,0.41444923698710645,0.0769278941176505,0.0
1690209719309641075,684471,0.4144084717484526,0.0769712429567006,0.0
1690209719317162592,684472,0.41424224482860056,0.07713368252205681,0.0
1690209719317671802,684472,0.41423556022564767,0.07714246555580301,0.0
1690209719317795021,684472,0.41422798620423107,0.0770679934571026,0.0
1690209719317871408,684472,0.4141440591394346,0.077167246913166,0.0
1690209719318407117,684472,0.41413675753179147,0.07708977379754521,0.0
1690209719318552938,684472,0.4141450846243869,0.07701098174114274,0.0
1690209719318881641,684472,0.41419938263660117,0.07692125187188449,0.0
1690209719318906348,684472,0.414227526322413,0.07686185853529635,0.0
1690209719318938523,684472,0.4143842707186159,0.07672901579026833,0.0
1690209719318952432,684472,0.41441021531955236,0.0766406480409733,0.0
1690209719326483560,684473,0.41447002989993936,0.07659530072878824,0.0
1690209719326499726,684473,0.41460445446476835,0.07647311577894045,0.0
1690209719327338700,684473,0.4146789249482695,0.07643299802608114,0.0
1690209719327480017,684473,0.4146830417922111,0.07640711008362276,0.0
1690209719327901987,684473,0.4145911358056489,0.07651275902316812,0.0
1690209719327912594,684473,0.4146444043251082,0.07647131120470622,0.0
1690209719327928958,684473,0.41458698163949415,0.07648699295685948,0.0
1690209719327940840,684473,0.4145283215324572,0.07656208914032696,0.0
1690209719327953320,684473,0.41451946503825954,0.07655906127552921,0.0
1690209719328017973,684473,0.4145333612231807,0.07650270736701137,0.0
1690209719333937408,684474,0.4145130477532954,0.0765400637850004,0.0
1690209719334232176,684474,0.41446484001560335,0.07666716299667135,0.0
1690209719334693373,684474,0.41453534736764314,0.07659238516520096,0.0
1690209719334849686,684474,0.414485630860811,0.07667929631452991,0.0
1690209719334975370,684474,0.4144829912823804,0.0767430602276555,0.0
1690209719335093564,684474,0.4145299965272358,0.07676211921054474,0.0
1690209719335216552,684474,0.4144924824149476,0.07681033061476245,0.0
1690209719335369341,684474,0.41434913771001114,0.0770177232251609,0.0
1690209719335510511,684474,0.4143705207204431,0.07704623379436037,0.0
1690209719335644787,684474,0.4143401271653442,0.07706269670764979,0.0
1690209719341564440,684475,0.4142668687273116,0.07717303019694483,0.0
1690209719341707592,684475,0.4141450710909599,0.07720530901043046,0.0
1690209719342539835,684475,0.414157425302219,0.07718660268801533,0.0
1690209719342649983,684475,0.4141771397267195,0.07708004796572376,0.0
1690209719342926146,684475,0.41411395237906734,0.07711014089088265,0.0
1690209719342939154,684475,0.4141864876365491,0.0770006537862456,0.0
1690209719342946072,684475,0.414192715778844,0.07693652127366479,0.0
1690209719342965176,684475,0.41434911531190055,0.07670682159701124,0.0
1690209719342970627,684475,0.4143705195457937,0.07667528873110582,0.0
1690209719343025802,684475,0.41452954443030493,0.07652653234278813,0.0
1690209719351986924,684476,0.41461476165964734,0.07635869675230236,0.0
1690209719352341891,684476,0.4146462892781769,0.07634148123848748,0.0
1690209719352782025,684476,0.41475897901957415,0.07626176438995567,0.0
1690209719353644465,684476,0.41478562010820064,0.0762727711439604,0.0
1690209719353721250,684476,0.41481107368518416,0.07623564390524598,0.0
1690209719354106667,684476,0.41473657962435845,0.07632473077502169,0.0
1690209719354125477,684476,0.4148184735974814,0.07626628310970476,0.0
1690209719354141758,684476,0.4147294320907886,0.0763457500706493,0.0
1690209719354162971,684476,0.4146727708358946,0.076465233007776,0.0
1690209719354172166,684476,0.4145881568871717,0.07654550573670728,0.0
1690209719358475606,684477,0.41456761226418243,0.07658563252981083,0.0
1690209719359624407,684477,0.4145315502092092,0.07661498397395011,0.0
1690209719359718419,684477,0.41444683780616787,0.07676386381249005,0.0
1690209719360000238,684477,0.41444900325453005,0.07676183522779442,0.0
1690209719360018632,684477,0.4143517921938713,0.07682095057003682,0.0
1690209719360025874,684477,0.4143398781831876,0.07690161415699642,0.0
1690209719360034655,684477,0.4142719557109505,0.07700626643485824,0.0
1690209719360041766,684477,0.41427028522041626,0.0770121543791513,0.0
1690209719360050713,684477,0.41416496941236747,0.07707721275292831,0.0
1690209719360059504,684477,0.414163584502404,0.07711221928379348,0.0
1690209719368001791,684478,0.41423295754479195,0.077048396312765,0.0
1690209719368011223,684478,0.41414652475003033,0.07712320243637552,0.0
1690209719368024193,684478,0.41408559176877724,0.07720271446353619,0.0
1690209719368127420,684478,0.4140962469820343,0.07718212891896277,0.0
1690209719368145404,684478,0.41422816202113627,0.07705643250644426,0.0
1690209719368166310,684478,0.41422797024888597,0.0770738446019349,0.0
1690209719368269369,684478,0.4142026115365977,0.07712503533861399,0.0
1690209719368454148,684478,0.41428218185976257,0.07701235013497407,0.0
1690209719368466389,684478,0.4142699958967994,0.07693381453294927,0.0
1690209719368479166,684478,0.41431963562346424,0.07692865335722011,0.0
1690209719374978348,684479,0.4142985499820667,0.07687995695897737,0.0
1690209719376171683,684479,0.4143163772229689,0.07679679442668835,0.0
1690209719376506239,684479,0.41428867332919905,0.07677737345339633,0.0
1690209719376681766,684479,0.4143371826389645,0.0767225250284834,0.0
1690209719376692162,684479,0.4144773550548483,0.07654147127975963,0.0
1690209719376700740,684479,0.41441198541721447,0.07657989455354099,0.0
1690209719376708403,684479,0.4144748477155972,0.0765345147226055,0.0
1690209719376714081,684479,0.4145631267133793,0.07642759694591328,0.0
1690209719376810813,684479,0.41460848561208097,0.07647637518951385,0.0
1690209719376841353,684479,0.4145942051624744,0.07656259255567009,0.0
1690209719383955960,684480,0.41458657661235204,0.07656302467009551,0.0
1690209719384426048,684480,0.4145224458104945,0.0766647349701674,0.0
1690209719384653517,684480,0.41445848748928255,0.07676393022833332,0.0
1690209719384681690,684480,0.4143956554380851,0.07682356062343507,0.0
1690209719384850942,684480,0.4141943013078805,0.07704829614896784,0.0
1690209719385243429,684480,0.4141209149880167,0.07709089694965257,0.0
1690209719385476226,684480,0.4140732146431041,0.07707857822019631,0.0
1690209719385635791,684480,0.4140465389561381,0.07714862099292974,0.0
1690209719385890960,684480,0.41404126467172414,0.07716026808660462,0.0
1690209719385900367,684480,0.41411607324037186,0.07703852419473269,0.0
1690209719392101327,684481,0.4141518106919024,0.07701939581718946,0.0
1690209719392343702,684481,0.4142478260564776,0.07696436115498863,0.0
1690209719392925576,684481,0.4143517612209627,0.07682618480344663,0.0
1690209719393400718,684481,0.4143333467678101,0.07687333163327052,0.0
1690209719393633779,684481,0.4143579369509513,0.07684446442513546,0.0
1690209719393903993,684481,0.41443657619309776,0.0767485027639464,0.0
1690209719394022442,684481,0.4144154170960894,0.07678418820061972,0.0
1690209719394031734,684481,0.41438547784986474,0.07681229007177674,0.0
1690209719394036698,684481,0.414381732010997,0.0767742299515153,0.0
1690209719394081021,684481,0.41437303964957684,0.0767360172510035,0.0
