kinematics:
  shoulder:
    x: 0
    y: 0
    z: 0.1624236417954984
    roll: -0
    pitch: 0
    yaw: -8.274301199762135e-08
  upper_arm:
    x: 0.0001567344657643713
    y: 0
    z: 0
    roll: 1.569946714929406
    pitch: 0
    yaw: 2.699477164011656e-06
  forearm:
    x: -0.4251448366691101
    y: 0
    z: 0
    roll: 0.001554149003837625
    pitch: 0.001399201766404981
    yaw: -4.163611659487952e-06
  wrist_1:
    x: -0.392183639681303
    y: -0.0005946230730488974
    z: 0.1338647191866126
    roll: 0.004441940832900992
    pitch: -0.00036060804365448
    yaw: 1.4122441111244e-08
  wrist_2:
    x: 6.301671760776333e-05
    y: -0.09963863679273541
    z: 3.754537391531711e-05
    roll: 1.570419511401322
    pitch: 0
    yaw: -3.537247305063219e-07
  wrist_3:
    x: 8.981470625918374e-05
    y: 0.09938182031987046
    z: 4.777702954578818e-05
    roll: 1.571277068903578
    pitch: 3.141592653589793
    yaw: 3.141592553845091
  hash: calib_18414452740895115535